
element_density = [ %density in gm/cm3
8.988000e-005,1.785000e-004,5.340000e-001,1.848000e+000,2.370000e+000,...
2.265000e+000,1.250600e-003,1.429000e-003,1.696000e-003,8.999000e-004,...
9.710000e-001,1.740000e+000,2.699000e+000,2.330000e+000,2.200000e+000,...
2.070000e+000,3.214000e-003,1.783700e-003,8.620000e-001,1.550000e+000,...
2.989000e+000,4.540000e+000,6.110000e+000,7.180000e+000,7.440000e+000,...
7.874000e+000,8.900000e+000,8.902000e+000,8.960000e+000,7.133000e+000,...
5.904000e+000,5.323000e+000,5.730000e+000,4.500000e+000,7.590000e-003,...
3.733000e-003,1.532000e+000,2.540000e+000,4.469000e+000,6.506000e+000,...
8.570000e+000,1.022000e+001,1.150000e+001,1.241000e+001,1.241000e+001,...
1.202000e+001,1.050000e+001,8.650000e+000,7.310000e+000,7.310000e+000,...
6.691000e+000,6.240000e+000,4.930000e+000,5.887000e-003,1.873000e+000,...
3.500000e+000,6.154000e+000,6.657000e+000,6.710000e+000,6.900000e+000,...
7.220000e+000,7.460000e+000,5.243000e+000,7.900000e+000,8.229000e+000,...
8.550000e+000,8.795000e+000,9.066000e+000,9.321000e+000,6.730000e+000,...
9.849000e+000,1.331000e+001,1.665400e+001,1.930000e+001,2.102000e+001,...
2.257000e+001,2.242000e+001,2.145000e+001,1.932000e+001,1.354600e+001,...
1.172000e+001,1.135000e+001,9.747000e+000,9.320000e+000,9.000000e+000,...
9.730000e-003,5.000000e+000,5.000000e+000,1.007000e+001,1.172000e+001,...
1.537000e+001,1.895000e+001,2.025000e+001,1.984000e+001,1.367000e+001,...
1.351000e+001,1.400000e+001,1.400000e+001,1.400000e+001,1.400000e+001 ];