function zr =z1(flag,e)

za = [8.000000e-001,1.467634e+001,1.427786e+001,3.651881e-001,...
 3.354960e-002,0.000000e+000,0.000000e+000,...
 6.786757e+000,6.819010e+000,1.355860e-004,0.000000e+000,...
 1.427737e+001,1.427737e+001,7.432410e-005,0.000000e+000;...
1.000000e+000,7.216895e+000,6.819010e+000,3.476118e-001,...
 5.038863e-002,0.000000e+000,0.000000e+000,...
 6.786757e+000,6.819010e+000,1.355860e-004,0.000000e+000,...
 6.819092e+000,6.818981e+000,1.355363e-004,0.000000e+000;...
1.100000e+000,5.347433e+000,4.949787e+000,3.382800e-001,...
 5.934701e-002,0.000000e+000,0.000000e+000,...
 4.928562e+000,4.949761e+000,1.730029e-004,0.000000e+000,...
 4.949933e+000,4.949731e+000,1.767812e-004,0.000000e+000;...
1.235400e+000,3.764256e+000,3.366729e+000,3.250889e-001,...
 7.243182e-002,0.000000e+000,0.000000e+000,...
 3.337931e+000,3.350580e+000,2.327881e-004,0.000000e+000,...
 3.366963e+000,3.366693e+000,2.386846e-004,0.000000e+000;...
1.250000e+000,3.618305e+000,3.220838e+000,3.236371e-001,...
 7.381187e-002,0.000000e+000,0.000000e+000,...
 3.208838e+000,3.220837e+000,2.398874e-004,0.000000e+000,...
 3.221095e+000,3.220828e+000,2.464976e-004,0.000000e+000;...
1.400000e+000,2.597365e+000,2.200556e+000,3.083192e-001,...
 8.847866e-002,0.000000e+000,0.000000e+000,...
 2.193384e+000,2.200531e+000,3.181338e-004,0.000000e+000,...
 2.200871e+000,2.200553e+000,3.307108e-004,0.000000e+000;...
1.600000e+000,1.801057e+000,1.404726e+000,2.877438e-001,...
 1.085820e-001,0.000000e+000,0.000000e+000,...
 1.401002e+000,1.404733e+000,4.392971e-004,0.000000e+000,...
 1.405207e+000,1.404720e+000,4.593278e-004,0.000000e+000;...
1.785100e+000,1.371748e+000,9.754159e-001,2.688592e-001,...
 1.274427e-001,0.000000e+000,0.000000e+000,...
 9.702418e-001,9.722648e-001,5.639194e-004,0.000000e+000,...
 9.759744e-001,9.754134e-001,5.928332e-004,0.000000e+000;...
1.800000e+000,1.341637e+000,9.454850e-001,2.673358e-001,...
 1.288467e-001,0.000000e+000,0.000000e+000,...
 9.435549e-001,9.454751e-001,5.746344e-004,0.000000e+000,...
 9.460763e-001,9.454581e-001,6.045963e-004,0.000000e+000;...
2.000000e+000,1.058876e+000,6.635003e-001,2.473997e-001,...
 1.479762e-001,0.000000e+000,0.000000e+000,...
 6.626505e-001,6.635003e-001,7.259655e-004,0.000000e+000,...
 6.642746e-001,6.634957e-001,7.663551e-004,0.000000e+000;...
2.200000e+000,8.747498e-001,4.798757e-001,2.286226e-001,...
 1.662634e-001,0.000000e+000,0.000000e+000,...
 4.797274e-001,4.798758e-001,8.875587e-004,0.000000e+000,...
 4.808128e-001,4.798722e-001,9.390804e-004,0.000000e+000;...
2.500000e+000,7.054396e-001,3.107447e-001,2.024375e-001,...
 1.922693e-001,0.000000e+000,0.000000e+000,...
 3.113002e-001,3.107425e-001,1.147975e-003,0.000000e+000,...
 3.119537e-001,3.107432e-001,1.210369e-003,0.000000e+000;...
2.800000e+000,6.047735e-001,2.113929e-001,1.789826e-001,...
 2.143741e-001,0.000000e+000,0.000000e+000,...
 2.124451e-001,2.113911e-001,1.412591e-003,0.000000e+000,...
 2.128831e-001,2.113930e-001,1.493181e-003,0.000000e+000;...
3.200000e+000,5.270783e-001,1.342593e-001,1.524450e-001,...
 2.403740e-001,0.000000e+000,0.000000e+000,...
 1.358366e-001,1.342598e-001,1.776011e-003,0.000000e+000,...
 1.361294e-001,1.342589e-001,1.871836e-003,0.000000e+000;...
3.500000e+000,4.918422e-001,9.900529e-002,1.355020e-001,...
 2.573349e-001,0.000000e+000,0.000000e+000,...
 1.009195e-001,9.900251e-002,2.051346e-003,0.000000e+000,...
 1.011539e-001,9.900501e-002,2.150868e-003,0.000000e+000;...
4.000000e+000,4.538340e-001,6.287900e-002,1.123757e-001,...
 2.785793e-001,0.000000e+000,0.000000e+000,...
 6.529971e-002,6.287900e-002,2.495381e-003,0.000000e+000,...
 6.549010e-002,6.287828e-002,2.610675e-003,0.000000e+000;...
4.500000e+000,4.319861e-001,4.201810e-002,9.427965e-002,...
 2.956896e-001,0.000000e+000,0.000000e+000,...
 4.491755e-002,4.201810e-002,2.943802e-003,0.000000e+000,...
 4.507245e-002,4.201899e-002,3.054443e-003,0.000000e+000;...
5.000000e+000,4.185620e-001,2.929773e-002,8.009678e-002,...
 3.091675e-001,0.000000e+000,0.000000e+000,...
 3.264314e-002,2.929755e-002,3.373410e-003,0.000000e+000,...
 3.277036e-002,2.929684e-002,3.473076e-003,0.000000e+000;...
5.500000e+000,4.095289e-001,2.114288e-002,6.878752e-002,...
 3.195985e-001,0.000000e+000,0.000000e+000,...
 2.491330e-002,2.114292e-002,3.788637e-003,0.000000e+000,...
 2.503540e-002,2.114334e-002,3.892260e-003,0.000000e+000;...
6.300000e+000,3.998148e-001,1.328375e-002,5.502345e-002,...
 3.315052e-001,0.000000e+000,0.000000e+000,...
 1.769606e-002,1.328353e-002,4.422541e-003,0.000000e+000,...
 1.781387e-002,1.328367e-002,4.530733e-003,0.000000e+000;...
7.000000e+000,3.961406e-001,9.261881e-003,4.607223e-002,...
 3.408071e-001,0.000000e+000,0.000000e+000,...
 1.423883e-002,9.262084e-003,4.983034e-003,0.000000e+000,...
 1.428238e-002,9.261873e-003,5.020503e-003,0.000000e+000;...
8.000000e+000,3.900290e-001,5.864504e-003,3.660185e-002,...
 3.475640e-001,0.000000e+000,0.000000e+000,...
 1.156874e-002,5.864504e-003,5.707723e-003,0.000000e+000,...
 1.168961e-002,5.864485e-003,5.825128e-003,0.000000e+000;...
9.000000e+000,3.872808e-001,3.908833e-003,2.974042e-002,...
 3.536338e-001,0.000000e+000,0.000000e+000,...
 1.032061e-002,3.908853e-003,6.413817e-003,0.000000e+000,...
 1.039324e-002,3.908792e-003,6.484449e-003,0.000000e+000;...
1.000000e+001,3.818741e-001,2.719240e-003,2.461810e-002,...
 3.545359e-001,0.000000e+000,0.000000e+000,...
 9.787417e-003,2.719249e-003,7.069459e-003,0.000000e+000,...
 9.803850e-003,2.719181e-003,7.084669e-003,0.000000e+000;...
1.100000e+001,3.827105e-001,1.958300e-003,2.070078e-002,...
 3.600502e-001,0.000000e+000,0.000000e+000,...
 9.685677e-003,1.958314e-003,7.728209e-003,0.000000e+000,...
 9.838067e-003,1.958268e-003,7.879799e-003,0.000000e+000;...
1.239500e+001,3.787496e-001,1.302924e-003,1.660663e-002,...
 3.608388e-001,0.000000e+000,0.000000e+000,...
 9.915935e-003,1.298029e-003,8.618402e-003,0.000000e+000,...
 1.041144e-002,1.302889e-003,9.108106e-003,0.000000e+000;...
1.250000e+001,3.785047e-001,1.260866e-003,1.634734e-002,...
 3.608985e-001,0.000000e+000,0.000000e+000,...
 9.941459e-003,1.260859e-003,8.681078e-003,0.000000e+000,...
 1.045038e-002,1.260881e-003,9.190031e-003,0.000000e+000;...
1.400000e+001,3.757266e-001,8.533620e-004,1.322102e-002,...
 3.616513e-001,0.000000e+000,0.000000e+000,...
 1.042180e-002,8.533895e-004,9.568704e-003,0.000000e+000,...
 1.107906e-002,8.533600e-004,1.022554e-002,0.000000e+000;...
1.600000e+001,3.733489e-001,5.387759e-004,1.026436e-002,...
 3.625474e-001,0.000000e+000,0.000000e+000,...
 1.123861e-002,5.387761e-004,1.070000e-002,0.000000e+000,...
 1.185122e-002,5.387739e-004,1.131230e-002,0.000000e+000;...
1.800000e+001,3.718792e-001,3.591063e-004,8.191296e-003,...
 3.633301e-001,0.000000e+000,0.000000e+000,...
 1.216399e-002,3.591091e-004,1.180498e-002,0.000000e+000,...
 1.252349e-002,3.591023e-004,1.216437e-002,0.000000e+000;...
2.000000e+001,3.685755e-001,2.498193e-004,6.683395e-003,...
 3.616393e-001,0.000000e+000,0.000000e+000,...
 1.313953e-002,2.498193e-004,1.288977e-002,0.000000e+000,...
 1.391021e-002,2.498164e-004,1.366044e-002,0.000000e+000;...
2.200000e+001,3.656958e-001,1.797891e-004,5.554022e-003,...
 3.599606e-001,0.000000e+000,0.000000e+000,...
 1.408290e-002,1.797898e-004,1.390315e-002,0.000000e+000,...
 1.509589e-002,1.797902e-004,1.491585e-002,0.000000e+000;...
2.500000e+001,3.621711e-001,1.156495e-004,4.327031e-003,...
 3.577262e-001,0.000000e+000,0.000000e+000,...
 1.543816e-002,1.156525e-004,1.532253e-002,0.000000e+000,...
 1.651224e-002,1.156475e-004,1.639653e-002,0.000000e+000;...
2.800000e+001,3.591540e-001,7.821489e-005,3.464050e-003,...
 3.556113e-001,0.000000e+000,0.000000e+000,...
 1.677978e-002,7.821439e-005,1.670158e-002,0.000000e+000,...
 1.770496e-002,7.821539e-005,1.762668e-002,0.000000e+000;...
3.200000e+001,3.536279e-001,4.933298e-005,2.662783e-003,...
 3.509156e-001,0.000000e+000,0.000000e+000,...
 1.853591e-002,4.933281e-005,1.848658e-002,0.000000e+000,...
