 
function zr =z10(flag,e)

za = [9.644800e-001,8.160603e+003,8.159111e+003,1.515822e+000,...
 5.128840e-003,0.000000e+000,0.000000e+000,...
 7.358280e+003,7.393396e+003,1.491281e-005,0.000000e+000,...
 8.067074e+003,8.067074e+003,1.363350e-005,0.000000e+000;...
1.000000e+000,7.395127e+003,7.393336e+003,1.632628e+000,...
 5.488449e-003,0.000000e+000,0.000000e+000,...
 7.358280e+003,7.393396e+003,1.491281e-005,0.000000e+000,...
 7.312923e+003,7.312923e+003,1.489832e-005,0.000000e+000;...
1.022400e+000,6.988365e+003,6.986575e+003,1.686047e+000,...
 5.727195e-003,0.000000e+000,0.000000e+000,...
 6.949773e+003,6.982209e+003,1.585920e-005,0.000000e+000,...
 6.912066e+003,6.912066e+003,1.605008e-005,0.000000e+000;...
1.076300e+000,6.190062e+003,6.188271e+003,1.785902e+000,...
 6.300779e-003,0.000000e+000,0.000000e+000,...
 6.149419e+003,6.176676e+003,1.829169e-005,0.000000e+000,...
 6.125573e+003,6.125573e+003,1.889088e-005,0.000000e+000;...
1.100000e+000,5.877604e+003,5.875813e+003,1.815686e+000,...
 6.553849e-003,0.000000e+000,0.000000e+000,...
 5.850559e+003,5.875930e+003,1.943243e-005,0.000000e+000,...
 5.817616e+003,5.817616e+003,2.017598e-005,0.000000e+000;...
1.149600e+000,5.334459e+003,5.332370e+003,1.877312e+000,...
 7.135491e-003,0.000000e+000,0.000000e+000,...
 5.289112e+003,5.311055e+003,2.196483e-005,0.000000e+000,...
 5.281941e+003,5.281941e+003,2.308499e-005,0.000000e+000;...
1.194100e+000,4.868011e+003,4.866220e+003,1.920256e+000,...
 7.658343e-003,0.000000e+000,0.000000e+000,...
 4.840890e+003,4.860222e+003,2.440844e-005,0.000000e+000,...
 4.821647e+003,4.821647e+003,2.577215e-005,0.000000e+000;...
1.250000e+000,4.338594e+003,4.336803e+003,1.964245e+000,...
 8.314296e-003,0.000000e+000,0.000000e+000,...
 4.320179e+003,4.336657e+003,2.771578e-005,0.000000e+000,...
 4.298878e+003,4.298878e+003,2.922636e-005,0.000000e+000;...
1.318200e+000,3.785899e+003,3.783810e+003,1.989791e+000,...
 9.202725e-003,0.000000e+000,0.000000e+000,...
 3.764971e+003,3.778586e+003,3.212235e-005,0.000000e+000,...
 3.752587e+003,3.752587e+003,3.387571e-005,0.000000e+000;...
1.338300e+000,3.634893e+003,3.633102e+003,1.997311e+000,...
 9.464450e-003,0.000000e+000,0.000000e+000,...
 3.616520e+003,3.629400e+003,3.350129e-005,0.000000e+000,...
 3.603313e+003,3.603313e+003,3.527171e-005,0.000000e+000;...
1.390200e+000,3.280953e+003,3.278865e+003,2.013934e+000,...
 1.013950e-002,0.000000e+000,0.000000e+000,...
 3.262663e+003,3.273848e+003,3.723542e-005,0.000000e+000,...
 3.253291e+003,3.253291e+003,3.891639e-005,0.000000e+000;...
1.400000e+000,3.214105e+003,3.212016e+003,2.016351e+000,...
 1.026723e-002,0.000000e+000,0.000000e+000,...
 3.201209e+003,3.212107e+003,3.796904e-005,0.000000e+000,...
 3.187021e+003,3.187021e+003,3.961472e-005,0.000000e+000;...
1.425900e+000,3.072350e+003,3.070261e+003,2.014023e+000,...
 1.063251e-002,0.000000e+000,0.000000e+000,...
 3.046237e+003,3.056417e+003,3.995226e-005,0.000000e+000,...
 3.046602e+003,3.046602e+003,4.157447e-005,0.000000e+000;...
1.500000e+000,2.666334e+003,2.664335e+003,2.007428e+000,...
 1.167941e-002,0.000000e+000,0.000000e+000,...
 2.655890e+003,2.664326e+003,4.582124e-005,0.000000e+000,...
 2.644961e+003,2.644961e+003,4.728896e-005,0.000000e+000;...
1.512500e+000,2.613572e+003,2.611542e+003,2.006324e+000,...
 1.185548e-002,0.000000e+000,0.000000e+000,...
 2.597541e+003,2.605724e+003,4.685809e-005,0.000000e+000,...
 2.592538e+003,2.592538e+003,4.826175e-005,0.000000e+000;...
1.600000e+000,2.243129e+003,2.241129e+003,1.998505e+000,...
 1.308830e-002,0.000000e+000,0.000000e+000,...
 2.234485e+003,2.241138e+003,5.453054e-005,0.000000e+000,...
 2.225872e+003,2.225872e+003,5.686673e-005,0.000000e+000;...
1.611900e+000,2.199617e+003,2.197618e+003,1.996028e+000,...
 1.326676e-002,0.000000e+000,0.000000e+000,...
 2.190598e+003,2.197072e+003,5.563098e-005,0.000000e+000,...
 2.182622e+003,2.182622e+003,5.810215e-005,0.000000e+000;...
1.732100e+000,1.841978e+003,1.839978e+003,1.970751e+000,...
 1.507675e-002,0.000000e+000,0.000000e+000,...
 1.811262e+003,1.816242e+003,6.753583e-005,0.000000e+000,...
 1.828299e+003,1.828299e+003,7.094297e-005,0.000000e+000;...
1.800000e+000,1.642327e+003,1.640357e+003,1.956486e+000,...
 1.610007e-002,0.000000e+000,0.000000e+000,...
 1.636069e+003,1.640398e+003,7.491361e-005,0.000000e+000,...
 1.630428e+003,1.630428e+003,7.842229e-005,0.000000e+000;...
1.897400e+000,1.447481e+003,1.445541e+003,1.930283e+000,...
 1.766862e-002,0.000000e+000,0.000000e+000,...
 1.423154e+003,1.426725e+003,8.601583e-005,0.000000e+000,...
 1.437155e+003,1.437155e+003,8.986980e-005,0.000000e+000;...
1.920700e+000,1.400986e+003,1.399046e+003,1.924016e+000,...
 1.804256e-002,0.000000e+000,0.000000e+000,...
 1.377932e+003,1.381347e+003,8.874421e-005,0.000000e+000,...
 1.391083e+003,1.391083e+003,9.274849e-005,0.000000e+000;...
2.000000e+000,1.242907e+003,1.240997e+003,1.902440e+000,...
 1.929119e-002,0.000000e+000,0.000000e+000,...
 1.238053e+003,1.241000e+003,9.842245e-005,0.000000e+000,...
 1.234137e+003,1.234137e+003,1.036726e-004,0.000000e+000;...
2.158000e+000,1.019859e+003,1.018009e+003,1.853467e+000,...
 2.189590e-002,0.000000e+000,0.000000e+000,...
 1.007832e+003,1.010055e+003,1.195583e-004,0.000000e+000,...
 1.012779e+003,1.012779e+003,1.267158e-004,0.000000e+000;...
2.200000e+000,9.605309e+002,9.586806e+002,1.839351e+000,...
 2.258856e-002,0.000000e+000,0.000000e+000,...
 9.566118e+002,9.586813e+002,1.256023e-004,0.000000e+000,...
 9.538939e+002,9.538939e+002,1.329845e-004,0.000000e+000;...
2.213400e+000,9.449528e+002,9.431025e+002,1.834994e+000,...
 2.282104e-002,0.000000e+000,0.000000e+000,...
 9.410203e+002,9.430438e+002,1.275689e-004,0.000000e+000,...
 9.384294e+002,9.384294e+002,1.350561e-004,0.000000e+000;...
2.352300e+000,8.139415e+002,8.121210e+002,1.789633e+000,...
 2.523714e-002,0.000000e+000,0.000000e+000,...
 7.953491e+002,7.969581e+002,1.490641e-004,0.000000e+000,...
 8.083767e+002,8.083767e+002,1.569702e-004,0.000000e+000;...
2.354800e+000,8.116436e+002,8.098231e+002,1.788827e+000,...
 2.527981e-002,0.000000e+000,0.000000e+000,...
 7.930178e+002,7.946204e+002,1.494698e-004,0.000000e+000,...
 8.060084e+002,8.060084e+002,1.573604e-004,0.000000e+000;...
2.500000e+000,6.752007e+002,6.734102e+002,1.740451e+000,...
 2.773143e-002,0.000000e+000,0.000000e+000,...
 6.721608e+002,6.734400e+002,1.741962e-004,0.000000e+000,...
 6.704745e+002,6.704745e+002,1.839582e-004,0.000000e+000;...
2.576800e+000,6.252135e+002,6.234528e+002,1.714816e+000,...
 2.909227e-002,0.000000e+000,0.000000e+000,...
 6.177407e+002,6.188813e+002,1.876635e-004,0.000000e+000,...
 6.208217e+002,6.208217e+002,1.987397e-004,0.000000e+000;...
2.800000e+000,4.916954e+002,4.900241e+002,1.639641e+000,...
 3.304530e-002,0.000000e+000,0.000000e+000,...
 4.891981e+002,4.900291e+002,2.286066e-004,0.000000e+000,...
 4.881098e+002,4.881098e+002,2.426936e-004,0.000000e+000;...
2.888100e+000,4.535857e+002,4.519443e+002,1.609470e+000,...
 3.457923e-002,0.000000e+000,0.000000e+000,...
 4.484335e+002,4.491719e+002,2.460662e-004,0.000000e+000,...
 4.502114e+002,4.502114e+002,2.622546e-004,0.000000e+000;...
2.901900e+000,4.476469e+002,4.460055e+002,1.604754e+000,...
 3.481499e-002,0.000000e+000,0.000000e+000,...
 4.424701e+002,4.431953e+002,2.488687e-004,0.000000e+000,...
 4.443177e+002,4.443177e+002,2.654035e-004,0.000000e+000;...
3.098400e+000,3.720543e+002,3.704726e+002,1.539129e+000,...
 3.818727e-002,0.000000e+000,0.000000e+000,...
 3.678069e+002,3.683713e+002,2.907843e-004,0.000000e+000,...
 3.691563e+002,3.691563e+002,3.110158e-004,0.000000e+000;...
3.200000e+000,3.377048e+002,3.361828e+002,1.506272e+000,...
 3.993011e-002,0.000000e+000,0.000000e+000,...
 3.356735e+002,3.361722e+002,3.139500e-004,0.000000e+000,...
 3.350129e+002,3.350094e+002,3.349748e-004,0.000000e+000;...
3.201300e+000,3.373766e+002,3.358247e+002,1.505854e+000,...
 3.995398e-002,0.000000e+000,0.000000e+000,...
 3.352874e+002,3.357852e+002,3.142532e-004,0.000000e+000,...
