function zr =z100(flag,e)

za = [9.943600e-001,7.379700e+003,7.376888e+003,2.699610e+000,...
 3.888788e-003,0.000000e+000,0.000000e+000,...
 7.342130e+003,7.377169e+003,1.016661e-005,0.000000e+000,...
 7.376604e+003,7.376604e+003,1.004020e-005,0.000000e+000;...
1.000000e+000,7.375013e+003,7.372436e+003,2.736633e+000,...
 3.918547e-003,0.000000e+000,0.000000e+000,...
 7.342130e+003,7.377169e+003,1.016661e-005,0.000000e+000,...
 7.371428e+003,7.371428e+003,1.016571e-005,0.000000e+000;...
1.061800e+000,7.166702e+003,7.163187e+003,3.457872e+000,...
 4.234880e-003,0.000000e+000,0.000000e+000,...
 7.130328e+003,7.162368e+003,1.162339e-005,0.000000e+000,...
 7.162366e+003,7.162366e+003,1.177313e-005,0.000000e+000;...
1.061800e+000,7.373139e+003,7.369624e+003,3.457872e+000,...
 4.234880e-003,0.000000e+000,0.000000e+000,...
 7.334819e+003,7.367774e+003,1.162583e-005,0.000000e+000,...
 7.368888e+003,7.368888e+003,1.177313e-005,0.000000e+000;...
1.100000e+000,6.953001e+003,6.949252e+003,3.717031e+000,...
 4.430538e-003,0.000000e+000,0.000000e+000,...
 6.927453e+003,6.957495e+003,1.257792e-005,0.000000e+000,...
 6.948702e+003,6.948702e+003,1.277857e-005,0.000000e+000;...
1.250000e+000,5.647131e+003,5.642914e+003,4.132716e+000,...
 5.223714e-003,0.000000e+000,0.000000e+000,...
 5.623162e+003,5.644610e+003,1.673337e-005,0.000000e+000,...
 5.642400e+003,5.642400e+003,1.688400e-005,0.000000e+000;...
1.359600e+000,4.901054e+003,4.896602e+003,4.280338e+000,...
 5.811156e-003,0.000000e+000,0.000000e+000,...
 4.870530e+003,4.887604e+003,2.015174e-005,0.000000e+000,...
 4.896293e+003,4.896293e+003,2.028538e-005,0.000000e+000;...
1.359600e+000,5.214341e+003,5.209889e+003,4.280338e+000,...
 5.811156e-003,0.000000e+000,0.000000e+000,...
 5.182315e+003,5.200481e+003,2.015491e-005,0.000000e+000,...
 5.209147e+003,5.209147e+003,2.028538e-005,0.000000e+000;...
1.400000e+000,4.917222e+003,4.912301e+003,4.783659e+000,...
 6.017827e-003,0.000000e+000,0.000000e+000,...
 4.898661e+003,4.915337e+003,2.145500e-005,0.000000e+000,...
 4.911582e+003,4.911582e+003,2.188419e-005,0.000000e+000;...
1.600000e+000,3.781938e+003,3.776783e+003,5.179193e+000,...
 7.059383e-003,0.000000e+000,0.000000e+000,...
 3.765867e+003,3.777080e+003,2.855262e-005,0.000000e+000,...
 3.776339e+003,3.776339e+003,3.000000e-005,0.000000e+000;...
1.739000e+000,3.201760e+003,3.196370e+003,5.306898e+000,...
 7.801477e-003,0.000000e+000,0.000000e+000,...
 3.171096e+003,3.179781e+003,3.412551e-005,0.000000e+000,...
 3.196049e+003,3.196049e+003,3.582970e-005,0.000000e+000;...
1.739000e+000,3.238782e+003,3.233393e+003,5.306898e+000,...
 7.801477e-003,0.000000e+000,0.000000e+000,...
 3.207784e+003,3.216568e+003,3.412971e-005,0.000000e+000,...
 3.233057e+003,3.233057e+003,3.582970e-005,0.000000e+000;...
1.800000e+000,2.993214e+003,2.987825e+003,5.339937e+000,...
 8.126949e-003,0.000000e+000,0.000000e+000,...
 2.981763e+003,2.989652e+003,3.673883e-005,0.000000e+000,...
 2.987460e+003,2.987460e+003,3.841190e-005,0.000000e+000;...
1.925800e+000,2.618769e+003,2.613146e+003,5.446553e+000,...
 8.813274e-003,0.000000e+000,0.000000e+000,...
 2.582836e+003,2.589222e+003,4.245378e-005,0.000000e+000,...
 2.612940e+003,2.612940e+003,4.385191e-005,0.000000e+000;...
1.925800e+000,2.664462e+003,2.659073e+003,5.446553e+000,...
 8.813274e-003,0.000000e+000,0.000000e+000,...
 2.628320e+003,2.634818e+003,4.245851e-005,0.000000e+000,...
 2.658635e+003,2.658635e+003,4.385191e-005,0.000000e+000;...
2.000000e+000,2.440686e+003,2.435062e+003,5.582458e+000,...
 9.217947e-003,0.000000e+000,0.000000e+000,...
 2.429349e+003,2.435132e+003,4.603171e-005,0.000000e+000,...
 2.434714e+003,2.434714e+003,4.708571e-005,0.000000e+000;...
2.200000e+000,1.989618e+003,1.983947e+003,5.648772e+000,...
 1.030332e-002,0.000000e+000,0.000000e+000,...
 1.980490e+003,1.984775e+003,5.618053e-005,0.000000e+000,...
 1.983669e+003,1.983669e+003,5.701948e-005,0.000000e+000;...
2.500000e+000,1.505769e+003,1.500216e+003,5.548951e+000,...
 1.186296e-002,0.000000e+000,0.000000e+000,...
 1.498814e+003,1.501666e+003,7.313992e-005,0.000000e+000,...
 1.500029e+003,1.500029e+003,7.571714e-005,0.000000e+000;...
2.800000e+000,1.168909e+003,1.163614e+003,5.288386e+000,...
 1.344181e-002,0.000000e+000,0.000000e+000,...
 1.164294e+003,1.166273e+003,9.223884e-005,0.000000e+000,...
 1.163469e+003,1.163469e+003,9.476021e-005,0.000000e+000;...
3.200000e+000,8.677368e+002,8.628629e+002,4.858642e+000,...
 1.551532e-002,0.000000e+000,0.000000e+000,...
 8.616176e+002,8.628983e+002,1.207808e-004,0.000000e+000,...
 8.627679e+002,8.627679e+002,1.229822e-004,0.000000e+000;...
3.500000e+000,7.050244e+002,7.005489e+002,4.441785e+000,...
 1.698802e-002,0.000000e+000,0.000000e+000,...
 7.003444e+002,7.012960e+002,1.439275e-004,0.000000e+000,...
 7.004694e+002,7.004694e+002,1.479837e-004,0.000000e+000;...
4.000000e+000,5.196767e+002,5.161384e+002,3.508954e+000,...
 1.944582e-002,0.000000e+000,0.000000e+000,...
 5.155258e+002,5.161385e+002,1.868998e-004,0.000000e+000,...
 5.160892e+002,5.160892e+002,1.897500e-004,0.000000e+000;...
4.492700e+000,3.935652e+002,3.917141e+002,1.827093e+000,...
 2.169717e-002,0.000000e+000,0.000000e+000,...
 3.911013e+002,3.915150e+002,2.327265e-004,0.000000e+000,...
 3.916830e+002,3.916830e+002,2.391339e-004,0.000000e+000;...
4.492700e+000,8.599105e+002,8.580594e+002,1.827093e+000,...
 2.169717e-002,0.000000e+000,0.000000e+000,...
 8.569283e+002,8.578349e+002,2.327361e-004,0.000000e+000,...
 8.579791e+002,8.579791e+002,2.391339e-004,0.000000e+000;...
4.500000e+000,8.579656e+002,8.560208e+002,1.924828e+000,...
 2.172974e-002,0.000000e+000,0.000000e+000,...
 8.551378e+002,8.560410e+002,2.334316e-004,0.000000e+000,...
 8.559365e+002,8.559365e+002,2.399048e-004,0.000000e+000;...
4.760800e+000,7.780857e+002,7.746646e+002,3.399761e+000,...
 2.288166e-002,0.000000e+000,0.000000e+000,...
 7.714529e+002,7.722230e+002,2.592692e-004,0.000000e+000,...
 7.745847e+002,7.745847e+002,2.672270e-004,0.000000e+000;...
4.760800e+000,1.069112e+003,1.065691e+003,3.399761e+000,...
 2.288166e-002,0.000000e+000,0.000000e+000,...
 1.062148e+003,1.063209e+003,2.592794e-004,0.000000e+000,...
 1.048053e+003,1.048053e+003,2.672270e-004,0.000000e+000;...
5.000000e+000,9.691274e+002,9.640661e+002,5.023603e+000,...
 2.393821e-002,0.000000e+000,0.000000e+000,...
 9.631554e+002,9.640709e+002,2.840679e-004,0.000000e+000,...
 9.479429e+002,9.479429e+002,2.921857e-004,0.000000e+000;...
5.392600e+000,8.069774e+002,8.018224e+002,5.129517e+000,...
 2.565813e-002,0.000000e+000,0.000000e+000,...
 7.972818e+002,7.979843e+002,3.270319e-004,0.000000e+000,...
 7.894549e+002,7.894549e+002,3.327841e-004,0.000000e+000;...
5.392600e+000,9.413604e+002,9.362053e+002,5.129517e+000,...
 2.565813e-002,0.000000e+000,0.000000e+000,...
 9.315093e+002,9.323301e+002,3.270432e-004,0.000000e+000,...
 9.215671e+002,9.215671e+002,3.327841e-004,0.000000e+000;...
5.500000e+000,8.940979e+002,8.881696e+002,5.903009e+000,...
 2.612911e-002,0.000000e+000,0.000000e+000,...
 8.875337e+002,8.883005e+002,3.392741e-004,0.000000e+000,...
 8.745454e+002,8.745454e+002,3.438572e-004,0.000000e+000;...
6.300000e+000,6.360404e+002,6.298074e+002,6.203175e+000,...
 2.926667e-002,0.000000e+000,0.000000e+000,...
 6.296816e+002,6.301563e+002,4.320512e-004,0.000000e+000,...
 6.213492e+002,6.213492e+002,4.491723e-004,0.000000e+000;...
6.784000e+000,5.318614e+002,5.260034e+002,5.820764e+000,...
 3.107797e-002,0.000000e+000,0.000000e+000,...
 5.203975e+002,5.207617e+002,4.920941e-004,0.000000e+000,...
 5.194891e+002,5.194891e+002,5.145405e-004,0.000000e+000;...
6.784000e+000,5.629792e+002,5.571212e+002,5.820764e+000,...
 3.107797e-002,0.000000e+000,0.000000e+000,...
 5.514822e+002,5.518681e+002,4.921069e-004,0.000000e+000,...
 5.494125e+002,5.494125e+002,5.145405e-004,0.000000e+000;...
7.000000e+000,5.162556e+002,5.103273e+002,5.888013e+000,...
 3.188638e-002,0.000000e+000,0.000000e+000,...
 5.100449e+002,5.103907e+002,5.199683e-004,0.000000e+000,...
