 
function zr =z11(flag,e)

za = [9.961300e-001,6.570552e+002,6.562955e+002,7.427102e-001,...
 1.265101e-002,0.000000e+000,0.000000e+000,...
 6.457600e+002,6.488418e+002,3.277651e-005,0.000000e+000,...
 6.562988e+002,6.562988e+002,3.247583e-005,0.000000e+000;...
1.000000e+000,6.490397e+002,6.483063e+002,7.190568e-001,...
 1.271388e-002,0.000000e+000,0.000000e+000,...
 6.457600e+002,6.488418e+002,3.277651e-005,0.000000e+000,...
 6.483007e+002,6.483007e+002,3.274047e-005,0.000000e+000;...
1.024200e+000,6.127870e+002,6.121845e+002,5.891075e-001,...
 1.308636e-002,0.000000e+000,0.000000e+000,...
 6.063373e+002,6.091623e+002,3.449458e-005,0.000000e+000,...
 6.121680e+002,6.121680e+002,3.453501e-005,0.000000e+000;...
1.039100e+000,5.905481e+002,5.900766e+002,4.572197e-001,...
 1.331425e-002,0.000000e+000,0.000000e+000,...
 5.837000e+002,5.863802e+002,3.557565e-005,0.000000e+000,...
 5.900099e+002,5.900099e+002,3.563450e-005,0.000000e+000;...
1.045500e+000,5.808563e+002,5.804633e+002,3.723243e-001,...
 1.341352e-002,0.000000e+000,0.000000e+000,...
 5.743338e+002,5.769549e+002,3.604543e-005,0.000000e+000,...
 5.804682e+002,5.804682e+002,3.611771e-005,0.000000e+000;...
1.049400e+000,5.749626e+002,5.746221e+002,3.132564e-001,...
 1.347377e-002,0.000000e+000,0.000000e+000,...
 5.687278e+002,5.713135e+002,3.633333e-005,0.000000e+000,...
 5.746210e+002,5.746210e+002,3.641039e-005,0.000000e+000;...
1.053400e+000,5.689117e+002,5.686498e+002,2.584634e-001,...
 1.353506e-002,0.000000e+000,0.000000e+000,...
 5.630559e+002,5.656061e+002,3.662992e-005,0.000000e+000,...
 5.686359e+002,5.686359e+002,3.670817e-005,0.000000e+000;...
1.059600e+000,5.596390e+002,5.594032e+002,2.298095e-001,...
 1.363041e-002,0.000000e+000,0.000000e+000,...
 5.544177e+002,5.569141e+002,3.709205e-005,0.000000e+000,...
 5.593992e+002,5.593992e+002,3.717082e-005,0.000000e+000;...
1.063000e+000,5.546620e+002,5.543739e+002,2.681762e-001,...
 1.368254e-002,0.000000e+000,0.000000e+000,...
 5.497586e+002,5.522260e+002,3.734684e-005,0.000000e+000,...
 5.543741e+002,5.543741e+002,3.742396e-005,0.000000e+000;...
1.064000e+000,5.531952e+002,5.528809e+002,2.829497e-001,...
 1.369773e-002,0.000000e+000,0.000000e+000,...
 5.483971e+002,5.508560e+002,3.742196e-005,0.000000e+000,...
 5.528852e+002,5.528852e+002,3.749720e-005,0.000000e+000;...
1.064000e+000,6.530736e+003,6.530475e+003,2.829497e-001,...
 1.369773e-002,0.000000e+000,0.000000e+000,...
 6.498152e+003,6.527287e+003,3.742947e-005,0.000000e+000,...
 6.414982e+003,6.414982e+003,3.749720e-005,0.000000e+000;...
1.071000e+000,6.446653e+003,6.446129e+003,4.671473e-001,...
 1.380539e-002,0.000000e+000,0.000000e+000,...
 6.413708e+003,6.442279e+003,3.794990e-005,0.000000e+000,...
 6.332859e+003,6.332859e+003,3.802043e-005,0.000000e+000;...
1.071700e+000,6.438533e+003,6.438009e+003,4.879455e-001,...
 1.381613e-002,0.000000e+000,0.000000e+000,...
 6.405205e+003,6.433719e+003,3.800291e-005,0.000000e+000,...
 6.325071e+003,6.325071e+003,3.807343e-005,0.000000e+000;...
1.079100e+000,6.350521e+003,6.349735e+003,7.035499e-001,...
 1.393007e-002,0.000000e+000,0.000000e+000,...
 6.316333e+003,6.344257e+003,3.856578e-005,0.000000e+000,...
 6.239036e+003,6.239036e+003,3.862833e-005,0.000000e+000;...
1.089600e+000,6.226098e+003,6.225050e+003,8.951080e-001,...
 1.409117e-002,0.000000e+000,0.000000e+000,...
 6.193355e+003,6.220470e+003,3.937202e-005,0.000000e+000,...
 6.117665e+003,6.117665e+003,3.941298e-005,0.000000e+000;...
1.100000e+000,6.102200e+003,6.101152e+003,9.973701e-001,...
 1.425121e-002,0.000000e+000,0.000000e+000,...
 6.075034e+003,6.101379e+003,4.017927e-005,0.000000e+000,...
 5.996911e+003,5.996911e+003,4.019567e-005,0.000000e+000;...
1.117100e+000,5.942153e+003,5.941105e+003,1.122919e+000,...
 1.451735e-002,0.000000e+000,0.000000e+000,...
 5.887691e+003,5.912832e+003,4.152564e-005,0.000000e+000,...
 5.840395e+003,5.840395e+003,4.148966e-005,0.000000e+000;...
1.154800e+000,5.589317e+003,5.588007e+003,1.301380e+000,...
 1.510541e-002,0.000000e+000,0.000000e+000,...
 5.505090e+003,5.527826e+003,4.453534e-005,0.000000e+000,...
 5.496424e+003,5.496424e+003,4.436236e-005,0.000000e+000;...
1.193200e+000,5.232291e+003,5.230719e+003,1.421847e+000,...
 1.561855e-002,0.000000e+000,0.000000e+000,...
 5.152328e+003,5.172919e+003,4.752792e-005,0.000000e+000,...
 5.147863e+003,5.147863e+003,4.813580e-005,0.000000e+000;...
1.250000e+000,4.707097e+003,4.705525e+003,1.543021e+000,...
 1.637740e-002,0.000000e+000,0.000000e+000,...
 4.689343e+003,4.707229e+003,5.206213e-005,0.000000e+000,...
 4.634397e+003,4.634397e+003,5.372029e-005,0.000000e+000;...
1.318200e+000,4.259176e+003,4.257604e+003,1.654530e+000,...
 1.729026e-002,0.000000e+000,0.000000e+000,...
 4.211106e+003,4.226335e+003,5.777325e-005,0.000000e+000,...
 4.196107e+003,4.196107e+003,6.043569e-005,0.000000e+000;...
1.364900e+000,3.954800e+003,3.953228e+003,1.703828e+000,...
 1.791552e-002,0.000000e+000,0.000000e+000,...
 3.924453e+003,3.938157e+003,6.185168e-005,0.000000e+000,...
 3.897782e+003,3.897782e+003,6.504251e-005,0.000000e+000;...
1.400000e+000,3.726386e+003,3.724552e+003,1.739111e+000,...
 1.838544e-002,0.000000e+000,0.000000e+000,...
 3.712006e+003,3.724643e+003,6.500666e-005,0.000000e+000,...
 3.673679e+003,3.673679e+003,6.850522e-005,0.000000e+000;...
1.496700e+000,3.236293e+003,3.234459e+003,1.806797e+000,...
 1.968258e-002,0.000000e+000,0.000000e+000,...
 3.169866e+003,3.179957e+003,7.409568e-005,0.000000e+000,...
 3.193225e+003,3.193225e+003,7.805706e-005,0.000000e+000;...
1.546700e+000,2.984828e+003,2.982995e+003,1.832074e+000,...
 2.035420e-002,0.000000e+000,0.000000e+000,...
 2.932936e+003,2.941970e+003,7.902338e-005,0.000000e+000,...
 2.946241e+003,2.946241e+003,8.301785e-005,0.000000e+000;...
1.600000e+000,2.717124e+003,2.715290e+003,1.850017e+000,...
 2.106930e-002,0.000000e+000,0.000000e+000,...
 2.707176e+003,2.715236e+003,8.444726e-005,0.000000e+000,...
 2.682801e+003,2.682801e+003,8.829172e-005,0.000000e+000;...
1.655900e+000,2.506025e+003,2.504139e+003,1.856278e+000,...
 2.182160e-002,0.000000e+000,0.000000e+000,...
 2.495616e+003,2.502795e+003,9.032497e-005,0.000000e+000,...
 2.475249e+003,2.475249e+003,9.384413e-005,0.000000e+000;...
1.703300e+000,2.339325e+003,2.337439e+003,1.861595e+000,...
 2.245943e-002,0.000000e+000,0.000000e+000,...
 2.313340e+003,2.319809e+003,9.545177e-005,0.000000e+000,...
 2.311198e+003,2.311198e+003,9.854863e-005,0.000000e+000;...
1.795500e+000,2.017162e+003,2.015250e+003,1.871942e+000,...
 2.369920e-002,0.000000e+000,0.000000e+000,...
 2.007751e+003,2.013076e+003,1.058087e-004,0.000000e+000,...
 1.993713e+003,1.993713e+003,1.077015e-004,0.000000e+000;...
1.800000e+000,2.001341e+003,1.999429e+003,1.872440e+000,...
 2.375997e-002,0.000000e+000,0.000000e+000,...
 1.994286e+003,1.999562e+003,1.063275e-004,0.000000e+000,...
 1.978087e+003,1.978087e+003,1.081531e-004,0.000000e+000;...
1.981000e+000,1.554442e+003,1.552582e+003,1.845198e+000,...
 2.619943e-002,0.000000e+000,0.000000e+000,...
 1.541407e+003,1.545111e+003,1.282210e-004,0.000000e+000,...
 1.537521e+003,1.537521e+003,1.261729e-004,0.000000e+000;...
2.000000e+000,1.507554e+003,1.505695e+003,1.842316e+000,...
 2.645090e-002,0.000000e+000,0.000000e+000,...
 1.502352e+003,1.505928e+003,1.306351e-004,0.000000e+000,...
 1.491246e+003,1.491246e+003,1.303244e-004,0.000000e+000;...
2.200000e+000,1.166925e+003,1.165092e+003,1.796791e+000,...
 2.908865e-002,0.000000e+000,0.000000e+000,...
 1.162727e+003,1.165242e+003,1.572263e-004,0.000000e+000,...
 1.154901e+003,1.154901e+003,1.739069e-004,0.000000e+000;...
2.345200e+000,9.831467e+002,9.813655e+002,1.759516e+000,...
 3.100345e-002,0.000000e+000,0.000000e+000,...
 9.791315e+002,9.811183e+002,1.779406e-004,0.000000e+000,...
 9.733052e+002,9.733052e+002,2.055560e-004,0.000000e+000;...
2.388200e+000,9.396643e+002,9.378831e+002,1.748436e+000,...
 3.157186e-002,0.000000e+000,0.000000e+000,...
 9.324445e+002,9.343024e+002,1.843126e-004,0.000000e+000,...
