 
function zr =z12(flag,e)

za = [8.000000e-001,1.645907e+003,1.644371e+003,1.529166e+000,...
 1.103843e-002,0.000000e+000,0.000000e+000,...
 9.155924e+002,9.199620e+002,4.042846e-005,0.000000e+000,...
 1.644109e+003,1.644109e+003,2.355747e-005,0.000000e+000;...
1.000000e+000,9.212897e+002,9.199521e+002,1.304950e+000,...
 1.543781e-002,0.000000e+000,0.000000e+000,...
 9.155924e+002,9.199620e+002,4.042846e-005,0.000000e+000,...
 9.198275e+002,9.198275e+002,4.039597e-005,0.000000e+000;...
1.100000e+000,7.119102e+002,7.107460e+002,1.135648e+000,...
 1.749890e-002,0.000000e+000,0.000000e+000,...
 7.090017e+002,7.120763e+002,5.007129e-005,0.000000e+000,...
 7.107106e+002,7.107106e+002,5.042529e-005,0.000000e+000;...
1.172600e+000,6.049540e+002,6.039384e+002,9.738017e-001,...
 1.904628e-002,0.000000e+000,0.000000e+000,...
 5.972635e+002,5.996926e+002,5.779456e-005,0.000000e+000,...
 6.038747e+002,6.038747e+002,5.800549e-005,0.000000e+000;...
1.211900e+000,5.543739e+002,5.535070e+002,8.446766e-001,...
 1.988300e-002,0.000000e+000,0.000000e+000,...
 5.466967e+002,5.488477e+002,6.223283e-005,0.000000e+000,...
 5.534200e+002,5.534200e+002,6.215660e-005,0.000000e+000;...
1.245500e+000,5.110019e+002,5.103084e+002,6.750774e-001,...
 2.057260e-002,0.000000e+000,0.000000e+000,...
 5.080110e+002,5.099557e+002,6.607019e-005,0.000000e+000,...
 5.102507e+002,5.102507e+002,6.582317e-005,0.000000e+000;...
1.250000e+000,5.052306e+002,5.045618e+002,6.395079e-001,...
 2.065582e-002,0.000000e+000,0.000000e+000,...
 5.031179e+002,5.050368e+002,6.656203e-005,0.000000e+000,...
 5.045517e+002,5.045517e+002,6.633563e-005,0.000000e+000;...
1.265100e+000,4.911118e+002,4.905916e+002,5.125625e-001,...
 2.093869e-002,0.000000e+000,0.000000e+000,...
 4.871633e+002,4.889991e+002,6.822544e-005,0.000000e+000,...
 4.905341e+002,4.905341e+002,6.807876e-005,0.000000e+000;...
1.273000e+000,4.836560e+002,4.832102e+002,4.126656e-001,...
 2.108756e-002,0.000000e+000,0.000000e+000,...
 4.790919e+002,4.808861e+002,6.910408e-005,0.000000e+000,...
 4.831559e+002,4.831559e+002,6.900163e-005,0.000000e+000;...
1.278400e+000,4.786277e+002,4.782562e+002,3.384799e-001,...
 2.118763e-002,0.000000e+000,0.000000e+000,...
 4.736801e+002,4.754465e+002,6.970800e-005,0.000000e+000,...
 4.781929e+002,4.781929e+002,6.961378e-005,0.000000e+000;...
1.283900e+000,4.734508e+002,4.731536e+002,2.780415e-001,...
 2.129117e-002,0.000000e+000,0.000000e+000,...
 4.682538e+002,4.699925e+002,7.032584e-005,0.000000e+000,...
 4.731006e+002,4.731006e+002,7.025558e-005,0.000000e+000;...
1.289200e+000,4.685712e+002,4.682740e+002,2.666969e-001,...
 2.139000e-002,0.000000e+000,0.000000e+000,...
 4.631054e+002,4.648178e+002,7.092390e-005,0.000000e+000,...
 4.682134e+002,4.682134e+002,7.086725e-005,0.000000e+000;...
1.294100e+000,4.640383e+002,4.636915e+002,3.188870e-001,...
 2.148214e-002,0.000000e+000,0.000000e+000,...
 4.584142e+002,4.601028e+002,7.147916e-005,0.000000e+000,...
 4.636427e+002,4.636427e+002,7.143828e-005,0.000000e+000;...
1.294500e+000,4.636667e+002,4.633200e+002,3.277298e-001,...
 2.148982e-002,0.000000e+000,0.000000e+000,...
 4.580342e+002,4.597209e+002,7.152458e-005,0.000000e+000,...
 4.632774e+002,4.632774e+002,7.148724e-005,0.000000e+000;...
1.294500e+000,5.544235e+003,5.543987e+003,3.277298e-001,...
 2.148982e-002,0.000000e+000,0.000000e+000,...
 5.519188e+003,5.539512e+003,7.153594e-005,0.000000e+000,...
 5.409713e+003,5.409713e+003,7.148724e-005,0.000000e+000;...
1.304000e+000,5.463237e+003,5.462742e+003,5.645296e-001,...
 2.166792e-002,0.000000e+000,0.000000e+000,...
 5.430702e+003,5.450555e+003,7.260772e-005,0.000000e+000,...
 5.331517e+003,5.331517e+003,7.258831e-005,0.000000e+000;...
1.304500e+000,5.458531e+003,5.458036e+003,5.796144e-001,...
 2.167808e-002,0.000000e+000,0.000000e+000,...
 5.426057e+003,5.445886e+003,7.266496e-005,0.000000e+000,...
 5.326830e+003,5.326830e+003,7.265302e-005,0.000000e+000;...
1.308100e+000,5.428807e+003,5.428064e+003,6.844156e-001,...
 2.174446e-002,0.000000e+000,0.000000e+000,...
 5.392782e+003,5.412434e+003,7.307776e-005,0.000000e+000,...
 5.298112e+003,5.298112e+003,7.305937e-005,0.000000e+000;...
1.321400e+000,5.315114e+003,5.314123e+003,9.667423e-001,...
 2.199364e-002,0.000000e+000,0.000000e+000,...
 5.272375e+003,5.291394e+003,7.461329e-005,0.000000e+000,...
 5.188245e+003,5.188245e+003,7.460739e-005,0.000000e+000;...
1.322900e+000,5.302481e+003,5.301490e+003,9.829665e-001,...
 2.202188e-002,0.000000e+000,0.000000e+000,...
 5.259040e+003,5.277989e+003,7.478751e-005,0.000000e+000,...
 5.175846e+003,5.175846e+003,7.477911e-005,0.000000e+000;...
1.354900e+000,5.032737e+003,5.031499e+003,1.249837e+000,...
 2.262106e-002,0.000000e+000,0.000000e+000,...
 4.985811e+003,5.003350e+003,7.855366e-005,0.000000e+000,...
 4.914898e+003,4.914898e+003,7.850178e-005,0.000000e+000;...
1.394800e+000,4.695620e+003,4.694134e+003,1.435041e+000,...
 2.336985e-002,0.000000e+000,0.000000e+000,...
 4.673029e+003,4.688996e+003,8.338283e-005,0.000000e+000,...
 4.588471e+003,4.588471e+003,8.316604e-005,0.000000e+000;...
1.400000e+000,4.651529e+003,4.650043e+003,1.451389e+000,...
 2.346745e-002,0.000000e+000,0.000000e+000,...
 4.634371e+003,4.650146e+003,8.402310e-005,0.000000e+000,...
 4.545566e+003,4.545566e+003,8.377668e-005,0.000000e+000;...
1.465200e+000,4.239607e+003,4.238121e+003,1.627057e+000,...
 2.470396e-002,0.000000e+000,0.000000e+000,...
 4.185434e+003,4.199046e+003,9.226469e-005,0.000000e+000,...
 4.147172e+003,4.147172e+003,9.147863e-005,0.000000e+000;...
1.552400e+000,3.694918e+003,3.693184e+003,1.781819e+000,...
 2.620154e-002,0.000000e+000,0.000000e+000,...
 3.676656e+003,3.687939e+003,1.031762e-004,0.000000e+000,...
 3.617980e+003,3.617980e+003,1.023850e-004,0.000000e+000;...
1.600000e+000,3.417000e+003,3.415019e+003,1.829971e+000,...
 2.696198e-002,0.000000e+000,0.000000e+000,...
 3.405073e+003,3.415211e+003,1.092979e-004,0.000000e+000,...
 3.347845e+003,3.347845e+003,1.085417e-004,0.000000e+000;...
1.697100e+000,2.983528e+003,2.981546e+003,1.891252e+000,...
 2.851009e-002,0.000000e+000,0.000000e+000,...
 2.928706e+003,2.936925e+003,1.220836e-004,0.000000e+000,...
 2.926087e+003,2.926087e+003,1.210449e-004,0.000000e+000;...
1.800000e+000,2.527515e+003,2.525533e+003,1.924394e+000,...
 3.014986e-002,0.000000e+000,0.000000e+000,...
 2.519290e+003,2.525955e+003,1.359369e-004,0.000000e+000,...
 2.481226e+003,2.481226e+003,1.342656e-004,0.000000e+000;...
1.887100e+000,2.266540e+003,2.264558e+003,1.930661e+000,...
 3.153202e-002,0.000000e+000,0.000000e+000,...
 2.232426e+003,2.238059e+003,1.479607e-004,0.000000e+000,...
 2.226642e+003,2.226642e+003,1.454004e-004,0.000000e+000;...
1.897400e+000,2.235900e+003,2.233943e+003,1.931379e+000,...
 3.166825e-002,0.000000e+000,0.000000e+000,...
 2.201554e+003,2.207079e+003,1.494124e-004,0.000000e+000,...
 2.196715e+003,2.196715e+003,1.471857e-004,0.000000e+000;...
2.000000e+000,1.930611e+003,1.928630e+003,1.938736e+000,...
 3.303059e-002,0.000000e+000,0.000000e+000,...
 1.924052e+003,1.928632e+003,1.642133e-004,0.000000e+000,...
 1.898161e+003,1.898161e+003,1.649885e-004,0.000000e+000;...
2.200000e+000,1.496990e+003,1.495034e+003,1.912752e+000,...
 3.565124e-002,0.000000e+000,0.000000e+000,...
 1.491799e+003,1.495027e+003,1.942926e-004,0.000000e+000,...
 1.473485e+003,1.473485e+003,1.988845e-004,0.000000e+000;...
2.213400e+000,1.475218e+003,1.473286e+003,1.909532e+000,...
 3.582215e-002,0.000000e+000,0.000000e+000,...
 1.467809e+003,1.470965e+003,1.963443e-004,0.000000e+000,...
 1.452153e+003,1.452153e+003,2.010871e-004,0.000000e+000;...
2.345100e+000,1.262915e+003,1.261008e+003,1.877876e+000,...
 3.750650e-002,0.000000e+000,0.000000e+000,...
 1.257443e+003,1.259995e+003,2.169908e-004,0.000000e+000,...
 1.243949e+003,1.243949e+003,2.227731e-004,0.000000e+000;...
2.352300e+000,1.253503e+003,1.251596e+003,1.875895e+000,...
 3.760063e-002,0.000000e+000,0.000000e+000,...
 1.247168e+003,1.249691e+003,2.181445e-004,0.000000e+000,...
