 
function zr =z13(flag,e)

za = [8.000000e-001,2.113519e+003,2.111755e+003,1.758583e+000,...
 1.000349e-002,0.000000e+000,0.000000e+000,...
 1.172069e+003,1.177662e+003,3.770671e-005,0.000000e+000,...
 2.111569e+003,2.111569e+003,2.149778e-005,0.000000e+000;...
1.000000e+000,1.179256e+003,1.177649e+003,1.581038e+000,...
 1.428020e-002,0.000000e+000,0.000000e+000,...
 1.172069e+003,1.177662e+003,3.770671e-005,0.000000e+000,...
 1.177547e+003,1.177547e+003,3.774361e-005,0.000000e+000;...
1.100000e+000,9.161846e+002,9.146893e+002,1.480938e+000,...
 1.638040e-002,0.000000e+000,0.000000e+000,...
 9.124012e+002,9.163579e+002,4.722830e-005,0.000000e+000,...
 9.146486e+002,9.146486e+002,4.773485e-005,0.000000e+000;...
1.228600e+000,6.900734e+002,6.887343e+002,1.333835e+000,...
 1.921109e-002,0.000000e+000,0.000000e+000,...
 6.823201e+002,6.849681e+002,6.132491e-005,0.000000e+000,...
 6.886930e+002,6.886930e+002,6.143864e-005,0.000000e+000;...
1.250000e+000,6.556356e+002,6.543188e+002,1.298817e+000,...
 1.965255e-002,0.000000e+000,0.000000e+000,...
 6.520435e+002,6.545304e+002,6.375599e-005,0.000000e+000,...
 6.542869e+002,6.542869e+002,6.391701e-005,0.000000e+000;...
1.264200e+000,6.384278e+002,6.371333e+002,1.278016e+000,...
 1.994158e-002,0.000000e+000,0.000000e+000,...
 6.329674e+002,6.353544e+002,6.535991e-005,0.000000e+000,...
 6.370610e+002,6.370610e+002,6.563161e-005,0.000000e+000;...
1.340000e+000,5.506705e+002,5.494876e+002,1.166735e+000,...
 2.148760e-002,0.000000e+000,0.000000e+000,...
 5.413758e+002,5.433015e+002,7.429093e-005,0.000000e+000,...
 5.494296e+002,5.494296e+002,7.489784e-005,0.000000e+000;...
1.400000e+000,4.836027e+002,4.825313e+002,1.036795e+000,...
 2.271156e-002,0.000000e+000,0.000000e+000,...
 4.809895e+002,4.826267e+002,8.180501e-005,0.000000e+000,...
 4.825068e+002,4.825068e+002,8.232679e-005,0.000000e+000;...
1.453500e+000,4.410408e+002,4.401257e+002,8.906519e-001,...
 2.383196e-002,0.000000e+000,0.000000e+000,...
 4.342549e+002,4.356786e+002,8.883849e-005,0.000000e+000,...
 4.400973e+002,4.400973e+002,8.911555e-005,0.000000e+000;...
1.491300e+000,4.110221e+002,4.102632e+002,7.337065e-001,...
 2.462204e-002,0.000000e+000,0.000000e+000,...
 4.049058e+002,4.061994e+002,9.400019e-005,0.000000e+000,...
 4.102093e+002,4.102093e+002,9.392753e-005,0.000000e+000;...
1.507100e+000,3.995279e+002,3.988584e+002,6.356826e-001,...
 2.493897e-002,0.000000e+000,0.000000e+000,...
 3.934317e+002,3.946754e+002,9.614269e-005,0.000000e+000,...
 3.988286e+002,3.988286e+002,9.601092e-005,0.000000e+000;...
1.518900e+000,3.913593e+002,3.908013e+002,5.324361e-001,...
 2.516216e-002,0.000000e+000,0.000000e+000,...
 3.851431e+002,3.863512e+002,9.770472e-005,0.000000e+000,...
 3.907539e+002,3.907539e+002,9.761652e-005,0.000000e+000;...
1.525800e+000,3.865384e+002,3.860474e+002,4.546776e-001,...
 2.529384e-002,0.000000e+000,0.000000e+000,...
 3.804067e+002,3.815945e+002,9.862438e-005,0.000000e+000,...
 3.860486e+002,3.860486e+002,9.856891e-005,0.000000e+000;...
1.532400e+000,3.819631e+002,3.815613e+002,3.777671e-001,...
 2.541882e-002,0.000000e+000,0.000000e+000,...
 3.759503e+002,3.771191e+002,9.950846e-005,0.000000e+000,...
 3.815329e+002,3.815329e+002,9.946451e-005,0.000000e+000;...
1.540200e+000,3.765619e+002,3.762271e+002,3.176627e-001,...
 2.556836e-002,0.000000e+000,0.000000e+000,...
 3.707751e+002,3.719219e+002,1.005582e-004,0.000000e+000,...
 3.761848e+002,3.761848e+002,1.005389e-004,0.000000e+000;...
1.543500e+000,3.742854e+002,3.739506e+002,3.150291e-001,...
 2.563085e-002,0.000000e+000,0.000000e+000,...
 3.686149e+002,3.697526e+002,1.010047e-004,0.000000e+000,...
 3.739163e+002,3.739163e+002,1.009960e-004,0.000000e+000;...
1.549900e+000,3.699779e+002,3.695762e+002,3.633938e-001,...
 2.575360e-002,0.000000e+000,0.000000e+000,...
 3.644742e+002,3.655945e+002,1.018720e-004,0.000000e+000,...
 3.695753e+002,3.695753e+002,1.018746e-004,0.000000e+000;...
1.549900e+000,4.016705e+003,4.016259e+003,3.633938e-001,...
 2.575360e-002,0.000000e+000,0.000000e+000,...
 3.999446e+003,4.011739e+003,1.018856e-004,0.000000e+000,...
 3.890342e+003,3.890342e+003,1.018746e-004,0.000000e+000;...
1.550000e+000,4.015813e+003,4.015589e+003,3.643982e-001,...
 2.575584e-002,0.000000e+000,0.000000e+000,...
 3.999446e+003,4.011739e+003,1.018855e-004,0.000000e+000,...
 3.889613e+003,3.889613e+003,1.018944e-004,0.000000e+000;...
1.562400e+000,3.946624e+003,3.946178e+003,6.076056e-001,...
 2.599018e-002,0.000000e+000,0.000000e+000,...
 3.928530e+003,3.940509e+003,1.035781e-004,0.000000e+000,...
 3.823409e+003,3.823409e+003,1.035851e-004,0.000000e+000;...
1.575600e+000,3.872749e+003,3.871856e+003,8.721721e-001,...
 2.624238e-002,0.000000e+000,0.000000e+000,...
 3.855018e+003,3.866674e+003,1.053949e-004,0.000000e+000,...
 3.752577e+003,3.752577e+003,1.054051e-004,0.000000e+000;...
1.600000e+000,3.736158e+003,3.735043e+003,1.107166e+000,...
 2.670438e-002,0.000000e+000,0.000000e+000,...
 3.724270e+003,3.735359e+003,1.087974e-004,0.000000e+000,...
 3.621249e+003,3.621249e+003,1.087463e-004,0.000000e+000;...
1.602200e+000,3.726785e+003,3.725669e+003,1.123414e+000,...
 2.674679e-002,0.000000e+000,0.000000e+000,...
 3.712798e+003,3.723837e+003,1.091069e-004,0.000000e+000,...
 3.612345e+003,3.612345e+003,1.090479e-004,0.000000e+000;...
1.688600e+000,3.349151e+003,3.347812e+003,1.451879e+000,...
 2.840507e-002,0.000000e+000,0.000000e+000,...
 3.299768e+003,3.309075e+003,1.215735e-004,0.000000e+000,...
 3.251102e+003,3.251102e+003,1.210436e-004,0.000000e+000;...
1.727300e+000,3.181984e+003,3.180422e+003,1.539659e+000,...
 2.905901e-002,0.000000e+000,0.000000e+000,...
 3.136066e+003,3.144713e+003,1.270501e-004,0.000000e+000,...
 3.090316e+003,3.090316e+003,1.268581e-004,0.000000e+000;...
1.800000e+000,2.867959e+003,2.866397e+003,1.646454e+000,...
 3.028877e-002,0.000000e+000,0.000000e+000,...
 2.858763e+003,2.866327e+003,1.375591e-004,0.000000e+000,...
 2.788481e+003,2.788481e+003,1.377980e-004,0.000000e+000;...
1.820100e+000,2.806806e+003,2.805244e+003,1.668460e+000,...
 3.062802e-002,0.000000e+000,0.000000e+000,...
 2.788231e+003,2.795526e+003,1.405354e-004,0.000000e+000,...
 2.729799e+003,2.729799e+003,1.408218e-004,0.000000e+000;...
1.939900e+000,2.443233e+003,2.441448e+003,1.767622e+000,...
 3.265456e-002,0.000000e+000,0.000000e+000,...
 2.415670e+003,2.421599e+003,1.589096e-004,0.000000e+000,...
 2.379775e+003,2.379775e+003,1.588471e-004,0.000000e+000;...
2.000000e+000,2.262452e+003,2.260666e+003,1.804225e+000,...
 3.367230e-002,0.000000e+000,0.000000e+000,...
 2.255253e+003,2.260622e+003,1.685359e-004,0.000000e+000,...
 2.205076e+003,2.205076e+003,1.678918e-004,0.000000e+000;...
2.179700e+000,1.827727e+003,1.825830e+003,1.848193e+000,...
 3.653356e-002,0.000000e+000,0.000000e+000,...
 1.815098e+003,1.819062e+003,1.972855e-004,0.000000e+000,...
 1.784631e+003,1.784631e+003,1.960901e-004,0.000000e+000;...
2.200000e+000,1.778626e+003,1.776751e+003,1.849823e+000,...
 3.682594e-002,0.000000e+000,0.000000e+000,...
 1.773128e+003,1.776964e+003,2.006382e-004,0.000000e+000,...
 1.737007e+003,1.737007e+003,1.994678e-004,0.000000e+000;...
2.447100e+000,1.360975e+003,1.359100e+003,1.835650e+000,...
 4.033891e-002,0.000000e+000,0.000000e+000,...
 1.355404e+003,1.358040e+003,2.428215e-004,0.000000e+000,...
 1.331653e+003,1.331653e+003,2.399495e-004,0.000000e+000;...
2.500000e+000,1.283194e+003,1.281319e+003,1.832615e+000,...
 4.109328e-002,0.000000e+000,0.000000e+000,...
 1.278929e+003,1.281363e+003,2.518235e-004,0.000000e+000,...
 1.255991e+003,1.255991e+003,2.485513e-004,0.000000e+000;...
2.645800e+000,1.117589e+003,1.115737e+003,1.804605e+000,...
 4.297475e-002,0.000000e+000,0.000000e+000,...
 1.096471e+003,1.098443e+003,2.773292e-004,0.000000e+000,...
 1.094859e+003,1.094859e+003,2.752130e-004,0.000000e+000;...
2.800000e+000,9.434805e+002,9.416503e+002,1.767935e+000,...
 4.483613e-002,0.000000e+000,0.000000e+000,...
 9.401322e+002,9.417293e+002,3.053991e-004,0.000000e+000,...
