 
function zr =z14(flag,e)

za = [9.222400e-001,1.951772e+003,1.949778e+003,1.989552e+000,...
 1.155029e-002,0.000000e+000,0.000000e+000,...
 1.558154e+003,1.565590e+003,3.506833e-005,0.000000e+000,...
 1.949675e+003,1.949675e+003,2.847983e-005,0.000000e+000;...
1.000000e+000,1.567520e+003,1.565590e+003,1.924970e+000,...
 1.318220e-002,0.000000e+000,0.000000e+000,...
 1.558154e+003,1.565590e+003,3.506833e-005,0.000000e+000,...
 1.565536e+003,1.565536e+003,3.504335e-005,0.000000e+000;...
1.100000e+000,1.212021e+003,1.210155e+003,1.836803e+000,...
 1.527081e-002,0.000000e+000,0.000000e+000,...
 1.207075e+003,1.212309e+003,4.433263e-005,0.000000e+000,...
 1.210144e+003,1.210144e+003,4.486149e-005,0.000000e+000;...
1.228600e+000,9.074664e+002,9.057296e+002,1.715830e+000,...
 1.811695e-002,0.000000e+000,0.000000e+000,...
 8.976151e+002,9.010987e+002,5.818712e-005,0.000000e+000,...
 9.057379e+002,9.057379e+002,5.852294e-005,0.000000e+000;...
1.250000e+000,8.613458e+002,8.596305e+002,1.692523e+000,...
 1.856937e-002,0.000000e+000,0.000000e+000,...
 8.570308e+002,8.602997e+002,6.060884e-005,0.000000e+000,...
 8.596052e+002,8.596052e+002,6.102318e-005,0.000000e+000;...
1.400000e+000,6.376257e+002,6.360605e+002,1.528325e+000,...
 2.176092e-002,0.000000e+000,0.000000e+000,...
 6.349837e+002,6.371452e+002,7.879543e-005,0.000000e+000,...
 6.360516e+002,6.360516e+002,7.984060e-005,0.000000e+000;...
1.496700e+000,5.390165e+002,5.375800e+002,1.405744e+000,...
 2.389220e-002,0.000000e+000,0.000000e+000,...
 5.325424e+002,5.342377e+002,9.172304e-005,0.000000e+000,...
 5.375489e+002,5.375489e+002,9.258137e-005,0.000000e+000;...
1.500000e+000,5.360790e+002,5.346425e+002,1.400984e+000,...
 2.396510e-002,0.000000e+000,0.000000e+000,...
 5.294615e+002,5.311433e+002,9.217380e-005,0.000000e+000,...
 5.346495e+002,5.346495e+002,9.303005e-005,0.000000e+000;...
1.580600e+000,4.656653e+002,4.643574e+002,1.286122e+000,...
 2.559465e-002,0.000000e+000,0.000000e+000,...
 4.611447e+002,4.625345e+002,1.035630e-004,0.000000e+000,...
 4.643481e+002,4.643481e+002,1.048415e-004,0.000000e+000;...
1.600000e+000,4.487266e+002,4.474615e+002,1.245491e+000,...
 2.598489e-002,0.000000e+000,0.000000e+000,...
 4.465321e+002,4.478615e+002,1.063419e-004,0.000000e+000,...
 4.474518e+002,4.474518e+002,1.076931e-004,0.000000e+000;...
1.697100e+000,3.867179e+002,3.856459e+002,1.039717e+000,...
 2.798967e-002,0.000000e+000,0.000000e+000,...
 3.815885e+002,3.826593e+002,1.208485e-004,0.000000e+000,...
 3.856111e+002,3.856111e+002,1.223041e-004,0.000000e+000;...
1.739100e+000,3.606237e+002,3.596803e+002,8.988683e-001,...
 2.885805e-002,0.000000e+000,0.000000e+000,...
 3.571618e+002,3.581398e+002,1.274337e-004,0.000000e+000,...
 3.596898e+002,3.596898e+002,1.286937e-004,0.000000e+000;...
1.777900e+000,3.386677e+002,3.379172e+002,7.201753e-001,...
 2.965995e-002,0.000000e+000,0.000000e+000,...
 3.360133e+002,3.369132e+002,1.336846e-004,0.000000e+000,...
 3.379355e+002,3.379355e+002,1.346190e-004,0.000000e+000;...
1.791900e+000,3.307558e+002,3.301125e+002,6.116173e-001,...
 2.993440e-002,0.000000e+000,0.000000e+000,...
 3.288011e+002,3.296747e+002,1.359109e-004,0.000000e+000,...
 3.300977e+002,3.300977e+002,1.368174e-004,0.000000e+000;...
1.800000e+000,3.261244e+002,3.255669e+002,5.300540e-001,...
 3.008664e-002,0.000000e+000,0.000000e+000,...
 3.247242e+002,3.255832e+002,1.371654e-004,0.000000e+000,...
 3.255603e+002,3.255603e+002,1.381545e-004,0.000000e+000;...
1.805700e+000,3.235943e+002,3.230797e+002,4.687958e-001,...
 3.019599e-002,0.000000e+000,0.000000e+000,...
 3.218965e+002,3.227453e+002,1.380514e-004,0.000000e+000,...
 3.230828e+002,3.230828e+002,1.391041e-004,0.000000e+000;...
1.813500e+000,3.201422e+002,3.197134e+002,3.979747e-001,...
 3.034179e-002,0.000000e+000,0.000000e+000,...
 3.180810e+002,3.189161e+002,1.392685e-004,0.000000e+000,...
 3.197053e+002,3.197053e+002,1.403825e-004,0.000000e+000;...
1.828500e+000,3.136884e+002,3.132381e+002,4.171862e-001,...
 3.062482e-002,0.000000e+000,0.000000e+000,...
 3.109148e+002,3.117244e+002,1.416245e-004,0.000000e+000,...
 3.132331e+002,3.132331e+002,1.428526e-004,0.000000e+000;...
1.828500e+000,3.222221e+003,3.221792e+003,4.171862e-001,...
 3.062482e-002,0.000000e+000,0.000000e+000,...
 3.211546e+003,3.219909e+003,1.416403e-004,0.000000e+000,...
 3.091960e+003,3.091960e+003,1.428526e-004,0.000000e+000;...
1.841000e+000,3.187914e+003,3.187271e+003,6.083153e-001,...
 3.086067e-002,0.000000e+000,0.000000e+000,...
 3.173904e+003,3.182114e+003,1.436034e-004,0.000000e+000,...
 3.059543e+003,3.059543e+003,1.449203e-004,0.000000e+000;...
1.853900e+000,3.152536e+003,3.151678e+003,8.416411e-001,...
 3.110296e-002,0.000000e+000,0.000000e+000,...
 3.135475e+003,3.143529e+003,1.456603e-004,0.000000e+000,...
 3.026215e+003,3.026215e+003,1.470372e-004,0.000000e+000;...
1.872500e+000,3.101291e+003,3.100219e+003,1.061759e+000,...
 3.145460e-002,0.000000e+000,0.000000e+000,...
 3.081340e+003,3.089176e+003,1.486520e-004,0.000000e+000,...
 2.978048e+003,2.978048e+003,1.501286e-004,0.000000e+000;...
1.907800e+000,3.004590e+003,3.003303e+003,1.262022e+000,...
 3.211929e-002,0.000000e+000,0.000000e+000,...
 2.982558e+003,2.990001e+003,1.544156e-004,0.000000e+000,...
 2.886726e+003,2.886726e+003,1.559602e-004,0.000000e+000;...
1.989500e+000,2.782671e+003,2.781170e+003,1.509371e+000,...
 3.365878e-002,0.000000e+000,0.000000e+000,...
 2.772144e+003,2.778778e+003,1.681817e-004,0.000000e+000,...
 2.677361e+003,2.677361e+003,1.695360e-004,0.000000e+000;...
2.000000e+000,2.754368e+003,2.752867e+003,1.528797e+000,...
 3.385605e-002,0.000000e+000,0.000000e+000,...
 2.746801e+003,2.753339e+003,1.699944e-004,0.000000e+000,...
 2.650644e+003,2.650644e+003,1.712768e-004,0.000000e+000;...
2.094400e+000,2.535022e+003,2.533307e+003,1.691666e+000,...
 3.565283e-002,0.000000e+000,0.000000e+000,...
 2.521483e+003,2.527214e+003,1.866051e-004,0.000000e+000,...
 2.443057e+003,2.443057e+003,1.871145e-004,0.000000e+000;...
2.181500e+000,2.305170e+003,2.303455e+003,1.794327e+000,...
 3.710657e-002,0.000000e+000,0.000000e+000,...
 2.294179e+003,2.299184e+003,2.017483e-004,0.000000e+000,...
 2.224520e+003,2.224520e+003,2.030339e-004,0.000000e+000;...
2.200000e+000,2.256283e+003,2.254354e+003,1.808736e+000,...
 3.741533e-002,0.000000e+000,0.000000e+000,...
 2.249695e+003,2.254563e+003,2.050074e-004,0.000000e+000,...
 2.177917e+003,2.177917e+003,2.064183e-004,0.000000e+000;...
2.316200e+000,2.004068e+003,2.002138e+003,1.881037e+000,...
 3.935363e-002,0.000000e+000,0.000000e+000,...
 1.996608e+003,2.000711e+003,2.260417e-004,0.000000e+000,...
 1.937464e+003,1.937464e+003,2.276187e-004,0.000000e+000;...
2.388200e+000,1.853742e+003,1.851791e+003,1.907581e+000,...
 4.055221e-002,0.000000e+000,0.000000e+000,...
 1.836294e+003,1.839953e+003,2.395616e-004,0.000000e+000,...
 1.793708e+003,1.793708e+003,2.407222e-004,0.000000e+000;...
2.500000e+000,1.622882e+003,1.620888e+003,1.937428e+000,...
 4.241547e-002,0.000000e+000,0.000000e+000,...
 1.617896e+003,1.620975e+003,2.612897e-004,0.000000e+000,...
 1.572326e+003,1.572326e+003,2.610987e-004,0.000000e+000;...
2.645800e+000,1.409689e+003,1.407738e+003,1.921154e+000,...
 4.457677e-002,0.000000e+000,0.000000e+000,...
 1.382897e+003,1.385384e+003,2.889161e-004,0.000000e+000,...
 1.367817e+003,1.367817e+003,2.898756e-004,0.000000e+000;...
2.800000e+000,1.185926e+003,1.183975e+003,1.903957e+000,...
 4.673164e-002,0.000000e+000,0.000000e+000,...
 1.182146e+003,1.184155e+003,3.192074e-004,0.000000e+000,...
 1.152253e+003,1.152253e+003,3.211834e-004,0.000000e+000;...
2.968400e+000,1.011800e+003,1.009871e+003,1.864570e+000,...
 4.903873e-002,0.000000e+000,0.000000e+000,...
 1.005625e+003,1.007237e+003,3.532363e-004,0.000000e+000,...
 9.843167e+002,9.843167e+002,3.546512e-004,0.000000e+000;...
3.000000e+000,9.806031e+002,9.786948e+002,1.856165e+000,...
 4.947185e-002,0.000000e+000,0.000000e+000,...
 9.765656e+002,9.781138e+002,3.595582e-004,0.000000e+000,...
