 
function zr =z15(flag,e)

za = [9.061700e-001,2.471500e+003,2.469167e+003,2.217001e+000,...
 9.433578e-003,0.000000e+000,0.000000e+000,...
 1.897857e+003,1.906914e+003,2.975929e-005,0.000000e+000,...
 2.469184e+003,2.469184e+003,2.293519e-005,0.000000e+000;...
1.000000e+000,1.906275e+003,1.904136e+003,2.140593e+000,...
 1.114119e-002,0.000000e+000,0.000000e+000,...
 1.897857e+003,1.906914e+003,2.975929e-005,0.000000e+000,...
 1.904045e+003,1.904045e+003,2.974545e-005,0.000000e+000;...
1.100000e+000,1.484980e+003,1.482900e+003,2.060879e+000,...
 1.298529e-002,0.000000e+000,0.000000e+000,...
 1.476744e+003,1.483148e+003,3.772573e-005,0.000000e+000,...
 1.482893e+003,1.482893e+003,3.834545e-005,0.000000e+000;...
1.228800e+000,1.111553e+003,1.109570e+003,1.957641e+000,...
 1.551901e-002,0.000000e+000,0.000000e+000,...
 1.100512e+003,1.104782e+003,4.969547e-005,0.000000e+000,...
 1.109582e+003,1.109582e+003,5.043353e-005,0.000000e+000;...
1.250000e+000,1.055209e+003,1.053245e+003,1.938160e+000,...
 1.592224e-002,0.000000e+000,0.000000e+000,...
 1.051708e+003,1.055719e+003,5.185672e-005,0.000000e+000,...
 1.053236e+003,1.053236e+003,5.264363e-005,0.000000e+000;...
1.400000e+000,7.808400e+002,7.790124e+002,1.807663e+000,...
 1.882361e-002,0.000000e+000,0.000000e+000,...
 7.786948e+002,7.813455e+002,6.822008e-005,0.000000e+000,...
 7.789935e+002,7.789935e+002,6.956494e-005,0.000000e+000;...
1.600000e+000,5.478439e+002,5.462108e+002,1.615341e+000,...
 2.270273e-002,0.000000e+000,0.000000e+000,...
 5.453848e+002,5.470086e+002,9.316388e-005,0.000000e+000,...
 5.461932e+002,5.461932e+002,9.521023e-005,0.000000e+000;...
1.800000e+000,3.986052e+002,3.972054e+002,1.378690e+000,...
 2.653479e-002,0.000000e+000,0.000000e+000,...
 3.965575e+002,3.976066e+002,1.212606e-004,0.000000e+000,...
 3.971970e+002,3.971970e+002,1.237374e-004,0.000000e+000;...
1.887100e+000,3.551712e+002,3.538880e+002,1.254512e+000,...
 2.824766e-002,0.000000e+000,0.000000e+000,...
 3.485548e+002,3.494341e+002,1.345077e-004,0.000000e+000,...
 3.538859e+002,3.538859e+002,1.366262e-004,0.000000e+000;...
1.998800e+000,2.994691e+002,2.984192e+002,1.028943e+000,...
 3.019966e-002,0.000000e+000,0.000000e+000,...
 2.979042e+002,2.986137e+002,1.518831e-004,0.000000e+000,...
 2.984063e+002,2.984063e+002,1.550453e-004,0.000000e+000;...
2.000000e+000,2.988470e+002,2.977971e+002,1.024549e+000,...
 3.022299e-002,0.000000e+000,0.000000e+000,...
 2.974164e+002,2.981243e+002,1.520725e-004,0.000000e+000,...
 2.977954e+002,2.977954e+002,1.552704e-004,0.000000e+000;...
2.071500e+000,2.738636e+002,2.730665e+002,7.625837e-001,...
 3.148868e-002,0.000000e+000,0.000000e+000,...
 2.702145e+002,2.708353e+002,1.635791e-004,0.000000e+000,...
 2.730784e+002,2.730784e+002,1.672394e-004,0.000000e+000;...
2.087700e+000,2.681476e+002,2.674672e+002,6.534932e-001,...
 3.177643e-002,0.000000e+000,0.000000e+000,...
 2.645272e+002,2.651302e+002,1.662474e-004,0.000000e+000,...
 2.674539e+002,2.674539e+002,1.699696e-004,0.000000e+000;...
2.098300e+000,2.644147e+002,2.638120e+002,5.608897e-001,...
 3.196307e-002,0.000000e+000,0.000000e+000,...
 2.608939e+002,2.614856e+002,1.680045e-004,0.000000e+000,...
 2.638066e+002,2.638066e+002,1.717343e-004,0.000000e+000;...
2.109200e+000,2.605263e+002,2.600402e+002,4.622591e-001,...
 3.215750e-002,0.000000e+000,0.000000e+000,...
 2.572286e+002,2.578090e+002,1.698222e-004,0.000000e+000,...
 2.600296e+002,2.600296e+002,1.735923e-004,0.000000e+000;...
2.121600e+000,2.561906e+002,2.557435e+002,4.088707e-001,...
 3.237719e-002,0.000000e+000,0.000000e+000,...
 2.531439e+002,2.537117e+002,1.719025e-004,0.000000e+000,...
 2.557461e+002,2.557461e+002,1.756800e-004,0.000000e+000;...
2.130400e+000,2.531965e+002,2.527105e+002,4.493884e-001,...
 3.253273e-002,0.000000e+000,0.000000e+000,...
 2.502985e+002,2.508576e+002,1.733857e-004,0.000000e+000,...
 2.527054e+002,2.527054e+002,1.771541e-004,0.000000e+000;...
2.130400e+000,2.512329e+003,2.511940e+003,4.493884e-001,...
 3.253273e-002,0.000000e+000,0.000000e+000,...
 2.504268e+003,2.509863e+003,1.734026e-004,0.000000e+000,...
 2.382822e+003,2.382822e+003,1.771541e-004,0.000000e+000;...
2.130700e+000,2.511745e+003,2.511162e+003,4.505549e-001,...
 3.253662e-002,0.000000e+000,0.000000e+000,...
 2.503711e+003,2.509304e+003,1.734365e-004,0.000000e+000,...
 2.382273e+003,2.382273e+003,1.771803e-004,0.000000e+000;...
2.145000e+000,2.473444e+003,2.472861e+003,6.434026e-001,...
 3.279131e-002,0.000000e+000,0.000000e+000,...
 2.464417e+003,2.469886e+003,1.758623e-004,0.000000e+000,...
 2.346684e+003,2.346684e+003,1.796101e-004,0.000000e+000;...
2.148000e+000,2.465278e+003,2.464695e+003,6.917556e-001,...
 3.284381e-002,0.000000e+000,0.000000e+000,...
 2.456280e+003,2.461724e+003,1.763735e-004,0.000000e+000,...
 2.339174e+003,2.339174e+003,1.801189e-004,0.000000e+000;...
2.166200e+000,2.417256e+003,2.416284e+003,9.559564e-001,...
 3.316655e-002,0.000000e+000,0.000000e+000,...
 2.407742e+003,2.413032e+003,1.794908e-004,0.000000e+000,...
 2.294130e+003,2.294130e+003,1.831947e-004,0.000000e+000;...
2.200000e+000,2.327238e+003,2.325877e+003,1.195718e+000,...
 3.376537e-002,0.000000e+000,0.000000e+000,...
 2.321151e+003,2.326172e+003,1.853562e-004,0.000000e+000,...
 2.210124e+003,2.210124e+003,1.889153e-004,0.000000e+000;...
2.258500e+000,2.208252e+003,2.206891e+003,1.403789e+000,...
 3.481331e-002,0.000000e+000,0.000000e+000,...
 2.181429e+003,2.186026e+003,1.957379e-004,0.000000e+000,...
 2.099543e+003,2.099543e+003,1.988890e-004,0.000000e+000;...
2.337700e+000,2.046492e+003,2.044937e+003,1.559405e+000,...
 3.620732e-002,0.000000e+000,0.000000e+000,...
 2.010619e+003,2.014712e+003,2.100660e-004,0.000000e+000,...
 1.948885e+003,1.948885e+003,2.127188e-004,0.000000e+000;...
2.390600e+000,1.940143e+003,1.938490e+003,1.622981e+000,...
 3.704723e-002,0.000000e+000,0.000000e+000,...
 1.906948e+003,1.910745e+003,2.194200e-004,0.000000e+000,...
 1.849345e+003,1.849345e+003,2.226524e-004,0.000000e+000;...
2.479200e+000,1.761857e+003,1.760127e+003,1.699137e+000,...
 3.845873e-002,0.000000e+000,0.000000e+000,...
 1.749637e+003,1.752996e+003,2.354707e-004,0.000000e+000,...
 1.682012e+003,1.682012e+003,2.394101e-004,0.000000e+000;...
2.500000e+000,1.720329e+003,1.718579e+003,1.710997e+000,...
 3.878925e-002,0.000000e+000,0.000000e+000,...
 1.715352e+003,1.718616e+003,2.393184e-004,0.000000e+000,...
 1.642945e+003,1.642945e+003,2.433455e-004,0.000000e+000;...
2.626000e+000,1.549179e+003,1.547370e+003,1.767943e+000,...
 4.079958e-002,0.000000e+000,0.000000e+000,...
 1.526675e+003,1.529441e+003,2.632720e-004,0.000000e+000,...
 1.482362e+003,1.482362e+003,2.672056e-004,0.000000e+000;...
2.645800e+000,1.522329e+003,1.520521e+003,1.771462e+000,...
 4.111455e-002,0.000000e+000,0.000000e+000,...
 1.499738e+003,1.502435e+003,2.671367e-004,0.000000e+000,...
 1.457112e+003,1.457112e+003,2.709268e-004,0.000000e+000;...
2.789600e+000,1.329209e+003,1.327381e+003,1.797048e+000,...
 4.340873e-002,0.000000e+000,0.000000e+000,...
 1.322949e+003,1.325205e+003,2.949703e-004,0.000000e+000,...
 1.274735e+003,1.274735e+003,2.982017e-004,0.000000e+000;...
2.800000e+000,1.315210e+003,1.313363e+003,1.798895e+000,...
 4.355260e-002,0.000000e+000,0.000000e+000,...
 1.311333e+003,1.313561e+003,2.970041e-004,0.000000e+000,...
 1.261477e+003,1.261477e+003,3.004383e-004,0.000000e+000;...
2.993300e+000,1.124832e+003,1.123004e+003,1.796951e+000,...
 4.620453e-002,0.000000e+000,0.000000e+000,...
 1.119440e+003,1.121219e+003,3.359656e-004,0.000000e+000,...
 1.081385e+003,1.081385e+003,3.413988e-004,0.000000e+000;...
3.000000e+000,1.118338e+003,1.116491e+003,1.796873e+000,...
 4.629591e-002,0.000000e+000,0.000000e+000,...
 1.113524e+003,1.115290e+003,3.373554e-004,0.000000e+000,...
 1.075212e+003,1.075212e+003,3.428030e-004,0.000000e+000;...
3.200000e+000,9.426579e+002,9.408303e+002,1.794851e+000,...
 4.904115e-002,0.000000e+000,0.000000e+000,...
 9.395071e+002,9.409033e+002,3.785134e-004,0.000000e+000,...
