 
function zr =z16(flag,e)

za = [9.000000e-001,3.182872e+003,3.180242e+003,2.567220e+000,...
 8.425492e-003,0.000000e+000,0.000000e+000,...
 2.405340e+003,2.416819e+003,2.716828e-005,0.000000e+000,...
 3.180140e+003,3.180140e+003,2.045518e-005,0.000000e+000;...
1.000000e+000,2.414715e+003,2.412086e+003,2.488714e+000,...
 1.012238e-002,0.000000e+000,0.000000e+000,...
 2.405340e+003,2.416819e+003,2.716828e-005,0.000000e+000,...
 2.412029e+003,2.412029e+003,2.715121e-005,0.000000e+000;...
1.100000e+000,1.886021e+003,1.883579e+003,2.407391e+000,...
 1.187938e-002,0.000000e+000,0.000000e+000,...
 1.875883e+003,1.884018e+003,3.463384e-005,0.000000e+000,...
 1.883619e+003,1.883619e+003,3.531182e-005,0.000000e+000;...
1.106700e+000,1.858938e+003,1.856516e+003,2.401944e+000,...
 1.200559e-002,0.000000e+000,0.000000e+000,...
 1.846402e+003,1.854361e+003,3.517372e-005,0.000000e+000,...
 1.856501e+003,1.856501e+003,3.589598e-005,0.000000e+000;...
1.172600e+000,1.599136e+003,1.596770e+003,2.347666e+000,...
 1.325060e-002,0.000000e+000,0.000000e+000,...
 1.587490e+003,1.593947e+003,4.075734e-005,0.000000e+000,...
 1.596766e+003,1.596766e+003,4.176689e-005,0.000000e+000;...
1.211300e+000,1.472663e+003,1.470334e+003,2.315738e+000,...
 1.398195e-002,0.000000e+000,0.000000e+000,...
 1.457488e+003,1.463226e+003,4.427179e-005,0.000000e+000,...
 1.470333e+003,1.470333e+003,4.529409e-005,0.000000e+000;...
1.250000e+000,1.347091e+003,1.344781e+003,2.284185e+000,...
 1.470428e-002,0.000000e+000,0.000000e+000,...
 1.341728e+003,1.346845e+003,4.796434e-005,0.000000e+000,...
 1.344773e+003,1.344773e+003,4.902802e-005,0.000000e+000;...
1.264200e+000,1.310561e+003,1.308270e+003,2.272729e+000,...
 1.497360e-002,0.000000e+000,0.000000e+000,...
 1.302430e+003,1.307342e+003,4.936451e-005,0.000000e+000,...
 1.308154e+003,1.308154e+003,5.054847e-005,0.000000e+000;...
1.350500e+000,1.107234e+003,1.105018e+003,2.203425e+000,...
 1.661471e-002,0.000000e+000,0.000000e+000,...
 1.092269e+003,1.096124e+003,5.840736e-005,0.000000e+000,...
 1.104941e+003,1.104941e+003,5.997421e-005,0.000000e+000;...
1.400000e+000,9.944150e+002,9.922364e+002,2.163234e+000,...
 1.755679e-002,0.000000e+000,0.000000e+000,...
 9.923519e+002,9.957299e+002,6.398473e-005,0.000000e+000,...
 9.922361e+002,9.922361e+002,6.550725e-005,0.000000e+000;...
1.600000e+000,6.974258e+002,6.954163e+002,1.990070e+000,...
 2.143138e-002,0.000000e+000,0.000000e+000,...
 6.948019e+002,6.968705e+002,8.784906e-005,0.000000e+000,...
 6.954106e+002,6.954106e+002,9.080012e-005,0.000000e+000;...
1.800000e+000,5.087862e+002,5.069456e+002,1.802219e+000,...
 2.532474e-002,0.000000e+000,0.000000e+000,...
 5.060280e+002,5.073667e+002,1.159305e-004,0.000000e+000,...
 5.069512e+002,5.069512e+002,1.193264e-004,0.000000e+000;...
2.000000e+000,3.822376e+002,3.806224e+002,1.586083e+000,...
 2.915989e-002,0.000000e+000,0.000000e+000,...
 3.803088e+002,3.812140e+002,1.470628e-004,0.000000e+000,...
 3.806280e+002,3.806280e+002,1.512077e-004,0.000000e+000;...
2.200000e+000,2.943034e+002,2.929699e+002,1.317886e+000,...
 3.285981e-002,0.000000e+000,0.000000e+000,...
 2.929484e+002,2.935820e+002,1.807398e-004,0.000000e+000,...
 2.929513e+002,2.929513e+002,1.859706e-004,0.000000e+000;...
2.298900e+000,2.636898e+002,2.625254e+002,1.136007e+000,...
 3.472668e-002,0.000000e+000,0.000000e+000,...
 2.597131e+002,2.602506e+002,1.987787e-004,0.000000e+000,...
 2.625074e+002,2.625074e+002,2.036240e-004,0.000000e+000;...
2.339600e+000,2.510500e+002,2.499795e+002,1.017403e+000,...
 3.549483e-002,0.000000e+000,0.000000e+000,...
 2.475267e+002,2.480301e+002,2.062828e-004,0.000000e+000,...
 2.499911e+002,2.499911e+002,2.109449e-004,0.000000e+000;...
2.363000e+000,2.444953e+002,2.434999e+002,9.493210e-001,...
 3.588924e-002,0.000000e+000,0.000000e+000,...
 2.408718e+002,2.413567e+002,2.106633e-004,0.000000e+000,...
 2.435085e+002,2.435085e+002,2.155207e-004,0.000000e+000;...
2.400100e+000,2.343722e+002,2.335646e+002,7.726263e-001,...
 3.651654e-002,0.000000e+000,0.000000e+000,...
 2.308117e+002,2.312692e+002,2.173965e-004,0.000000e+000,...
 2.335652e+002,2.335652e+002,2.228168e-004,0.000000e+000;...
2.415200e+000,2.302215e+002,2.295266e+002,6.618352e-001,...
 3.677196e-002,0.000000e+000,0.000000e+000,...
 2.268812e+002,2.273280e+002,2.201680e-004,0.000000e+000,...
 2.295246e+002,2.295246e+002,2.257842e-004,0.000000e+000;...
2.425300e+000,2.274419e+002,2.268221e+002,5.759295e-001,...
 3.694287e-002,0.000000e+000,0.000000e+000,...
 2.243031e+002,2.247430e+002,2.220316e-004,0.000000e+000,...
 2.268159e+002,2.268159e+002,2.277720e-004,0.000000e+000;...
2.435800e+000,2.245496e+002,2.240237e+002,4.983625e-001,...
 3.711942e-002,0.000000e+000,0.000000e+000,...
 2.216650e+002,2.220978e+002,2.239775e-004,0.000000e+000,...
 2.240135e+002,2.240135e+002,2.298246e-004,0.000000e+000;...
2.455900e+000,2.191781e+002,2.186335e+002,5.051802e-001,...
 3.745936e-002,0.000000e+000,0.000000e+000,...
 2.167300e+002,2.171497e+002,2.277257e-004,0.000000e+000,...
 2.186394e+002,2.186394e+002,2.338055e-004,0.000000e+000;...
2.455900e+000,2.099565e+003,2.099001e+003,5.051802e-001,...
 3.745936e-002,0.000000e+000,0.000000e+000,...
 2.093342e+003,2.097397e+003,2.277444e-004,0.000000e+000,...
 1.965001e+003,1.965001e+003,2.338055e-004,0.000000e+000;...
2.456300e+000,2.098626e+003,2.098250e+003,5.067766e-001,...
 3.746687e-002,0.000000e+000,0.000000e+000,...
 2.092759e+003,2.096813e+003,2.278007e-004,0.000000e+000,...
 1.964209e+003,1.964209e+003,2.338854e-004,0.000000e+000;...
2.474800e+000,2.063505e+003,2.062753e+003,7.294292e-001,...
 3.777864e-002,0.000000e+000,0.000000e+000,...
 2.057311e+003,2.061267e+003,2.312792e-004,0.000000e+000,...
 1.931879e+003,1.931879e+003,2.375247e-004,0.000000e+000;...
2.500000e+000,2.015237e+003,2.014110e+003,1.047660e+000,...
 3.820498e-002,0.000000e+000,0.000000e+000,...
 2.010399e+003,2.014226e+003,2.360602e-004,0.000000e+000,...
 1.887749e+003,1.887730e+003,2.425121e-004,0.000000e+000;...
2.514700e+000,1.992699e+003,1.991384e+003,1.158958e+000,...
 3.845665e-002,0.000000e+000,0.000000e+000,...
 1.983742e+003,1.987496e+003,2.388714e-004,0.000000e+000,...
 1.867128e+003,1.867128e+003,2.454361e-004,0.000000e+000;...
2.586400e+000,1.882640e+003,1.881138e+003,1.422930e+000,...
 3.967931e-002,0.000000e+000,0.000000e+000,...
 1.860741e+003,1.864165e+003,2.528273e-004,0.000000e+000,...
 1.766748e+003,1.766748e+003,2.596824e-004,0.000000e+000;...
2.723100e+000,1.673323e+003,1.671632e+003,1.650935e+000,...
 4.201195e-002,0.000000e+000,0.000000e+000,...
 1.654846e+003,1.657737e+003,2.805422e-004,0.000000e+000,...
 1.574860e+003,1.574860e+003,2.870059e-004,0.000000e+000;...
2.800000e+000,1.557179e+003,1.555432e+003,1.719694e+000,...
 4.332476e-002,0.000000e+000,0.000000e+000,...
 1.552866e+003,1.555504e+003,2.967733e-004,0.000000e+000,...
 1.467754e+003,1.467754e+003,3.024155e-004,0.000000e+000;...
2.805400e+000,1.551357e+003,1.549591e+003,1.722943e+000,...
 4.341868e-002,0.000000e+000,0.000000e+000,...
 1.546047e+003,1.548669e+003,2.979303e-004,0.000000e+000,...
 1.462414e+003,1.462414e+003,3.035209e-004,0.000000e+000;...
2.993300e+000,1.350152e+003,1.348293e+003,1.814877e+000,...
 4.621146e-002,0.000000e+000,0.000000e+000,...
 1.333249e+003,1.335367e+003,3.363963e-004,0.000000e+000,...
 1.276942e+003,1.276926e+003,3.455382e-004,0.000000e+000;...
3.000000e+000,1.343034e+003,1.341175e+003,1.816737e+000,...
 4.631100e-002,0.000000e+000,0.000000e+000,...
 1.326456e+003,1.328559e+003,3.378080e-004,0.000000e+000,...
 1.270354e+003,1.270354e+003,3.470209e-004,0.000000e+000;...
3.143500e+000,1.193347e+003,1.191431e+003,1.856929e+000,...
 4.844456e-002,0.000000e+000,0.000000e+000,...
 1.187762e+003,1.189559e+003,3.687033e-004,0.000000e+000,...
 1.131235e+003,1.131235e+003,3.790507e-004,0.000000e+000;...
3.200000e+000,1.137040e+003,1.135125e+003,1.864216e+000,...
 4.928408e-002,0.000000e+000,0.000000e+000,...
 1.133516e+003,1.135201e+003,3.812126e-004,0.000000e+000,...
