 
function zr =z17(flag,e)

za = [9.686100e-001,3.098246e+003,3.095698e+003,2.664253e+000,...
 8.108265e-003,0.000000e+000,0.000000e+000,...
 2.807331e+003,2.820729e+003,2.307430e-005,0.000000e+000,...
 3.095520e+003,3.095520e+003,2.122378e-005,0.000000e+000;...
1.000000e+000,2.823412e+003,2.820694e+003,2.641153e+000,...
 8.568586e-003,0.000000e+000,0.000000e+000,...
 2.807331e+003,2.820729e+003,2.307430e-005,0.000000e+000,...
 2.820628e+003,2.820628e+003,2.305880e-005,0.000000e+000;...
1.089200e+000,2.265422e+003,2.262705e+003,2.580682e+000,...
 9.924578e-003,0.000000e+000,0.000000e+000,...
 2.245113e+003,2.254946e+003,2.886460e-005,0.000000e+000,...
 2.262555e+003,2.262555e+003,2.949419e-005,0.000000e+000;...
1.100000e+000,2.197648e+003,2.195100e+003,2.571850e+000,...
 1.008917e-002,0.000000e+000,0.000000e+000,...
 2.187911e+003,2.197399e+003,2.962062e-005,0.000000e+000,...
 2.195056e+003,2.195056e+003,3.029643e-005,0.000000e+000;...
1.172600e+000,1.863364e+003,1.860986e+003,2.517324e+000,...
 1.128533e-002,0.000000e+000,0.000000e+000,...
 1.851059e+003,1.858587e+003,3.502107e-005,0.000000e+000,...
 1.860889e+003,1.860889e+003,3.606514e-005,0.000000e+000;...
1.203600e+000,1.745311e+003,1.742763e+003,2.493884e+000,...
 1.179626e-002,0.000000e+000,0.000000e+000,...
 1.728742e+003,1.735591e+003,3.749943e-005,0.000000e+000,...
 1.742801e+003,1.742801e+003,3.858990e-005,0.000000e+000;...
1.250000e+000,1.572207e+003,1.569744e+003,2.455835e+000,...
 1.256046e-002,0.000000e+000,0.000000e+000,...
 1.565100e+003,1.571070e+003,4.140686e-005,0.000000e+000,...
 1.569732e+003,1.569732e+003,4.241693e-005,0.000000e+000;...
1.363800e+000,1.264522e+003,1.262144e+003,2.366829e+000,...
 1.454239e-002,0.000000e+000,0.000000e+000,...
 1.244662e+003,1.249012e+003,5.180442e-005,0.000000e+000,...
 1.262145e+003,1.262145e+003,5.296522e-005,0.000000e+000;...
1.400000e+000,1.166819e+003,1.164458e+003,2.338292e+000,...
 1.516187e-002,0.000000e+000,0.000000e+000,...
 1.161812e+003,1.165767e+003,5.524742e-005,0.000000e+000,...
 1.164459e+003,1.164459e+003,5.664281e-005,0.000000e+000;...
1.500000e+000,9.799391e+002,9.776630e+002,2.262025e+000,...
 1.694710e-002,0.000000e+000,0.000000e+000,...
 9.690491e+002,9.721273e+002,6.544978e-005,0.000000e+000,...
 9.776395e+002,9.776395e+002,6.731798e-005,0.000000e+000;...
1.600000e+000,8.197441e+002,8.175530e+002,2.183550e+000,...
 1.867101e-002,0.000000e+000,0.000000e+000,...
 8.155521e+002,8.179802e+002,7.669249e-005,0.000000e+000,...
 8.175366e+002,8.175366e+002,7.947067e-005,0.000000e+000;...
1.800000e+000,5.978221e+002,5.957838e+002,2.021673e+000,...
 2.225165e-002,0.000000e+000,0.000000e+000,...
 5.945844e+002,5.961573e+002,1.019598e-004,0.000000e+000,...
 5.957789e+002,5.957789e+002,1.056904e-004,0.000000e+000;...
2.000000e+000,4.505535e+002,4.486851e+002,1.854531e+000,...
 2.585438e-002,0.000000e+000,0.000000e+000,...
 4.476196e+002,4.486851e+002,1.303476e-004,0.000000e+000,...
 4.486776e+002,4.486776e+002,1.350887e-004,0.000000e+000;...
2.200000e+000,3.472617e+002,3.455631e+002,1.676467e+000,...
 2.935180e-002,0.000000e+000,0.000000e+000,...
 3.449172e+002,3.456633e+002,1.617738e-004,0.000000e+000,...
 3.455620e+002,3.455620e+002,1.677180e-004,0.000000e+000;...
2.334600e+000,2.976286e+002,2.960489e+002,1.542006e+000,...
 3.176891e-002,0.000000e+000,0.000000e+000,...
 2.931260e+002,2.937234e+002,1.847806e-004,0.000000e+000,...
 2.960522e+002,2.960522e+002,1.904869e-004,0.000000e+000;...
2.354800e+000,2.906644e+002,2.891186e+002,1.519024e+000,...
 3.213071e-002,0.000000e+000,0.000000e+000,...
 2.862878e+002,2.868661e+002,1.882025e-004,0.000000e+000,...
 2.890995e+002,2.890995e+002,1.939134e-004,0.000000e+000;...
2.500000e+000,2.443945e+002,2.430356e+002,1.330615e+000,...
 3.450026e-002,0.000000e+000,0.000000e+000,...
 2.429971e+002,2.434594e+002,2.135687e-004,0.000000e+000,...
 2.430243e+002,2.430243e+002,2.211325e-004,0.000000e+000;...
2.625600e+000,2.154334e+002,2.142614e+002,1.133357e+000,...
 3.658274e-002,0.000000e+000,0.000000e+000,...
 2.124556e+002,2.128403e+002,2.366948e-004,0.000000e+000,...
 2.142634e+002,2.142634e+002,2.450858e-004,0.000000e+000;...
2.698800e+000,1.998912e+002,1.989060e+002,9.508421e-001,...
 3.779723e-002,0.000000e+000,0.000000e+000,...
 1.970356e+002,1.973827e+002,2.507468e-004,0.000000e+000,...
 1.989061e+002,1.989061e+002,2.591555e-004,0.000000e+000;...
2.741200e+000,1.911434e+002,1.903281e+002,7.798440e-001,...
 3.850045e-002,0.000000e+000,0.000000e+000,...
 1.887962e+002,1.891237e+002,2.590808e-004,0.000000e+000,...
 1.903245e+002,1.903245e+002,2.673033e-004,0.000000e+000;...
2.758400e+000,1.875594e+002,1.868459e+002,6.729681e-001,...
 3.878752e-002,0.000000e+000,0.000000e+000,...
 1.855878e+002,1.859077e+002,2.625022e-004,0.000000e+000,...
 1.868367e+002,1.868367e+002,2.706447e-004,0.000000e+000;...
2.770000e+000,1.851304e+002,1.845019e+002,5.897708e-001,...
 3.897776e-002,0.000000e+000,0.000000e+000,...
 1.834659e+002,1.837807e+002,2.648231e-004,0.000000e+000,...
 1.844930e+002,1.844930e+002,2.728698e-004,0.000000e+000;...
2.781900e+000,1.826334e+002,1.820899e+002,5.135037e-001,...
 3.917650e-002,0.000000e+000,0.000000e+000,...
 1.813233e+002,1.816331e+002,2.672148e-004,0.000000e+000,...
 1.820820e+002,1.820820e+002,2.751921e-004,0.000000e+000;...
2.800000e+000,1.789644e+002,1.784209e+002,4.959741e-001,...
 3.947715e-002,0.000000e+000,0.000000e+000,...
 1.781294e+002,1.784318e+002,2.708744e-004,0.000000e+000,...
 1.784159e+002,1.784159e+002,2.786804e-004,0.000000e+000;...
2.804900e+000,1.782341e+002,1.776735e+002,5.132319e-001,...
 3.955869e-002,0.000000e+000,0.000000e+000,...
 1.772780e+002,1.775784e+002,2.718697e-004,0.000000e+000,...
 1.776716e+002,1.776716e+002,2.796355e-004,0.000000e+000;...
2.804900e+000,1.652822e+003,1.652262e+003,5.132319e-001,...
 3.955869e-002,0.000000e+000,0.000000e+000,...
 1.649272e+003,1.652070e+003,2.718900e-004,0.000000e+000,...
 1.523470e+003,1.523470e+003,2.796355e-004,0.000000e+000;...
2.821300e+000,1.637467e+003,1.636771e+003,6.572391e-001,...
 3.983556e-002,0.000000e+000,0.000000e+000,...
 1.632093e+003,1.634845e+003,2.751476e-004,0.000000e+000,...
 1.509872e+003,1.509872e+003,2.828514e-004,0.000000e+000;...
2.824600e+000,1.634410e+003,1.633679e+003,6.925021e-001,...
 3.988312e-002,0.000000e+000,0.000000e+000,...
 1.628649e+003,1.631392e+003,2.757912e-004,0.000000e+000,...
 1.507116e+003,1.507116e+003,2.835564e-004,0.000000e+000;...
2.844700e+000,1.615776e+003,1.614808e+003,9.161906e-001,...
 4.017697e-002,0.000000e+000,0.000000e+000,...
 1.607912e+003,1.610600e+003,2.796764e-004,0.000000e+000,...
 1.490452e+003,1.490452e+003,2.878638e-004,0.000000e+000;...
2.873800e+000,1.588530e+003,1.587358e+003,1.127242e+000,...
 4.060672e-002,0.000000e+000,0.000000e+000,...
 1.578608e+003,1.581221e+003,2.852740e-004,0.000000e+000,...
 1.466265e+003,1.466265e+003,2.941516e-004,0.000000e+000;...
2.928800e+000,1.536893e+003,1.535534e+003,1.317162e+000,...
 4.141526e-002,0.000000e+000,0.000000e+000,...
 1.525440e+003,1.527918e+003,2.960004e-004,0.000000e+000,...
 1.420351e+003,1.420351e+003,3.060183e-004,0.000000e+000;...
3.080300e+000,1.396792e+003,1.395179e+003,1.566601e+000,...
 4.364042e-002,0.000000e+000,0.000000e+000,...
 1.392245e+003,1.394395e+003,3.265394e-004,0.000000e+000,...
 1.295141e+003,1.295141e+003,3.386840e-004,0.000000e+000;...
3.180100e+000,1.295301e+003,1.293602e+003,1.659838e+000,...
 4.510801e-002,0.000000e+000,0.000000e+000,...
 1.290552e+003,1.292482e+003,3.474535e-004,0.000000e+000,...
 1.203619e+003,1.203619e+003,3.602834e-004,0.000000e+000;...
3.200000e+000,1.275105e+003,1.273372e+003,1.673290e+000,...
 4.540017e-002,0.000000e+000,0.000000e+000,...
 1.271542e+003,1.273432e+003,3.516993e-004,0.000000e+000,...
 1.185342e+003,1.185342e+003,3.645866e-004,0.000000e+000;...
3.376700e+000,1.123437e+003,1.121636e+003,1.760768e+000,...
 4.800922e-002,0.000000e+000,0.000000e+000,...
 1.118930e+003,1.120505e+003,3.904970e-004,0.000000e+000,...
