 
function zr =z18(flag,e)

za = [9.130800e-001,4.021329e+003,4.018616e+003,2.765908e+000,...
 6.026266e-003,0.000000e+000,0.000000e+000,...
 3.154254e+003,3.169307e+003,1.913296e-005,0.000000e+000,...
 4.018332e+003,4.018332e+003,1.493927e-005,0.000000e+000;...
1.000000e+000,3.163277e+003,3.160563e+003,2.704101e+000,...
 7.089635e-003,0.000000e+000,0.000000e+000,...
 3.154254e+003,3.169307e+003,1.913296e-005,0.000000e+000,...
 3.160453e+003,3.160453e+003,1.911644e-005,0.000000e+000;...
1.100000e+000,2.482955e+003,2.480242e+003,2.637471e+000,...
 8.373548e-003,0.000000e+000,0.000000e+000,...
 2.471976e+003,2.482696e+003,2.456916e-005,0.000000e+000,...
 2.480289e+003,2.480289e+003,2.522999e-005,0.000000e+000;...
1.106700e+000,2.447228e+003,2.444666e+003,2.633250e+000,...
 8.466709e-003,0.000000e+000,0.000000e+000,...
 2.433881e+003,2.444371e+003,2.496375e-005,0.000000e+000,...
 2.444351e+003,2.444351e+003,2.567146e-005,0.000000e+000;...
1.172600e+000,2.111213e+003,2.108500e+003,2.590438e+000,...
 9.387172e-003,0.000000e+000,0.000000e+000,...
 2.092830e+003,2.101341e+003,2.905498e-005,0.000000e+000,...
 2.108563e+003,2.108563e+003,3.012431e-005,0.000000e+000;...
1.194100e+000,2.013680e+003,2.011117e+003,2.577021e+000,...
 9.687309e-003,0.000000e+000,0.000000e+000,...
 1.995280e+003,2.003248e+003,3.047367e-005,0.000000e+000,...
 2.011065e+003,2.011065e+003,3.160594e-005,0.000000e+000;...
1.250000e+000,1.776404e+003,1.773841e+003,2.542199e+000,...
 1.046773e-002,0.000000e+000,0.000000e+000,...
 1.769358e+003,1.776107e+003,3.436044e-005,0.000000e+000,...
 1.773841e+003,1.773841e+003,3.551719e-005,0.000000e+000;...
1.333500e+000,1.520887e+003,1.518325e+003,2.484161e+000,...
 1.171923e-002,0.000000e+000,0.000000e+000,...
 1.492959e+003,1.498296e+003,4.071403e-005,0.000000e+000,...
 1.518395e+003,1.518395e+003,4.181010e-005,0.000000e+000;...
1.400000e+000,1.317499e+003,1.315042e+003,2.436826e+000,...
 1.267602e-002,0.000000e+000,0.000000e+000,...
 1.313792e+003,1.318264e+003,4.625928e-005,0.000000e+000,...
 1.315043e+003,1.315043e+003,4.782194e-005,0.000000e+000;...
1.496700e+000,1.112242e+003,1.109860e+003,2.368387e+000,...
 1.414882e-002,0.000000e+000,0.000000e+000,...
 1.102353e+003,1.105862e+003,5.490355e-005,0.000000e+000,...
 1.109765e+003,1.109765e+003,5.713828e-005,0.000000e+000;...
1.500000e+000,1.105534e+003,1.103152e+003,2.365975e+000,...
 1.419962e-002,0.000000e+000,0.000000e+000,...
 1.095993e+003,1.099474e+003,5.520329e-005,0.000000e+000,...
 1.103138e+003,1.103138e+003,5.746482e-005,0.000000e+000;...
1.600000e+000,9.261448e+002,9.238384e+002,2.294522e+000,...
 1.572292e-002,0.000000e+000,0.000000e+000,...
 9.223971e+002,9.251434e+002,6.475254e-005,0.000000e+000,...
 9.238171e+002,9.238171e+002,6.740553e-005,0.000000e+000;...
1.697100e+000,7.941507e+002,7.919046e+002,2.229097e+000,...
 1.729521e-002,0.000000e+000,0.000000e+000,...
 7.880362e+002,7.902477e+002,7.490544e-005,0.000000e+000,...
 7.918425e+002,7.918425e+002,7.770760e-005,0.000000e+000;...
1.732100e+000,7.526199e+002,7.503889e+002,2.204224e+000,...
 1.784544e-002,0.000000e+000,0.000000e+000,...
 7.457939e+002,7.478445e+002,7.878262e-005,0.000000e+000,...
 7.503365e+002,7.503365e+002,8.171748e-005,0.000000e+000;...
1.800000e+000,6.756937e+002,6.735229e+002,2.154176e+000,...
 1.887806e-002,0.000000e+000,0.000000e+000,...
 6.725529e+002,6.743322e+002,8.663921e-005,0.000000e+000,...
 6.735063e+002,6.735063e+002,9.013100e-005,0.000000e+000;...
1.862800e+000,6.232337e+002,6.211082e+002,2.110761e+000,...
 1.986545e-002,0.000000e+000,0.000000e+000,...
 6.133201e+002,6.148878e+002,9.430471e-005,0.000000e+000,...
 6.210657e+002,6.210657e+002,9.817087e-005,0.000000e+000;...
2.000000e+000,5.084548e+002,5.064348e+002,2.007499e+000,...
 2.202566e-002,0.000000e+000,0.000000e+000,...
 5.066535e+002,5.078595e+002,1.116280e-004,0.000000e+000,...
 5.064192e+002,5.064192e+002,1.161070e-004,0.000000e+000;...
2.200000e+000,3.935554e+002,3.916711e+002,1.857355e+000,...
 2.521848e-002,0.000000e+000,0.000000e+000,...
 3.917485e+002,3.925959e+002,1.393823e-004,0.000000e+000,...
 3.916782e+002,3.916782e+002,1.445591e-004,0.000000e+000;...
2.500000e+000,2.788972e+002,2.772540e+002,1.623697e+000,...
 2.984943e-002,0.000000e+000,0.000000e+000,...
 2.768071e+002,2.773338e+002,1.853098e-004,0.000000e+000,...
 2.772439e+002,2.772439e+002,1.924090e-004,0.000000e+000;...
2.645800e+000,2.404265e+002,2.389040e+002,1.494567e+000,...
 3.206843e-002,0.000000e+000,0.000000e+000,...
 2.367424e+002,2.371680e+002,2.095980e-004,0.000000e+000,...
 2.388907e+002,2.388907e+002,2.175528e-004,0.000000e+000;...
2.760600e+000,2.131714e+002,2.117695e+002,1.381115e+000,...
 3.369348e-002,0.000000e+000,0.000000e+000,...
 2.104977e+002,2.108603e+002,2.288865e-004,0.000000e+000,...
 2.117552e+002,2.117552e+002,2.389684e-004,0.000000e+000;...
2.800000e+000,2.038251e+002,2.024684e+002,1.332333e+000,...
 3.425125e-002,0.000000e+000,0.000000e+000,...
 2.024052e+002,2.027489e+002,2.357093e-004,0.000000e+000,...
 2.024684e+002,2.024684e+002,2.463379e-004,0.000000e+000;...
2.974400e+000,1.743541e+002,1.732084e+002,1.105579e+000,...
 3.676118e-002,0.000000e+000,0.000000e+000,...
 1.712486e+002,1.715222e+002,2.671574e-004,0.000000e+000,...
 1.732091e+002,1.732091e+002,2.794680e-004,0.000000e+000;...
3.057400e+000,1.617215e+002,1.607567e+002,9.328682e-001,...
 3.795510e-002,0.000000e+000,0.000000e+000,...
 1.586911e+002,1.589377e+002,2.828396e-004,0.000000e+000,...
 1.607504e+002,1.607504e+002,2.953158e-004,0.000000e+000;...
3.103100e+000,1.549680e+002,1.541389e+002,7.814125e-001,...
 3.861236e-002,0.000000e+000,0.000000e+000,...
 1.523074e+002,1.525406e+002,2.916731e-004,0.000000e+000,...
 1.541373e+002,1.541373e+002,3.040651e-004,0.000000e+000;...
3.124900e+000,1.516968e+002,1.509883e+002,6.699049e-001,...
 3.892742e-002,0.000000e+000,0.000000e+000,...
 1.493851e+002,1.496122e+002,2.959364e-004,0.000000e+000,...
 1.509827e+002,1.509827e+002,3.082769e-004,0.000000e+000;...
3.141700e+000,1.491703e+002,1.485612e+002,5.691456e-001,...
 3.916711e-002,0.000000e+000,0.000000e+000,...
 1.471849e+002,1.474074e+002,2.992432e-004,0.000000e+000,...
 1.485568e+002,1.485568e+002,3.114644e-004,0.000000e+000;...
3.164500e+000,1.457769e+002,1.452509e+002,4.854207e-001,...
 3.949725e-002,0.000000e+000,0.000000e+000,...
 1.442688e+002,1.444854e+002,3.037616e-004,0.000000e+000,...
 1.452507e+002,1.452507e+002,3.158817e-004,0.000000e+000;...
3.177600e+000,1.439122e+002,1.433590e+002,5.139722e-001,...
 3.968568e-002,0.000000e+000,0.000000e+000,...
 1.426289e+002,1.428421e+002,3.063734e-004,0.000000e+000,...
 1.433586e+002,1.433568e+002,3.183904e-004,0.000000e+000;...
3.177600e+000,1.297314e+003,1.296757e+003,5.139722e-001,...
 3.968568e-002,0.000000e+000,0.000000e+000,...
 1.294208e+003,1.296145e+003,3.063933e-004,0.000000e+000,...
 1.174847e+003,1.174847e+003,3.183904e-004,0.000000e+000;...
3.177800e+000,1.297118e+003,1.296561e+003,5.144094e-001,...
 3.968870e-002,0.000000e+000,0.000000e+000,...
 1.294112e+003,1.296049e+003,3.064134e-004,0.000000e+000,...
 1.174685e+003,1.174685e+003,3.184409e-004,0.000000e+000;...
3.200000e+000,1.275773e+003,1.275049e+003,6.860952e-001,...
 4.000828e-002,0.000000e+000,0.000000e+000,...
 1.273177e+003,1.275069e+003,3.108673e-004,0.000000e+000,...
 1.155971e+003,1.155971e+003,3.227140e-004,0.000000e+000;...
3.201100e+000,1.274898e+003,1.274160e+003,6.971449e-001,...
 4.002335e-002,0.000000e+000,0.000000e+000,...
 1.272152e+003,1.274042e+003,3.110890e-004,0.000000e+000,...
 1.155224e+003,1.155224e+003,3.229184e-004,0.000000e+000;...
3.233900e+000,1.248729e+003,1.247719e+003,9.778813e-001,...
 4.050273e-002,0.000000e+000,0.000000e+000,...
 1.242128e+003,1.243955e+003,3.177323e-004,0.000000e+000,...
 1.132377e+003,1.132377e+003,3.293167e-004,0.000000e+000;...
3.284300e+000,1.208374e+003,1.207137e+003,1.192244e+000,...
 4.123687e-002,0.000000e+000,0.000000e+000,...
 1.197930e+003,1.199664e+003,3.280805e-004,0.000000e+000,...
