 
function zr =z19(flag,e)

za = [9.000000e-001,5.284959e+003,5.281726e+003,3.246964e+000,...
 1.062844e-002,0.000000e+000,0.000000e+000,...
 4.019294e+003,4.038476e+003,3.121634e-005,0.000000e+000,...
 5.281387e+003,5.281387e+003,2.493813e-005,0.000000e+000;...
1.000000e+000,4.037952e+003,4.034872e+003,3.158255e+000,...
 1.217007e-002,0.000000e+000,0.000000e+000,...
 4.019294e+003,4.038476e+003,3.121634e-005,0.000000e+000,...
 4.034571e+003,4.034571e+003,3.118561e-005,0.000000e+000;...
1.100000e+000,3.173501e+003,3.170421e+003,3.068160e+000,...
 1.363161e-002,0.000000e+000,0.000000e+000,...
 3.157016e+003,3.170707e+003,3.812177e-005,0.000000e+000,...
 3.170007e+003,3.170007e+003,3.883358e-005,0.000000e+000;...
1.106700e+000,3.126991e+003,3.123911e+003,3.062307e+000,...
 1.373141e-002,0.000000e+000,0.000000e+000,...
 3.108809e+003,3.122208e+003,3.861025e-005,0.000000e+000,...
 3.123560e+003,3.123560e+003,3.935531e-005,0.000000e+000;...
1.172600e+000,2.691917e+003,2.688836e+003,3.004400e+000,...
 1.471568e-002,0.000000e+000,0.000000e+000,...
 2.672853e+003,2.683724e+003,4.358867e-005,0.000000e+000,...
 2.688614e+003,2.688614e+003,4.453091e-005,0.000000e+000;...
1.194100e+000,2.570096e+003,2.567170e+003,2.985457e+000,...
 1.503663e-002,0.000000e+000,0.000000e+000,...
 2.548951e+003,2.559130e+003,4.528130e-005,0.000000e+000,...
 2.566952e+003,2.566952e+003,4.622884e-005,0.000000e+000;...
1.250000e+000,2.270241e+003,2.267315e+003,2.936482e+000,...
 1.587059e-002,0.000000e+000,0.000000e+000,...
 2.261914e+003,2.270541e+003,4.984027e-005,0.000000e+000,...
 2.267100e+003,2.267100e+003,5.066450e-005,0.000000e+000;...
1.321600e+000,1.991023e+003,1.988097e+003,2.874109e+000,...
 1.696097e-002,0.000000e+000,0.000000e+000,...
 1.955703e+003,1.962757e+003,5.601461e-005,0.000000e+000,...
 1.988116e+003,1.988116e+003,5.646411e-005,0.000000e+000;...
1.333500e+000,1.944821e+003,1.941895e+003,2.864252e+000,...
 1.714116e-002,0.000000e+000,0.000000e+000,...
 1.910450e+003,1.917279e+003,5.707739e-005,0.000000e+000,...
 1.941840e+003,1.941840e+003,5.742699e-005,0.000000e+000;...
1.400000e+000,1.685624e+003,1.682852e+003,2.808655e+000,...
 1.809755e-002,0.000000e+000,0.000000e+000,...
 1.682427e+003,1.688155e+003,6.320908e-005,0.000000e+000,...
 1.682715e+003,1.682715e+003,6.564800e-005,0.000000e+000;...
1.489200e+000,1.443076e+003,1.440319e+003,2.734269e+000,...
 1.939585e-002,0.000000e+000,0.000000e+000,...
 1.431762e+003,1.436344e+003,7.194911e-005,0.000000e+000,...
 1.440223e+003,1.440223e+003,7.681992e-005,0.000000e+000;...
1.500000e+000,1.415108e+003,1.412367e+003,2.725337e+000,...
 1.955448e-002,0.000000e+000,0.000000e+000,...
 1.404992e+003,1.409455e+003,7.304753e-005,0.000000e+000,...
 1.412297e+003,1.412297e+003,7.818252e-005,0.000000e+000;...
1.600000e+000,1.190209e+003,1.187545e+003,2.643712e+000,...
 2.100985e-002,0.000000e+000,0.000000e+000,...
 1.186152e+003,1.189684e+003,8.345665e-005,0.000000e+000,...
 1.187427e+003,1.187427e+003,9.082077e-005,0.000000e+000;...
1.697100e+000,1.022894e+003,1.020307e+003,2.568094e+000,...
 2.244367e-002,0.000000e+000,0.000000e+000,...
 1.016266e+003,1.019118e+003,9.415733e-005,0.000000e+000,...
 1.020234e+003,1.020234e+003,1.032675e-004,0.000000e+000;...
1.749900e+000,9.442114e+002,9.416703e+002,2.526819e+000,...
 2.322296e-002,0.000000e+000,0.000000e+000,...
 9.357532e+002,9.382999e+002,1.002534e-004,0.000000e+000,...
 9.415851e+002,9.415851e+002,1.100693e-004,0.000000e+000;...
1.800000e+000,8.705029e+002,8.679926e+002,2.489087e+000,...
 2.396374e-002,0.000000e+000,0.000000e+000,...
 8.670815e+002,8.693754e+002,1.062188e-004,0.000000e+000,...
 8.679427e+002,8.679427e+002,1.165507e-004,0.000000e+000;...
1.929300e+000,7.309403e+002,7.285223e+002,2.393602e+000,...
 2.589963e-002,0.000000e+000,0.000000e+000,...
 7.189674e+002,7.207416e+002,1.224307e-004,0.000000e+000,...
 7.285380e+002,7.285380e+002,1.334771e-004,0.000000e+000;...
2.000000e+000,6.546598e+002,6.522881e+002,2.341855e+000,...
 2.695613e-002,0.000000e+000,0.000000e+000,...
 6.523816e+002,6.539344e+002,1.317938e-004,0.000000e+000,...
 6.522622e+002,6.522622e+002,1.427726e-004,0.000000e+000;...
2.199400e+000,5.069193e+002,5.046862e+002,2.189848e+000,...
 2.997470e-002,0.000000e+000,0.000000e+000,...
 5.041798e+002,5.052708e+002,1.601068e-004,0.000000e+000,...
 5.046673e+002,5.046673e+002,1.693354e-004,0.000000e+000;...
2.200000e+000,5.064573e+002,5.042396e+002,2.189387e+000,...
 2.998394e-002,0.000000e+000,0.000000e+000,...
 5.038069e+002,5.048968e+002,1.601963e-004,0.000000e+000,...
 5.042133e+002,5.042133e+002,1.694210e-004,0.000000e+000;...
2.500000e+000,3.583626e+002,3.563605e+002,1.963918e+000,...
 3.449947e-002,0.000000e+000,0.000000e+000,...
 3.557686e+002,3.564456e+002,2.076000e-004,0.000000e+000,...
 3.563434e+002,3.563434e+002,2.138794e-004,0.000000e+000;...
2.800000e+000,2.626463e+002,2.608752e+002,1.735061e+000,...
 3.878399e-002,0.000000e+000,0.000000e+000,...
 2.610246e+002,2.614679e+002,2.593468e-004,0.000000e+000,...
 2.608635e+002,2.608635e+002,2.702271e-004,0.000000e+000;...
2.993300e+000,2.205557e+002,2.189386e+002,1.571658e+000,...
 4.155614e-002,0.000000e+000,0.000000e+000,...
 2.174700e+002,2.178153e+002,2.956751e-004,0.000000e+000,...
 2.189383e+002,2.189383e+002,3.067020e-004,0.000000e+000;...
3.000000e+000,2.192929e+002,2.176912e+002,1.565806e+000,...
 4.165163e-002,0.000000e+000,0.000000e+000,...
 2.161444e+002,2.164868e+002,2.969761e-004,0.000000e+000,...
 2.176759e+002,2.176759e+002,3.079544e-004,0.000000e+000;...
3.144600e+000,1.924954e+002,1.910323e+002,1.419990e+000,...
 4.372459e-002,0.000000e+000,0.000000e+000,...
 1.899323e+002,1.902193e+002,3.254432e-004,0.000000e+000,...
 1.910320e+002,1.910320e+002,3.352818e-004,0.000000e+000;...
3.200000e+000,1.822230e+002,1.808215e+002,1.355861e+000,...
 4.444073e-002,0.000000e+000,0.000000e+000,...
 1.810378e+002,1.813065e+002,3.363186e-004,0.000000e+000,...
 1.808114e+002,1.808114e+002,3.480532e-004,0.000000e+000;...
3.354100e+000,1.618939e+002,1.606772e+002,1.160378e+000,...
 4.641974e-002,0.000000e+000,0.000000e+000,...
 1.591007e+002,1.593260e+002,3.672260e-004,0.000000e+000,...
 1.606788e+002,1.606788e+002,3.833311e-004,0.000000e+000;...
3.447700e+000,1.494700e+002,1.484474e+002,9.756445e-001,...
 4.762254e-002,0.000000e+000,0.000000e+000,...
 1.475173e+002,1.477205e+002,3.865033e-004,0.000000e+000,...
 1.484462e+002,1.484462e+002,4.046882e-004,0.000000e+000;...
3.499300e+000,1.425750e+002,1.417126e+002,8.137815e-001,...
 4.828478e-002,0.000000e+000,0.000000e+000,...
 1.416198e+002,1.418118e+002,3.973241e-004,0.000000e+000,...
 1.417088e+002,1.417088e+002,4.164572e-004,0.000000e+000;...
3.500000e+000,1.424780e+002,1.416186e+002,8.105320e-001,...
 4.829402e-002,0.000000e+000,0.000000e+000,...
 1.415420e+002,1.417339e+002,3.974718e-004,0.000000e+000,...
 1.416142e+002,1.416142e+002,4.166059e-004,0.000000e+000;...
3.523900e+000,1.399137e+002,1.391714e+002,6.948099e-001,...
 4.859896e-002,0.000000e+000,0.000000e+000,...
 1.389211e+002,1.391082e+002,4.025318e-004,0.000000e+000,...
 1.391657e+002,1.391657e+002,4.220435e-004,0.000000e+000;...
3.542800e+000,1.378639e+002,1.372278e+002,5.874813e-001,...
 4.884075e-002,0.000000e+000,0.000000e+000,...
 1.368951e+002,1.370785e+002,4.065541e-004,0.000000e+000,...
 1.372281e+002,1.372281e+002,4.263410e-004,0.000000e+000;...
3.568600e+000,1.351441e+002,1.345943e+002,5.017292e-001,...
 4.916879e-002,0.000000e+000,0.000000e+000,...
 1.341940e+002,1.343725e+002,4.120740e-004,0.000000e+000,...
 1.345911e+002,1.345878e+002,4.321660e-004,0.000000e+000;...
3.583300e+000,1.336656e+002,1.330819e+002,5.350875e-001,...
 4.935668e-002,0.000000e+000,0.000000e+000,...
 1.326875e+002,1.328632e+002,4.152352e-004,0.000000e+000,...
 1.330774e+002,1.330774e+002,4.355083e-004,0.000000e+000;...
3.583300e+000,1.219240e+003,1.218655e+003,5.350875e-001,...
 4.935668e-002,0.000000e+000,0.000000e+000,...
 1.216745e+003,1.218359e+003,4.152567e-004,0.000000e+000,...
