 function zr =z2(flag,e)

za = [8.000000e-001,1.247239e+002,1.243207e+002,3.959837e-001,...
 6.646214e-003,0.000000e+000,0.000000e+000,...
 6.038839e+001,6.067656e+001,2.763157e-005,0.000000e+000,...
 1.243347e+002,1.243347e+002,1.533263e-005,0.000000e+000;...
1.000000e+000,6.107193e+001,6.067628e+001,3.851221e-001,...
 1.019430e-002,0.000000e+000,0.000000e+000,...
 6.038839e+001,6.067656e+001,2.763157e-005,0.000000e+000,...
 6.068347e+001,6.068347e+001,2.760896e-005,0.000000e+000;...
1.100000e+000,4.503371e+001,4.464106e+001,3.797815e-001,...
 1.216113e-002,0.000000e+000,0.000000e+000,...
 4.444867e+001,4.464139e+001,3.580469e-005,0.000000e+000,...
 4.464528e+001,4.464528e+001,3.688057e-005,0.000000e+000;...
1.250000e+000,2.996430e+001,2.957768e+001,3.717030e-001,...
 1.540789e-002,0.000000e+000,0.000000e+000,...
 2.946598e+001,2.957832e+001,5.068450e-005,0.000000e+000,...
 2.958028e+001,2.958028e+001,5.272381e-005,0.000000e+000;...
1.395600e+000,2.115012e+001,2.076801e+001,3.636846e-001,...
 1.879727e-002,0.000000e+000,0.000000e+000,...
 2.067358e+001,2.074411e+001,6.838608e-005,0.000000e+000,...
 2.076996e+001,2.076996e+001,7.179828e-005,0.000000e+000;...
1.400000e+000,2.091694e+001,2.053483e+001,3.634289e-001,...
 1.889656e-002,0.000000e+000,0.000000e+000,...
 2.046532e+001,2.053492e+001,6.897384e-005,0.000000e+000,...
 2.053662e+001,2.053662e+001,7.245298e-005,0.000000e+000;...
1.560300e+000,1.496545e+001,1.458860e+001,3.540114e-001,...
 2.284857e-002,0.000000e+000,0.000000e+000,...
 1.444026e+001,1.448426e+001,9.201690e-005,0.000000e+000,...
 1.458995e+001,1.458995e+001,9.859844e-005,0.000000e+000;...
1.600000e+000,1.373396e+001,1.335862e+001,3.515894e-001,...
 2.382642e-002,0.000000e+000,0.000000e+000,...
 1.331903e+001,1.335859e+001,9.824953e-005,0.000000e+000,...
 1.335994e+001,1.335994e+001,1.052976e-004,0.000000e+000;...
1.800000e+000,9.510860e+000,9.142136e+000,3.394791e-001,...
 2.923016e-002,0.000000e+000,0.000000e+000,...
 9.118213e+000,9.142203e+000,1.335852e-004,0.000000e+000,...
 9.143168e+000,9.142857e+000,1.424837e-004,0.000000e+000;...
2.000000e+000,6.825838e+000,6.464184e+000,3.267821e-001,...
 3.488815e-002,0.000000e+000,0.000000e+000,...
 6.448971e+000,6.464147e+000,1.758384e-004,0.000000e+000,...
 6.464985e+000,6.464706e+000,1.864061e-004,0.000000e+000;...
2.200000e+000,5.064205e+000,4.709621e+000,3.138895e-001,...
 4.063489e-002,0.000000e+000,0.000000e+000,...
 4.699661e+000,4.709607e+000,2.222615e-004,0.000000e+000,...
 4.710211e+000,4.709957e+000,2.379399e-004,0.000000e+000;...
2.432100e+000,3.746215e+000,3.399755e+000,2.989811e-001,...
 4.747833e-002,0.000000e+000,0.000000e+000,...
 3.368596e+000,3.374903e+000,2.836782e-004,0.000000e+000,...
 3.400365e+000,3.400135e+000,3.042408e-004,0.000000e+000;...
2.500000e+000,3.423675e+000,3.079773e+000,2.944679e-001,...
 4.939191e-002,0.000000e+000,0.000000e+000,...
 3.074299e+000,3.079847e+000,3.033309e-004,0.000000e+000,...
 3.080336e+000,3.080112e+000,3.253333e-004,0.000000e+000;...
2.800000e+000,2.447030e+000,2.113508e+000,2.753623e-001,...
 5.817148e-002,0.000000e+000,0.000000e+000,...
 2.110312e+000,2.113503e+000,3.944025e-004,0.000000e+000,...
 2.114046e+000,2.113646e+000,4.229492e-004,0.000000e+000;...
3.132800e+000,1.786154e+000,1.463825e+000,2.548425e-001,...
 6.745203e-002,0.000000e+000,0.000000e+000,...
 1.452152e+000,1.453849e+000,5.073032e-004,0.000000e+000,...
 1.464508e+000,1.463954e+000,5.448987e-004,0.000000e+000;...
3.200000e+000,1.674228e+000,1.354201e+000,2.506904e-001,...
 6.931596e-002,0.000000e+000,0.000000e+000,...
 1.352727e+000,1.354205e+000,5.320201e-004,0.000000e+000,...
 1.354902e+000,1.354324e+000,5.700280e-004,0.000000e+000;...
3.500000e+000,1.313808e+000,1.003439e+000,2.332245e-001,...
 7.714777e-002,0.000000e+000,0.000000e+000,...
 1.002717e+000,1.003435e+000,6.433584e-004,0.000000e+000,...
 1.004226e+000,1.003537e+000,6.897479e-004,0.000000e+000;...
3.982100e+000,9.495365e-001,6.530377e-001,2.072137e-001,...
 8.929116e-002,0.000000e+000,0.000000e+000,...
 6.516891e-001,6.516303e-001,8.359866e-004,0.000000e+000,...
 6.539910e-001,6.531047e-001,8.902302e-004,0.000000e+000;...
4.000000e+000,9.379377e-001,6.419203e-001,2.062810e-001,...
 8.974247e-002,0.000000e+000,0.000000e+000,...
 6.420074e-001,6.419260e-001,8.436315e-004,0.000000e+000,...
 6.428711e-001,6.419747e-001,8.977310e-004,0.000000e+000;...
4.500000e+000,7.161315e-001,4.328712e-001,1.823914e-001,...
 1.008659e-001,0.000000e+000,0.000000e+000,...
 4.334644e-001,4.328738e-001,1.047381e-003,0.000000e+000,...
 4.340243e-001,4.329163e-001,1.115792e-003,0.000000e+000;...
5.000000e+000,5.758778e-001,3.042916e-001,1.614654e-001,...
 1.101163e-001,0.000000e+000,0.000000e+000,...
 3.052623e-001,3.042887e-001,1.262670e-003,0.000000e+000,...
 3.056583e-001,3.043249e-001,1.341513e-003,0.000000e+000;...
5.500000e+000,4.837645e-001,2.212195e-001,1.434580e-001,...
 1.190915e-001,0.000000e+000,0.000000e+000,...
 2.225028e-001,2.212138e-001,1.479997e-003,0.000000e+000,...
 2.228062e-001,2.212376e-001,1.562109e-003,0.000000e+000;...
6.300000e+000,3.895751e-001,1.400701e-001,1.195293e-001,...
 1.299697e-001,0.000000e+000,0.000000e+000,...
 1.417994e-001,1.400708e-001,1.834208e-003,0.000000e+000,...
 1.420035e-001,1.400827e-001,1.918456e-003,0.000000e+000;...
7.000000e+000,3.389676e-001,9.789472e-002,1.028622e-001,...
 1.382092e-001,0.000000e+000,0.000000e+000,...
 9.997550e-002,9.789544e-002,2.146475e-003,0.000000e+000,...
 1.001200e-001,9.790315e-002,2.219608e-003,0.000000e+000;...
8.000000e+000,2.933848e-001,6.217014e-002,8.418076e-002,...
 1.470309e-001,0.000000e+000,0.000000e+000,...
 6.470358e-002,6.216951e-002,2.570971e-003,0.000000e+000,...
 6.481232e-002,6.217577e-002,2.636695e-003,0.000000e+000;...
9.000000e+000,2.656741e-001,4.165336e-002,6.999894e-002,...
 1.540187e-001,0.000000e+000,0.000000e+000,...
 4.461901e-002,4.165317e-002,2.987825e-003,0.000000e+000,...
 4.469156e-002,4.165702e-002,3.034111e-003,0.000000e+000;...
1.000000e+001,2.476365e-001,2.911132e-002,5.902598e-002,...
 1.594947e-001,0.000000e+000,0.000000e+000,...
 3.250858e-002,2.911139e-002,3.411016e-003,0.000000e+000,...
 3.251988e-002,2.911372e-002,3.405658e-003,0.000000e+000;...
1.088700e+001,2.356616e-001,2.196550e-002,5.129044e-002,...
 1.623981e-001,0.000000e+000,0.000000e+000,...
 2.551744e-002,2.180555e-002,3.721403e-003,0.000000e+000,...
 2.573470e-002,2.196745e-002,3.767092e-003,0.000000e+000;...
1.100000e+001,2.342325e-001,2.105384e-002,5.040586e-002,...
 1.627742e-001,0.000000e+000,0.000000e+000,...
 2.480515e-002,2.105325e-002,3.760990e-003,0.000000e+000,...
 2.486682e-002,2.105577e-002,3.810899e-003,0.000000e+000;...
1.232600e+001,2.226938e-001,1.437393e-002,4.157062e-002,...
 1.667458e-001,0.000000e+000,0.000000e+000,...
 1.851418e-002,1.429711e-002,4.222586e-003,0.000000e+000,...
 1.864838e-002,1.437512e-002,4.273356e-003,0.000000e+000;...
1.250000e+001,2.214903e-001,1.363167e-002,4.058073e-002,...
 1.672723e-001,0.000000e+000,0.000000e+000,...
 1.790855e-002,1.363165e-002,4.282081e-003,0.000000e+000,...
 1.796213e-002,1.363272e-002,4.329411e-003,0.000000e+000;...
1.400000e+001,2.129605e-001,9.272566e-003,3.333863e-002,...
 1.703563e-001,0.000000e+000,0.000000e+000,...
 1.405632e-002,9.272494e-003,4.786976e-003,0.000000e+000,...
 1.412885e-002,9.273308e-003,4.855142e-003,0.000000e+000;...
1.535000e+001,2.069429e-001,6.825236e-003,2.834258e-002,...
 1.717705e-001,0.000000e+000,0.000000e+000,...
 1.197781e-002,6.777971e-003,5.201933e-003,0.000000e+000,...
 1.217128e-002,6.825974e-003,5.345304e-003,0.000000e+000;...
1.600000e+001,2.046563e-001,5.882740e-003,2.631768e-002,...
 1.724625e-001,0.000000e+000,0.000000e+000,...
 1.128142e-002,5.882696e-003,5.400467e-003,0.000000e+000,...
 1.144013e-002,5.883403e-003,5.556723e-003,0.000000e+000;...
1.800000e+001,1.995414e-001,3.934112e-003,2.127950e-002,...
 1.743279e-001,0.000000e+000,0.000000e+000,...
 9.939720e-003,3.934167e-003,6.006591e-003,0.000000e+000,...
