 
function zr =z20(flag,e)

za = [9.035300e-001,6.278823e+003,6.275217e+003,3.661457e+000,...
 1.308803e-002,0.000000e+000,0.000000e+000,...
 4.822298e+003,4.845312e+003,3.863395e-005,0.000000e+000,...
 6.274530e+003,6.274530e+003,3.083033e-005,0.000000e+000;...
1.000000e+000,4.848888e+003,4.845282e+003,3.560038e+000,...
 1.495640e-002,0.000000e+000,0.000000e+000,...
 4.822298e+003,4.845312e+003,3.863395e-005,0.000000e+000,...
 4.844903e+003,4.844903e+003,3.864580e-005,0.000000e+000;...
1.075600e+000,4.055865e+003,4.052409e+003,3.479954e+000,...
 1.631421e-002,0.000000e+000,0.000000e+000,...
 4.005385e+003,4.023151e+003,4.495455e-005,0.000000e+000,...
 4.051992e+003,4.051992e+003,4.540362e-005,0.000000e+000;...
1.100000e+000,3.799688e+003,3.796232e+003,3.451407e+000,...
 1.675294e-002,0.000000e+000,0.000000e+000,...
 3.782955e+003,3.799360e+003,4.710075e-005,0.000000e+000,...
 3.795836e+003,3.795836e+003,4.760528e-005,0.000000e+000;...
1.172600e+000,3.234145e+003,3.230689e+003,3.370572e+000,...
 1.808266e-002,0.000000e+000,0.000000e+000,...
 3.214598e+003,3.227672e+003,5.379441e-005,0.000000e+000,...
 3.230428e+003,3.230428e+003,5.427091e-005,0.000000e+000;...
1.235400e+000,2.835079e+003,2.831623e+003,3.303711e+000,...
 1.923358e-002,0.000000e+000,0.000000e+000,...
 2.813418e+003,2.824276e+003,5.995760e-005,0.000000e+000,...
 2.831420e+003,2.831420e+003,6.008763e-005,0.000000e+000;...
1.250000e+000,2.742675e+003,2.739219e+003,3.288535e+000,...
 1.947248e-002,0.000000e+000,0.000000e+000,...
 2.730082e+003,2.740495e+003,6.144020e-005,0.000000e+000,...
 2.739045e+003,2.739045e+003,6.160517e-005,0.000000e+000;...
1.299600e+000,2.506481e+003,2.503175e+003,3.238051e+000,...
 2.028534e-002,0.000000e+000,0.000000e+000,...
 2.467521e+003,2.476572e+003,6.661751e-005,0.000000e+000,...
 2.502954e+003,2.502954e+003,6.676496e-005,0.000000e+000;...
1.400000e+000,2.039352e+003,2.036196e+003,3.133176e+000,...
 2.193058e-002,0.000000e+000,0.000000e+000,...
 2.031222e+003,2.038137e+003,7.712152e-005,0.000000e+000,...
 2.036083e+003,2.036083e+003,7.723503e-005,0.000000e+000;...
1.496700e+000,1.721421e+003,1.718266e+003,3.038368e+000,...
 2.352173e-002,0.000000e+000,0.000000e+000,...
 1.705713e+003,1.711143e+003,8.760113e-005,0.000000e+000,...
 1.718189e+003,1.718189e+003,8.737072e-005,0.000000e+000;...
1.500000e+000,1.711655e+003,1.708500e+003,3.035363e+000,...
 2.357582e-002,0.000000e+000,0.000000e+000,...
 1.695916e+003,1.701303e+003,8.796994e-005,0.000000e+000,...
 1.708430e+003,1.708430e+003,8.772904e-005,0.000000e+000;...
1.600000e+000,1.437928e+003,1.434969e+003,2.941607e+000,...
 2.507232e-002,0.000000e+000,0.000000e+000,...
 1.431396e+003,1.435657e+003,9.949536e-005,0.000000e+000,...
 1.434879e+003,1.434879e+003,1.008306e-004,0.000000e+000;...
1.607900e+000,1.421311e+003,1.418351e+003,2.934695e+000,...
 2.518952e-002,0.000000e+000,0.000000e+000,...
 1.412990e+003,1.417177e+003,1.004346e-004,0.000000e+000,...
 1.418320e+003,1.418320e+003,1.018680e-004,0.000000e+000;...
1.697100e+000,1.234699e+003,1.231815e+003,2.854010e+000,...
 2.651773e-002,0.000000e+000,0.000000e+000,...
 1.226096e+003,1.229537e+003,1.113305e-004,0.000000e+000,...
 1.231741e+003,1.231741e+003,1.134801e-004,0.000000e+000;...
1.701200e+000,1.227262e+003,1.224377e+003,2.850405e+000,...
 2.657934e-002,0.000000e+000,0.000000e+000,...
 1.218346e+003,1.221757e+003,1.118442e-004,0.000000e+000,...
 1.224297e+003,1.224297e+003,1.140220e-004,0.000000e+000;...
1.783000e+000,1.083833e+003,1.081023e+003,2.776331e+000,...
 2.779636e-002,0.000000e+000,0.000000e+000,...
 1.075816e+003,1.078689e+003,1.223267e-004,0.000000e+000,...
 1.080962e+003,1.080962e+003,1.246431e-004,0.000000e+000;...
1.800000e+000,1.053918e+003,1.051123e+003,2.760705e+000,...
 2.805029e-002,0.000000e+000,0.000000e+000,...
 1.049108e+003,1.051883e+003,1.245612e-004,0.000000e+000,...
 1.051075e+003,1.051075e+003,1.268602e-004,0.000000e+000;...
1.969500e+000,8.333500e+002,8.307056e+002,2.617366e+000,...
 3.056248e-002,0.000000e+000,0.000000e+000,...
 8.250555e+002,8.270499e+002,1.478903e-004,0.000000e+000,...
 8.306677e+002,8.306677e+002,1.487622e-004,0.000000e+000;...
2.000000e+000,7.951713e+002,7.925419e+002,2.591973e+000,...
 3.101323e-002,0.000000e+000,0.000000e+000,...
 7.915623e+002,7.934465e+002,1.522900e-004,0.000000e+000,...
 7.924838e+002,7.924838e+002,1.526871e-004,0.000000e+000;...
2.123700e+000,6.837905e+002,6.812664e+002,2.496114e+000,...
 3.283878e-002,0.000000e+000,0.000000e+000,...
 6.727265e+002,6.742343e+002,1.700931e-004,0.000000e+000,...
 6.812213e+002,6.812213e+002,1.685768e-004,0.000000e+000;...
2.200000e+000,6.150509e+002,6.125868e+002,2.435713e+000,...
 3.390405e-002,0.000000e+000,0.000000e+000,...
 6.113425e+002,6.126650e+002,1.815214e-004,0.000000e+000,...
 6.125513e+002,6.125513e+002,1.825103e-004,0.000000e+000;...
2.213400e+000,6.062312e+002,6.037671e+002,2.425646e+000,...
 3.408886e-002,0.000000e+000,0.000000e+000,...
 6.013619e+002,6.026549e+002,1.835635e-004,0.000000e+000,...
 6.037421e+002,6.037421e+002,1.849352e-004,0.000000e+000;...
2.325600e+000,5.336451e+002,5.312712e+002,2.341355e+000,...
 3.564245e-002,0.000000e+000,0.000000e+000,...
 5.263003e+002,5.273772e+002,2.010709e-004,0.000000e+000,...
 5.312538e+002,5.312538e+002,2.052471e-004,0.000000e+000;...
2.352300e+000,5.168471e+002,5.144882e+002,2.321372e+000,...
 3.601357e-002,0.000000e+000,0.000000e+000,...
 5.103477e+002,5.113801e+002,2.053443e-004,0.000000e+000,...
 5.144725e+002,5.144725e+002,2.100648e-004,0.000000e+000;...
2.500000e+000,4.360573e+002,4.338036e+002,2.210938e+000,...
 3.805698e-002,0.000000e+000,0.000000e+000,...
 4.330660e+002,4.338901e+002,2.297237e-004,0.000000e+000,...
 4.337807e+002,4.337807e+002,2.366065e-004,0.000000e+000;...
2.578300e+000,4.033027e+002,4.011090e+002,2.157449e+000,...
 3.912826e-002,0.000000e+000,0.000000e+000,...
 3.982761e+002,3.990109e+002,2.431533e-004,0.000000e+000,...
 4.010895e+002,4.010895e+002,2.505277e-004,0.000000e+000;...
2.800000e+000,3.201991e+002,3.181707e+002,1.995328e+000,...
 4.216182e-002,0.000000e+000,0.000000e+000,...
 3.180583e+002,3.185985e+002,2.827885e-004,0.000000e+000,...
 3.181567e+002,3.181567e+002,2.897466e-004,0.000000e+000;...
3.197800e+000,2.227015e+002,2.209435e+002,1.708500e+000,...
 4.747168e-002,0.000000e+000,0.000000e+000,...
 2.208105e+002,2.211385e+002,3.597100e-004,0.000000e+000,...
 2.209382e+002,2.209382e+002,3.631933e-004,0.000000e+000;...
3.200000e+000,2.222056e+002,2.204477e+002,1.706697e+000,...
 4.750023e-002,0.000000e+000,0.000000e+000,...
 2.203903e+002,2.207176e+002,3.601531e-004,0.000000e+000,...
 2.204436e+002,2.204436e+002,3.637097e-004,0.000000e+000;...
3.464100e+000,1.793992e+002,1.778517e+002,1.491868e+000,...
 5.075917e-002,0.000000e+000,0.000000e+000,...
 1.769375e+002,1.771800e+002,4.147006e-004,0.000000e+000,...
 1.778482e+002,1.778482e+002,4.244458e-004,0.000000e+000;...
3.500000e+000,1.737047e+002,1.722022e+002,1.454110e+000,...
 5.120241e-002,0.000000e+000,0.000000e+000,...
 1.719937e+002,1.722270e+002,4.223129e-004,0.000000e+000,...
 1.721899e+002,1.721899e+002,4.326452e-004,0.000000e+000;...
3.741700e+000,1.458573e+002,1.446117e+002,1.191487e+000,...
 5.413079e-002,0.000000e+000,0.000000e+000,...
 1.431518e+002,1.433333e+002,4.751172e-004,0.000000e+000,...
 1.446074e+002,1.446057e+002,4.869272e-004,0.000000e+000;...
3.759900e+000,1.440513e+002,1.428282e+002,1.168063e+000,...
 5.435016e-002,0.000000e+000,0.000000e+000,...
 1.412552e+002,1.414333e+002,4.792023e-004,0.000000e+000,...
 1.428247e+002,1.428230e+002,4.909877e-004,0.000000e+000;...
3.863100e+000,1.337486e+002,1.327043e+002,9.877475e-001,...
 5.560174e-002,0.000000e+000,0.000000e+000,...
 1.311232e+002,1.312841e+002,5.026493e-004,0.000000e+000,...
 1.327014e+002,1.326997e+002,5.139780e-004,0.000000e+000;...
3.923800e+000,1.276304e+002,1.267574e+002,8.171981e-001,...
 5.633797e-002,0.000000e+000,0.000000e+000,...
 1.256226e+002,1.257743e+002,5.166684e-004,0.000000e+000,...
