 
function zr =z21(flag,e)

za = [9.026200e-001,6.740410e+003,6.736659e+003,3.680362e+000,...
 1.130644e-002,0.000000e+000,0.000000e+000,...
 5.181132e+003,5.205858e+003,3.386749e-005,0.000000e+000,...
 6.735160e+003,6.735160e+003,2.671936e-005,0.000000e+000;...
1.000000e+000,5.204291e+003,5.200674e+003,3.588607e+000,...
 1.302352e-002,0.000000e+000,0.000000e+000,...
 5.181132e+003,5.205858e+003,3.386749e-005,0.000000e+000,...
 5.199397e+003,5.199397e+003,3.386751e-005,0.000000e+000;...
1.081000e+000,4.314205e+003,4.310722e+003,3.511453e+000,...
 1.436327e-002,0.000000e+000,0.000000e+000,...
 4.265638e+003,4.284463e+003,3.999591e-005,0.000000e+000,...
 4.309356e+003,4.309356e+003,4.044432e-005,0.000000e+000;...
1.100000e+000,4.104844e+003,4.101361e+003,3.494040e+000,...
 1.467805e-002,0.000000e+000,0.000000e+000,...
 4.084063e+003,4.101774e+003,4.151208e-005,0.000000e+000,...
 4.100490e+003,4.100490e+003,4.200554e-005,0.000000e+000;...
1.106700e+000,4.048050e+003,4.044567e+003,3.487610e+000,...
 1.479190e-002,0.000000e+000,0.000000e+000,...
 4.022612e+003,4.039950e+003,4.205388e-005,0.000000e+000,...
 4.043923e+003,4.043923e+003,4.256442e-005,0.000000e+000;...
1.172600e+000,3.511051e+003,3.507569e+003,3.424655e+000,...
 1.591305e-002,0.000000e+000,0.000000e+000,...
 3.474306e+003,3.488436e+003,4.758262e-005,0.000000e+000,...
 3.507089e+003,3.507089e+003,4.811833e-005,0.000000e+000;...
1.178100e+000,3.472206e+003,3.468724e+003,3.419431e+000,...
 1.600682e-002,0.000000e+000,0.000000e+000,...
 3.432642e+003,3.446537e+003,4.806049e-005,0.000000e+000,...
 3.467997e+003,3.467997e+003,4.858377e-005,0.000000e+000;...
1.235400e+000,3.064736e+003,3.061387e+003,3.360092e+000,...
 1.698062e-002,0.000000e+000,0.000000e+000,...
 3.037031e+003,3.048752e+003,5.319031e-005,0.000000e+000,...
 3.060707e+003,3.060707e+003,5.346083e-005,0.000000e+000;...
1.250000e+000,2.960658e+003,2.957309e+003,3.345089e+000,...
 1.720297e-002,0.000000e+000,0.000000e+000,...
 2.946408e+003,2.957646e+003,5.454168e-005,0.000000e+000,...
 2.956708e+003,2.956708e+003,5.484912e-005,0.000000e+000;...
1.264200e+000,2.886853e+003,2.883504e+003,3.330891e+000,...
 1.741997e-002,0.000000e+000,0.000000e+000,...
 2.861827e+003,2.872619e+003,5.587332e-005,0.000000e+000,...
 2.882742e+003,2.882742e+003,5.619667e-005,0.000000e+000;...
1.355400e+000,2.430625e+003,2.427410e+003,3.240208e+000,...
 1.881839e-002,0.000000e+000,0.000000e+000,...
 2.390593e+003,2.399000e+003,6.483435e-005,0.000000e+000,...
 2.427054e+003,2.427054e+003,6.493733e-005,0.000000e+000;...
1.400000e+000,2.207735e+003,2.204520e+003,3.196139e+000,...
 1.950152e-002,0.000000e+000,0.000000e+000,...
 2.198802e+003,2.206288e+003,6.904116e-005,0.000000e+000,...
 2.204201e+003,2.204201e+003,6.922764e-005,0.000000e+000;...
1.496700e+000,1.859737e+003,1.856657e+003,3.107465e+000,...
 2.099639e-002,0.000000e+000,0.000000e+000,...
 1.850353e+003,1.856244e+003,7.860200e-005,0.000000e+000,...
 1.856253e+003,1.856253e+003,7.861837e-005,0.000000e+000;...
1.530300e+000,1.762491e+003,1.759410e+003,3.076657e+000,...
 2.146655e-002,0.000000e+000,0.000000e+000,...
 1.746531e+003,1.751969e+003,8.206465e-005,0.000000e+000,...
 1.759113e+003,1.759113e+003,8.256547e-005,0.000000e+000;...
1.600000e+000,1.561837e+003,1.558890e+003,3.010487e+000,...
 2.242829e-002,0.000000e+000,0.000000e+000,...
 1.555337e+003,1.559968e+003,8.947821e-005,0.000000e+000,...
 1.558632e+003,1.558632e+003,9.086233e-005,0.000000e+000;...
1.697100e+000,1.346984e+003,1.344037e+003,2.925028e+000,...
 2.376644e-002,0.000000e+000,0.000000e+000,...
 1.334182e+003,1.337927e+003,1.003236e-004,0.000000e+000,...
 1.343780e+003,1.343780e+003,1.024025e-004,0.000000e+000;...
1.719500e+000,1.302740e+003,1.299807e+003,2.905337e+000,...
 2.407586e-002,0.000000e+000,0.000000e+000,...
 1.288634e+003,1.292203e+003,1.029109e-004,0.000000e+000,...
 1.299560e+003,1.299560e+003,1.050668e-004,0.000000e+000;...
1.800000e+000,1.146088e+003,1.143235e+003,2.838497e+000,...
 2.518629e-002,0.000000e+000,0.000000e+000,...
 1.140999e+003,1.144018e+003,1.124723e-004,0.000000e+000,...
 1.143099e+003,1.143099e+003,1.146389e-004,0.000000e+000;...
1.895000e+000,1.010988e+003,1.008202e+003,2.761477e+000,...
 2.649362e-002,0.000000e+000,0.000000e+000,...
 9.951276e+002,9.976280e+002,1.242851e-004,0.000000e+000,...
 1.008094e+003,1.008094e+003,1.259040e-004,0.000000e+000;...
1.897400e+000,1.007693e+003,1.004906e+003,2.759602e+000,...
 2.652711e-002,0.000000e+000,0.000000e+000,...
 9.917745e+002,9.942632e+002,1.245910e-004,0.000000e+000,...
 1.004738e+003,1.004738e+003,1.261874e-004,0.000000e+000;...
2.000000e+000,8.665916e+002,8.638858e+002,2.675214e+000,...
 2.793892e-002,0.000000e+000,0.000000e+000,...
 8.618329e+002,8.638845e+002,1.380060e-004,0.000000e+000,...
 8.638005e+002,8.638005e+002,1.383506e-004,0.000000e+000;...
2.097600e+000,7.702693e+002,7.676440e+002,2.599668e+000,...
 2.928109e-002,0.000000e+000,0.000000e+000,...
 7.581934e+002,7.599139e+002,1.507659e-004,0.000000e+000,...
 7.675614e+002,7.675614e+002,1.499077e-004,0.000000e+000;...
2.200000e+000,6.692724e+002,6.667140e+002,2.520102e+000,...
 3.061387e-002,0.000000e+000,0.000000e+000,...
 6.669830e+002,6.684258e+002,1.647109e-004,0.000000e+000,...
 6.666566e+002,6.666566e+002,1.656377e-004,0.000000e+000;...
2.345200e+000,5.667618e+002,5.643240e+002,2.414819e+000,...
 3.245566e-002,0.000000e+000,0.000000e+000,...
 5.616534e+002,5.627931e+002,1.854553e-004,0.000000e+000,...
 5.642669e+002,5.642669e+002,1.895060e-004,0.000000e+000;...
2.376900e+000,5.479286e+002,5.455042e+002,2.391780e+000,...
 3.285750e-002,0.000000e+000,0.000000e+000,...
 5.417350e+002,5.428195e+002,1.901348e-004,0.000000e+000,...
 5.454529e+002,5.454529e+002,1.947061e-004,0.000000e+000;...
2.500000e+000,4.747527e+002,4.724221e+002,2.304446e+000,...
 3.441934e-002,0.000000e+000,0.000000e+000,...
 4.729451e+002,4.738451e+002,2.088151e-004,0.000000e+000,...
 4.723720e+002,4.723720e+002,2.148143e-004,0.000000e+000;...
2.527900e+000,4.626036e+002,4.602863e+002,2.285693e+000,...
 3.476895e-002,0.000000e+000,0.000000e+000,...
 4.590371e+002,4.599010e+002,2.131608e-004,0.000000e+000,...
 4.602235e+002,4.602235e+002,2.193387e-004,0.000000e+000;...
2.800000e+000,3.504756e+002,3.483324e+002,2.101916e+000,...
 3.818597e-002,0.000000e+000,0.000000e+000,...
 3.482667e+002,3.488582e+002,2.574065e-004,0.000000e+000,...
 3.483129e+002,3.483129e+002,2.632629e-004,0.000000e+000;...
3.200000e+000,2.434509e+002,2.415623e+002,1.845807e+000,...
 4.309115e-002,0.000000e+000,0.000000e+000,...
 2.416677e+002,2.420266e+002,3.286988e-004,0.000000e+000,...
 2.415524e+002,2.415524e+002,3.308067e-004,0.000000e+000;...
3.500000e+000,1.901261e+002,1.884250e+002,1.651850e+000,...
 4.650013e-002,0.000000e+000,0.000000e+000,...
 1.887498e+002,1.890059e+002,3.855544e-004,0.000000e+000,...
 1.884147e+002,1.884147e+002,3.938537e-004,0.000000e+000;...
3.741700e+000,1.597467e+002,1.582063e+002,1.487495e+000,...
 4.920053e-002,0.000000e+000,0.000000e+000,...
 1.570008e+002,1.571999e+002,4.340794e-004,0.000000e+000,...
 1.581911e+002,1.581911e+002,4.436003e-004,0.000000e+000;...
3.747800e+000,1.590903e+002,1.575499e+002,1.483209e+000,...
 4.926884e-002,0.000000e+000,0.000000e+000,...
 1.562970e+002,1.564949e+002,4.353365e-004,0.000000e+000,...
 1.575408e+002,1.575408e+002,4.448422e-004,0.000000e+000;...
4.000000e+000,1.318761e+002,1.305473e+002,1.276621e+000,...
 5.208711e-002,0.000000e+000,0.000000e+000,...
 1.305997e+002,1.307545e+002,4.886918e-004,0.000000e+000,...
 1.305370e+002,1.305370e+002,4.962445e-004,0.000000e+000;...
4.183000e+000,1.175409e+002,1.163890e+002,1.097398e+000,...
 5.410571e-002,0.000000e+000,0.000000e+000,...
 1.153836e+002,1.155142e+002,5.290635e-004,0.000000e+000,...
 1.163802e+002,1.163802e+002,5.329926e-004,0.000000e+000;...
4.242600e+000,1.128447e+002,1.117798e+002,1.010948e+000,...
 5.468705e-002,0.000000e+000,0.000000e+000,...
 1.109506e+002,1.110744e+002,5.418550e-004,0.000000e+000,...
