 
function zr =z22(flag,e)

za = [9.756200e-001,6.257646e+003,6.253875e+003,3.777670e+000,...
 1.142278e-002,0.000000e+000,0.000000e+000,...
 5.806081e+003,5.833790e+003,3.088173e-005,0.000000e+000,...
 6.251757e+003,6.251757e+003,2.915801e-005,0.000000e+000;...
1.000000e+000,5.830194e+003,5.826423e+003,3.758812e+000,...
 1.182483e-002,0.000000e+000,0.000000e+000,...
 5.806081e+003,5.833790e+003,3.088173e-005,0.000000e+000,...
 5.824449e+003,5.824449e+003,3.085463e-005,0.000000e+000;...
1.100000e+000,4.616608e+003,4.612962e+003,3.682122e+000,...
 1.339308e-002,0.000000e+000,0.000000e+000,...
 4.593534e+003,4.613454e+003,3.803616e-005,0.000000e+000,...
 4.611534e+003,4.611534e+003,3.853224e-005,0.000000e+000;...
1.106700e+000,4.551107e+003,4.547335e+003,3.676842e+000,...
 1.350120e-002,0.000000e+000,0.000000e+000,...
 4.525469e+003,4.544975e+003,3.854449e-005,0.000000e+000,...
 4.546198e+003,4.546198e+003,3.905925e-005,0.000000e+000;...
1.172600e+000,3.936205e+003,3.932559e+003,3.624919e+000,...
 1.456857e-002,0.000000e+000,0.000000e+000,...
 3.905433e+003,3.921316e+003,4.374022e-005,0.000000e+000,...
 3.931547e+003,3.931547e+003,4.432899e-005,0.000000e+000;...
1.194100e+000,3.762835e+003,3.759189e+003,3.607947e+000,...
 1.491682e-002,0.000000e+000,0.000000e+000,...
 3.728772e+003,3.743663e+003,4.551267e-005,0.000000e+000,...
 3.758199e+003,3.758199e+003,4.606164e-005,0.000000e+000;...
1.250000e+000,3.329600e+003,3.326080e+003,3.554012e+000,...
 1.579938e-002,0.000000e+000,0.000000e+000,...
 3.317077e+003,3.329729e+003,5.030042e-005,0.000000e+000,...
 3.325286e+003,3.325286e+003,5.072247e-005,0.000000e+000;...
1.355400e+000,2.738962e+003,2.735442e+003,3.453687e+000,...
 1.735330e-002,0.000000e+000,0.000000e+000,...
 2.696753e+003,2.706237e+003,6.003918e-005,0.000000e+000,...
 2.734859e+003,2.734859e+003,6.027936e-005,0.000000e+000;...
1.400000e+000,2.489028e+003,2.485634e+003,3.409182e+000,...
 1.800956e-002,0.000000e+000,0.000000e+000,...
 2.482442e+003,2.490893e+003,6.407408e-005,0.000000e+000,...
 2.485054e+003,2.485054e+003,6.435022e-005,0.000000e+000;...
1.496700e+000,2.106710e+003,2.103315e+003,3.318411e+000,...
 1.945535e-002,0.000000e+000,0.000000e+000,...
 2.092596e+003,2.099257e+003,7.327516e-005,0.000000e+000,...
 2.102864e+003,2.102864e+003,7.331106e-005,0.000000e+000;...
1.509100e+000,2.064216e+003,2.060822e+003,3.306719e+000,...
 1.963011e-002,0.000000e+000,0.000000e+000,...
 2.048141e+003,2.054607e+003,7.449985e-005,0.000000e+000,...
 2.060481e+003,2.060481e+003,7.455651e-005,0.000000e+000;...
1.600000e+000,1.763491e+003,1.760222e+003,3.224497e+000,...
 2.088606e-002,0.000000e+000,0.000000e+000,...
 1.757249e+003,1.762481e+003,8.378917e-005,0.000000e+000,...
 1.759912e+003,1.759912e+003,8.388217e-005,0.000000e+000;...
1.697100e+000,1.516323e+003,1.513180e+003,3.137121e+000,...
 2.223253e-002,0.000000e+000,0.000000e+000,...
 1.505971e+003,1.510198e+003,9.431766e-005,0.000000e+000,...
 1.512817e+003,1.512817e+003,9.389171e-005,0.000000e+000;...
1.706100e+000,1.496334e+003,1.493191e+003,3.128949e+000,...
 2.235323e-002,0.000000e+000,0.000000e+000,...
 1.485161e+003,1.489307e+003,9.532519e-005,0.000000e+000,...
 1.492829e+003,1.492829e+003,9.494695e-005,0.000000e+000;...
1.800000e+000,1.293545e+003,1.290528e+003,3.048236e+000,...
 2.354884e-002,0.000000e+000,0.000000e+000,...
 1.289237e+003,1.292648e+003,1.059694e-004,0.000000e+000,...
 1.290259e+003,1.290259e+003,1.074315e-004,0.000000e+000;...
1.897400e+000,1.140128e+003,1.137136e+003,2.966769e+000,...
 2.478467e-002,0.000000e+000,0.000000e+000,...
 1.121752e+003,1.124567e+003,1.171160e-004,0.000000e+000,...
 1.136891e+003,1.136891e+003,1.203362e-004,0.000000e+000;...
2.000000e+000,9.784126e+002,9.755084e+002,2.880147e+000,...
 2.608840e-002,0.000000e+000,0.000000e+000,...
 9.761079e+002,9.784315e+002,1.294263e-004,0.000000e+000,...
 9.753524e+002,9.753524e+002,1.339207e-004,0.000000e+000;...
2.143600e+000,8.219149e+002,8.191113e+002,2.767752e+000,...
 2.790633e-002,0.000000e+000,0.000000e+000,...
 8.120475e+002,8.138506e+002,1.476299e-004,0.000000e+000,...
 8.189936e+002,8.189936e+002,1.528574e-004,0.000000e+000;...
2.200000e+000,7.604246e+002,7.576713e+002,2.722367e+000,...
 2.862043e-002,0.000000e+000,0.000000e+000,...
 7.579630e+002,7.596027e+002,1.550888e-004,0.000000e+000,...
 7.575691e+002,7.575691e+002,1.602823e-004,0.000000e+000;...
2.345200e+000,6.472630e+002,6.446228e+002,2.615504e+000,...
 3.045345e-002,0.000000e+000,0.000000e+000,...
 6.391808e+002,6.404778e+002,1.750894e-004,0.000000e+000,...
 6.445352e+002,6.445352e+002,1.793710e-004,0.000000e+000;...
2.387300e+000,6.184603e+002,6.158453e+002,2.584576e+000,...
 3.098525e-002,0.000000e+000,0.000000e+000,...
 6.092505e+002,6.104648e+002,1.811028e-004,0.000000e+000,...
 6.157584e+002,6.157584e+002,1.848991e-004,0.000000e+000;...
2.500000e+000,5.413932e+002,5.388661e+002,2.502857e+000,...
 3.240841e-002,0.000000e+000,0.000000e+000,...
 5.380182e+002,5.390421e+002,1.976720e-004,0.000000e+000,...
 5.387930e+002,5.387930e+002,1.996740e-004,0.000000e+000;...
2.528300e+000,5.262941e+002,5.237796e+002,2.484125e+000,...
 3.276420e-002,0.000000e+000,0.000000e+000,...
 5.219387e+002,5.229208e+002,2.019403e-004,0.000000e+000,...
 5.237104e+002,5.237104e+002,2.033806e-004,0.000000e+000;...
2.645800e+000,4.675697e+002,4.651307e+002,2.406681e+000,...
 3.424268e-002,0.000000e+000,0.000000e+000,...
 4.612699e+002,4.620992e+002,2.195574e-004,0.000000e+000,...
 4.650543e+002,4.650543e+002,2.187325e-004,0.000000e+000;...
2.668800e+000,4.570594e+002,4.546330e+002,2.391469e+000,...
 3.451550e-002,0.000000e+000,0.000000e+000,...
 4.505363e+002,4.513393e+002,2.230845e-004,0.000000e+000,...
 4.545757e+002,4.545757e+002,2.227816e-004,0.000000e+000;...
2.800000e+000,3.972287e+002,3.948903e+002,2.300572e+000,...
 3.604049e-002,0.000000e+000,0.000000e+000,...
 3.953979e+002,3.960695e+002,2.436940e-004,0.000000e+000,...
 3.948474e+002,3.948474e+002,2.468849e-004,0.000000e+000;...
2.941700e+000,3.504352e+002,3.481974e+002,2.210681e+000,...
 3.767236e-002,0.000000e+000,0.000000e+000,...
 3.457081e+002,3.462669e+002,2.668836e-004,0.000000e+000,...
 3.481460e+002,3.481460e+002,2.726854e-004,0.000000e+000;...
3.000000e+000,3.314891e+002,3.292764e+002,2.174222e+000,...
 3.834371e-002,0.000000e+000,0.000000e+000,...
 3.277361e+002,3.282555e+002,2.767034e-004,0.000000e+000,...
 3.292364e+002,3.292364e+002,2.832673e-004,0.000000e+000;...
3.200000e+000,2.761843e+002,2.740974e+002,2.049130e+000,...
 4.064818e-002,0.000000e+000,0.000000e+000,...
 2.747034e+002,2.751115e+002,3.115844e-004,0.000000e+000,...
 2.740708e+002,2.740639e+002,3.194039e-004,0.000000e+000;...
3.500000e+000,2.166302e+002,2.147318e+002,1.861805e+000,...
 4.406528e-002,0.000000e+000,0.000000e+000,...
 2.149606e+002,2.152523e+002,3.669980e-004,0.000000e+000,...
 2.147074e+002,2.147074e+002,3.728760e-004,0.000000e+000;...
4.000000e+000,1.507146e+002,1.491053e+002,1.561457e+000,...
 4.935814e-002,0.000000e+000,0.000000e+000,...
 1.489313e+002,1.491078e+002,4.651707e-004,0.000000e+000,...
 1.490969e+002,1.490969e+002,4.780892e-004,0.000000e+000;...
4.242600e+000,1.287888e+002,1.273304e+002,1.405060e+000,...
 5.177073e-002,0.000000e+000,0.000000e+000,...
 1.263580e+002,1.264991e+002,5.153747e-004,0.000000e+000,...
 1.273220e+002,1.273220e+002,5.330868e-004,0.000000e+000;...
4.269100e+000,1.267018e+002,1.252573e+002,1.387208e+000,...
 5.203474e-002,0.000000e+000,0.000000e+000,...
 1.241806e+002,1.243184e+002,5.209909e-004,0.000000e+000,...
 1.252469e+002,1.252469e+002,5.390648e-004,0.000000e+000;...
4.500000e+000,1.084509e+002,1.071899e+002,1.207326e+000,...
 5.433041e-002,0.000000e+000,0.000000e+000,...
 1.072000e+002,1.073127e+002,5.710155e-004,0.000000e+000,...
 1.071806e+002,1.071806e+002,5.907000e-004,0.000000e+000;...
4.632700e+000,1.009566e+002,9.982262e+001,1.077607e+000,...
 5.562283e-002,0.000000e+000,0.000000e+000,...
 9.884637e+001,9.894720e+001,6.006443e-004,0.000000e+000,...
