 
function zr =z23(flag,e)

za = [9.348200e-001,7.645947e+003,7.642046e+003,3.872683e+000,...
 9.721781e-003,0.000000e+000,0.000000e+000,...
 6.426908e+003,6.457580e+003,2.810575e-005,0.000000e+000,...
 7.636713e+003,7.636713e+003,2.394537e-005,0.000000e+000;...
1.000000e+000,6.461563e+003,6.457663e+003,3.882494e+000,...
 1.072163e-002,0.000000e+000,0.000000e+000,...
 6.426908e+003,6.457580e+003,2.810575e-005,0.000000e+000,...
 6.453354e+003,6.453354e+003,2.807365e-005,0.000000e+000;...
1.100000e+000,5.112626e+003,5.108726e+003,3.839937e+000,...
 1.219138e-002,0.000000e+000,0.000000e+000,...
 5.086795e+003,5.108855e+003,3.477066e-005,0.000000e+000,...
 5.105490e+003,5.105490e+003,3.519268e-005,0.000000e+000;...
1.106700e+000,5.045126e+003,5.041344e+003,3.834854e+000,...
 1.229423e-002,0.000000e+000,0.000000e+000,...
 5.011563e+003,5.033163e+003,3.524528e-005,0.000000e+000,...
 5.038053e+003,5.038053e+003,3.568800e-005,0.000000e+000;...
1.172600e+000,4.410082e+003,4.406299e+003,3.784732e+000,...
 1.329905e-002,0.000000e+000,0.000000e+000,...
 4.343140e+003,4.360804e+003,4.010391e-005,0.000000e+000,...
 4.404023e+003,4.404023e+003,4.059830e-005,0.000000e+000;...
1.226300e+000,3.919377e+003,3.915712e+003,3.743948e+000,...
 1.411945e-002,0.000000e+000,0.000000e+000,...
 3.880335e+003,3.895423e+003,4.432061e-005,0.000000e+000,...
 3.913680e+003,3.913680e+003,4.466084e-005,0.000000e+000;...
1.250000e+000,3.711203e+003,3.707420e+003,3.725979e+000,...
 1.445872e-002,0.000000e+000,0.000000e+000,...
 3.695856e+003,3.709953e+003,4.625588e-005,0.000000e+000,...
 3.705401e+003,3.705401e+003,4.658068e-005,0.000000e+000;...
1.322900e+000,3.257262e+003,3.253597e+003,3.665572e+000,...
 1.547773e-002,0.000000e+000,0.000000e+000,...
 3.199415e+003,3.210944e+003,5.249640e-005,0.000000e+000,...
 3.251919e+003,3.251919e+003,5.281384e-005,0.000000e+000;...
1.346300e+000,3.111977e+003,3.108313e+003,3.646185e+000,...
 1.580518e-002,0.000000e+000,0.000000e+000,...
 3.059619e+003,3.070451e+003,5.452898e-005,0.000000e+000,...
 3.106654e+003,3.106654e+003,5.483173e-005,0.000000e+000;...
1.400000e+000,2.780979e+003,2.777432e+003,3.600436e+000,...
 1.655584e-002,0.000000e+000,0.000000e+000,...
 2.768719e+003,2.778144e+003,5.905136e-005,0.000000e+000,...
 2.776011e+003,2.776011e+003,5.947744e-005,0.000000e+000;...
1.496700e+000,2.352808e+003,2.349262e+003,3.514258e+000,...
 1.793184e-002,0.000000e+000,0.000000e+000,...
 2.334428e+003,2.341860e+003,6.765803e-005,0.000000e+000,...
 2.348210e+003,2.348210e+003,6.800012e-005,0.000000e+000;...
1.540600e+000,2.191092e+003,2.187545e+003,3.475130e+000,...
 1.850045e-002,0.000000e+000,0.000000e+000,...
 2.166851e+003,2.173552e+003,7.176212e-005,0.000000e+000,...
 2.186641e+003,2.186641e+003,7.237493e-005,0.000000e+000;...
1.600000e+000,1.973460e+003,1.970032e+003,3.422288e+000,...
 1.926411e-002,0.000000e+000,0.000000e+000,...
 1.965443e+003,1.971295e+003,7.751130e-005,0.000000e+000,...
 1.969108e+003,1.969108e+003,7.836129e-005,0.000000e+000;...
1.697100e+000,1.703105e+003,1.699796e+003,3.337883e+000,...
 2.052073e-002,0.000000e+000,0.000000e+000,...
 1.688395e+003,1.693134e+003,8.739551e-005,0.000000e+000,...
 1.699057e+003,1.699057e+003,8.820379e-005,0.000000e+000;...
1.701200e+000,1.692230e+003,1.688920e+003,3.334219e+000,...
 2.057392e-002,0.000000e+000,0.000000e+000,...
 1.677919e+003,1.682617e+003,8.782615e-005,0.000000e+000,...
 1.688132e+003,1.688132e+003,8.862522e-005,0.000000e+000;...
1.795500e+000,1.463604e+003,1.460413e+003,3.251942e+000,...
 2.179389e-002,0.000000e+000,0.000000e+000,...
 1.455448e+003,1.459308e+003,9.802866e-005,0.000000e+000,...
 1.459823e+003,1.459823e+003,9.821790e-005,0.000000e+000;...
1.800000e+000,1.452847e+003,1.449655e+003,3.248041e+000,...
 2.185181e-002,0.000000e+000,0.000000e+000,...
 1.445859e+003,1.449684e+003,9.852980e-005,0.000000e+000,...
 1.449082e+003,1.449082e+003,9.868158e-005,0.000000e+000;...
1.897400e+000,1.280491e+003,1.277300e+003,3.168010e+000,...
 2.311906e-002,0.000000e+000,0.000000e+000,...
 1.258028e+003,1.261185e+003,1.096956e-004,0.000000e+000,...
 1.276792e+003,1.276792e+003,1.086593e-004,0.000000e+000;...
1.935600e+000,1.212873e+003,1.209681e+003,3.136565e+000,...
 2.358128e-002,0.000000e+000,0.000000e+000,...
 1.193521e+003,1.196457e+003,1.139619e-004,0.000000e+000,...
 1.209232e+003,1.209232e+003,1.134569e-004,0.000000e+000;...
2.000000e+000,1.098903e+003,1.095794e+003,3.083961e+000,...
 2.435085e-002,0.000000e+000,0.000000e+000,...
 1.094692e+003,1.097298e+003,1.212760e-004,0.000000e+000,...
 1.095417e+003,1.095417e+003,1.216939e-004,0.000000e+000;...
2.190000e+000,8.662704e+002,8.633150e+002,2.930637e+000,...
 2.662174e-002,0.000000e+000,0.000000e+000,...
 8.603595e+002,8.622294e+002,1.441061e-004,0.000000e+000,...
 8.630959e+002,8.630959e+002,1.459693e-004,0.000000e+000;...
2.200000e+000,8.540589e+002,8.511154e+002,2.922599e+000,...
 2.674113e-002,0.000000e+000,0.000000e+000,...
 8.500183e+002,8.518572e+002,1.453593e-004,0.000000e+000,...
 8.508407e+002,8.508407e+002,1.472326e-004,0.000000e+000;...
2.345200e+000,7.261043e+002,7.232672e+002,2.813842e+000,...
 2.847178e-002,0.000000e+000,0.000000e+000,...
 7.174335e+002,7.188893e+002,1.641332e-004,0.000000e+000,...
 7.230704e+002,7.230704e+002,1.657249e-004,0.000000e+000;...
2.500000e+000,6.094274e+002,6.066966e+002,2.697756e+000,...
 3.031710e-002,0.000000e+000,0.000000e+000,...
 6.056103e+002,6.067628e+002,1.853341e-004,0.000000e+000,...
 6.065270e+002,6.065204e+002,1.854272e-004,0.000000e+000;...
2.577500e+000,5.653100e+002,5.626384e+002,2.645033e+000,...
 3.124035e-002,0.000000e+000,0.000000e+000,...
 5.577484e+002,5.587779e+002,1.964056e-004,0.000000e+000,...
 5.625034e+002,5.625034e+002,1.952818e-004,0.000000e+000;...
2.710500e+000,4.941098e+002,4.915210e+002,2.554481e+000,...
 3.272866e-002,0.000000e+000,0.000000e+000,...
 4.863250e+002,4.871785e+002,2.161135e-004,0.000000e+000,...
 4.914089e+002,4.914089e+002,2.179135e-004,0.000000e+000;...
2.800000e+000,4.474272e+002,4.448975e+002,2.493246e+000,...
 3.372875e-002,0.000000e+000,0.000000e+000,...
 4.451434e+002,4.458995e+002,2.295164e-004,0.000000e+000,...
 4.447861e+002,4.447861e+002,2.330664e-004,0.000000e+000;...
2.980300e+000,3.802582e+002,3.778466e+002,2.379643e+000,...
 3.573011e-002,0.000000e+000,0.000000e+000,...
 3.755623e+002,3.761615e+002,2.576385e-004,0.000000e+000,...
 3.777671e+002,3.777671e+002,2.634045e-004,0.000000e+000;...
3.000000e+000,3.733072e+002,3.709075e+002,2.366994e+000,...
 3.594762e-002,0.000000e+000,0.000000e+000,...
 3.688829e+002,3.694676e+002,2.608016e-004,0.000000e+000,...
 3.708183e+002,3.708128e+002,2.666939e-004,0.000000e+000;...
3.200000e+000,3.113159e+002,3.090344e+002,2.238141e+000,...
 3.816649e-002,0.000000e+000,0.000000e+000,...
 3.091670e+002,3.096263e+002,2.939164e-004,0.000000e+000,...
 3.089709e+002,3.089709e+002,3.001534e-004,0.000000e+000;...
3.464100e+000,2.522209e+002,2.500930e+002,2.081153e+000,...
 4.107337e-002,0.000000e+000,0.000000e+000,...
 2.488568e+002,2.491982e+002,3.404184e-004,0.000000e+000,...
 2.500419e+002,2.500419e+002,3.439299e-004,0.000000e+000;...
3.500000e+000,2.443833e+002,2.422909e+002,2.059638e+000,...
 4.146820e-002,0.000000e+000,0.000000e+000,...
 2.419990e+002,2.423275e+002,3.467575e-004,0.000000e+000,...
 2.422352e+002,2.422352e+002,3.498714e-004,0.000000e+000;...
3.617400e+000,2.255282e+002,2.234949e+002,1.995448e+000,...
 4.275437e-002,0.000000e+000,0.000000e+000,...
 2.212978e+002,2.215884e+002,3.678472e-004,0.000000e+000,...
 2.234517e+002,2.234517e+002,3.692012e-004,0.000000e+000;...
4.000000e+000,1.705352e+002,1.687147e+002,1.778171e+000,...
 4.651238e-002,0.000000e+000,0.000000e+000,...
 1.685100e+002,1.687099e+002,4.403577e-004,0.000000e+000,...
 1.686784e+002,1.686784e+002,4.533551e-004,0.000000e+000;...
4.500000e+000,1.226941e+002,1.211573e+002,1.493513e+000,...
 5.133905e-002,0.000000e+000,0.000000e+000,...
 1.213203e+002,1.214479e+002,5.421990e-004,0.000000e+000,...
