 
function zr =z24(flag,e)

za = [9.197300e-001,9.085648e+003,9.081595e+003,4.112794e+000,...
 7.510415e-003,0.000000e+000,0.000000e+000,...
 7.327362e+003,7.362331e+003,2.252290e-005,0.000000e+000,...
 9.069515e+003,9.069515e+003,1.850034e-005,0.000000e+000;...
1.000000e+000,7.366454e+003,7.362285e+003,4.140591e+000,...
 8.552773e-003,0.000000e+000,0.000000e+000,...
 7.327362e+003,7.362331e+003,2.252290e-005,0.000000e+000,...
 7.353342e+003,7.353342e+003,2.253621e-005,0.000000e+000;...
1.100000e+000,5.835579e+003,5.831410e+003,4.125302e+000,...
 9.821785e-003,0.000000e+000,0.000000e+000,...
 5.811371e+003,5.836572e+003,2.808365e-005,0.000000e+000,...
 5.825019e+003,5.825019e+003,2.837807e-005,0.000000e+000;...
1.154800e+000,5.222789e+003,5.218619e+003,4.102370e+000,...
 1.053962e-002,0.000000e+000,0.000000e+000,...
 5.163228e+003,5.184552e+003,3.142934e-005,0.000000e+000,...
 5.213193e+003,5.213193e+003,3.172540e-005,0.000000e+000;...
1.194100e+000,4.797391e+003,4.793337e+003,4.085925e+000,...
 1.102223e-002,0.000000e+000,0.000000e+000,...
 4.759563e+003,4.778571e+003,3.396119e-005,0.000000e+000,...
 4.788399e+003,4.788399e+003,3.450227e-005,0.000000e+000;...
1.250000e+000,4.261735e+003,4.257682e+003,4.062529e+000,...
 1.170799e-002,0.000000e+000,0.000000e+000,...
 4.241940e+003,4.258120e+003,3.775572e-005,0.000000e+000,...
 4.253593e+003,4.253593e+003,3.849694e-005,0.000000e+000;...
1.322900e+000,3.733839e+003,3.729902e+003,4.012381e+000,...
 1.263221e-002,0.000000e+000,0.000000e+000,...
 3.676137e+003,3.689383e+003,4.305010e-005,0.000000e+000,...
 3.726409e+003,3.726409e+003,4.388203e-005,0.000000e+000;...
1.372100e+000,3.387777e+003,3.383723e+003,3.978562e+000,...
 1.325647e-002,0.000000e+000,0.000000e+000,...
 3.350530e+003,3.362169e+003,4.676212e-005,0.000000e+000,...
 3.380744e+003,3.380744e+003,4.756855e-005,0.000000e+000;...
1.400000e+000,3.195404e+003,3.191466e+003,3.956440e+000,...
 1.360855e-002,0.000000e+000,0.000000e+000,...
 3.182686e+003,3.193520e+003,4.884578e-005,0.000000e+000,...
 3.188719e+003,3.188719e+003,4.966176e-005,0.000000e+000;...
1.496700e+000,2.700863e+003,2.696926e+003,3.879538e+000,...
 1.487212e-002,0.000000e+000,0.000000e+000,...
 2.683693e+003,2.692236e+003,5.644768e-005,0.000000e+000,...
 2.694601e+003,2.694601e+003,5.716383e-005,0.000000e+000;...
1.512500e+000,2.635311e+003,2.631373e+003,3.866450e+000,...
 1.507943e-002,0.000000e+000,0.000000e+000,...
 2.612630e+003,2.620860e+003,5.774614e-005,0.000000e+000,...
 2.629343e+003,2.629343e+003,5.840466e-005,0.000000e+000;...
1.600000e+000,2.273034e+003,2.269212e+003,3.793485e+000,...
 1.612411e-002,0.000000e+000,0.000000e+000,...
 2.262785e+003,2.269522e+003,6.522567e-005,0.000000e+000,...
 2.267497e+003,2.267497e+003,6.685933e-005,0.000000e+000;...
1.611900e+000,2.235625e+003,2.231803e+003,3.783757e+000,...
 1.626888e-002,0.000000e+000,0.000000e+000,...
 2.220327e+003,2.226889e+003,6.628082e-005,0.000000e+000,...
 2.229933e+003,2.229933e+003,6.802211e-005,0.000000e+000;...
1.697100e+000,1.969939e+003,1.966233e+003,3.713572e+000,...
 1.730429e-002,0.000000e+000,0.000000e+000,...
 1.945444e+003,1.950904e+003,7.410245e-005,0.000000e+000,...
 1.964682e+003,1.964682e+003,7.642400e-005,0.000000e+000;...
1.701200e+000,1.957084e+003,1.953377e+003,3.710213e+000,...
 1.735409e-002,0.000000e+000,0.000000e+000,...
 1.933434e+003,1.938847e+003,7.449069e-005,0.000000e+000,...
 1.952006e+003,1.952006e+003,7.683336e-005,0.000000e+000;...
1.800000e+000,1.673910e+003,1.670204e+003,3.626477e+000,...
 1.855512e-002,0.000000e+000,0.000000e+000,...
 1.667348e+003,1.671759e+003,8.417790e-005,0.000000e+000,...
 1.669143e+003,1.669143e+003,8.667595e-005,0.000000e+000;...
1.897400e+000,1.477831e+003,1.474241e+003,3.544014e+000,...
 1.976309e-002,0.000000e+000,0.000000e+000,...
 1.452101e+003,1.455745e+003,9.430727e-005,0.000000e+000,...
 1.473208e+003,1.473208e+003,9.656962e-005,0.000000e+000;...
2.000000e+000,1.271213e+003,1.267738e+003,3.458078e+000,...
 2.103708e-002,0.000000e+000,0.000000e+000,...
 1.264750e+003,1.267761e+003,1.051194e-004,0.000000e+000,...
 1.266992e+003,1.266992e+003,1.070961e-004,0.000000e+000;...
2.097600e+000,1.133170e+003,1.129765e+003,3.379091e+000,...
 2.226822e-002,0.000000e+000,0.000000e+000,...
 1.115100e+003,1.117631e+003,1.159661e-004,0.000000e+000,...
 1.129093e+003,1.129093e+003,1.172849e-004,0.000000e+000;...
2.200000e+000,9.884789e+002,9.851666e+002,3.298018e+000,...
 2.348662e-002,0.000000e+000,0.000000e+000,...
 9.831084e+002,9.852353e+002,1.279364e-004,0.000000e+000,...
 9.846164e+002,9.846164e+002,1.301595e-004,0.000000e+000;...
2.265100e+000,9.204594e+002,9.171817e+002,3.246827e+000,...
 2.425218e-002,0.000000e+000,0.000000e+000,...
 9.098663e+002,9.117780e+002,1.358614e-004,0.000000e+000,...
 9.167200e+002,9.167200e+002,1.388884e-004,0.000000e+000;...
2.407300e+000,7.835862e+002,7.804244e+002,3.135526e+000,...
 2.592458e-002,0.000000e+000,0.000000e+000,...
 7.739081e+002,7.754379e+002,1.540265e-004,0.000000e+000,...
 7.800091e+002,7.800091e+002,1.580268e-004,0.000000e+000;...
2.500000e+000,7.035332e+002,7.004409e+002,3.066383e+000,...
 2.701327e-002,0.000000e+000,0.000000e+000,...
 6.999527e+002,7.012849e+002,1.665008e-004,0.000000e+000,...
 7.001115e+002,7.001115e+002,1.705404e-004,0.000000e+000;...
2.559600e+000,6.656378e+002,6.625801e+002,3.023994e+000,...
 2.772207e-002,0.000000e+000,0.000000e+000,...
 6.570868e+002,6.583082e+002,1.747853e-004,0.000000e+000,...
 6.622618e+002,6.622618e+002,1.786600e-004,0.000000e+000;...
2.797400e+000,5.201015e+002,5.172292e+002,2.848647e+000,...
 3.054917e-002,0.000000e+000,0.000000e+000,...
 5.167452e+002,5.176239e+002,2.081294e-004,0.000000e+000,...
 5.169941e+002,5.169941e+002,2.112238e-004,0.000000e+000;...
2.800000e+000,5.185264e+002,5.156541e+002,2.846678e+000,...
 3.058044e-002,0.000000e+000,0.000000e+000,...
 5.154485e+002,5.163242e+002,2.085098e-004,0.000000e+000,...
 5.154199e+002,5.154199e+002,2.115848e-004,0.000000e+000;...
2.821300e+000,5.094231e+002,5.065509e+002,2.831853e+000,...
 3.083524e-002,0.000000e+000,0.000000e+000,...
 5.049912e+002,5.058426e+002,2.116386e-004,0.000000e+000,...
 5.063452e+002,5.063452e+002,2.145340e-004,0.000000e+000;...
2.993300e+000,4.360296e+002,4.332847e+002,2.712561e+000,...
 3.272770e-002,0.000000e+000,0.000000e+000,...
 4.303007e+002,4.309843e+002,2.377424e-004,0.000000e+000,...
 4.331075e+002,4.331028e+002,2.444736e-004,0.000000e+000;...
3.000000e+000,4.334700e+002,4.307252e+002,2.707928e+000,...
 3.280066e-002,0.000000e+000,0.000000e+000,...
 4.277065e+002,4.283845e+002,2.387894e-004,0.000000e+000,...
 4.305525e+002,4.305525e+002,2.456314e-004,0.000000e+000;...
3.200000e+000,3.622423e+002,3.596364e+002,2.571495e+000,...
 3.500120e-002,0.000000e+000,0.000000e+000,...
 3.592896e+002,3.598234e+002,2.710825e-004,0.000000e+000,...
 3.594969e+002,3.594969e+002,2.804796e-004,0.000000e+000;...
3.346600e+000,3.239878e+002,3.214745e+002,2.478146e+000,...
 3.661454e-002,0.000000e+000,0.000000e+000,...
 3.183474e+002,3.187996e+002,2.960298e-004,0.000000e+000,...
 3.213589e+002,3.213589e+002,3.060355e-004,0.000000e+000;...
3.500000e+000,2.844825e+002,2.820619e+002,2.380744e+000,...
 3.830315e-002,0.000000e+000,0.000000e+000,...
 2.817829e+002,2.821655e+002,3.228068e-004,0.000000e+000,...
 2.819658e+002,2.819658e+002,3.327736e-004,0.000000e+000;...
3.552900e+000,2.745222e+002,2.721363e+002,2.348431e+000,...
 3.888572e-002,0.000000e+000,0.000000e+000,...
 2.704568e+002,2.708185e+002,3.322033e-004,0.000000e+000,...
 2.720364e+002,2.720364e+002,3.420016e-004,0.000000e+000;...
3.741700e+000,2.389662e+002,2.366962e+002,2.235509e+000,...
 4.096464e-002,0.000000e+000,0.000000e+000,...
 2.347490e+002,2.350470e+002,3.667863e-004,0.000000e+000,...
 2.366091e+002,2.366091e+002,3.749432e-004,0.000000e+000;...
4.000000e+000,1.979321e+002,1.958126e+002,2.077302e+000,...
 4.365160e-002,0.000000e+000,0.000000e+000,...
 1.955770e+002,1.958091e+002,4.167393e-004,0.000000e+000,...
