 
function zr =z25(flag,e)

za = [9.197300e-001,9.886313e+003,9.882258e+003,4.037131e+000,...
 8.119315e-003,0.000000e+000,0.000000e+000,...
 8.002649e+003,8.040841e+003,2.436097e-005,0.000000e+000,...
 9.863226e+003,9.863226e+003,1.995384e-005,0.000000e+000;...
1.000000e+000,8.039625e+003,8.035459e+003,4.149158e+000,...
 9.244406e-003,0.000000e+000,0.000000e+000,...
 8.002649e+003,8.040841e+003,2.436097e-005,0.000000e+000,...
 8.021102e+003,8.021102e+003,2.437769e-005,0.000000e+000;...
1.099700e+000,6.418743e+003,6.414578e+003,4.190264e+000,...
 1.057448e-002,0.000000e+000,0.000000e+000,...
 6.386118e+003,6.413819e+003,3.042653e-005,0.000000e+000,...
 6.403995e+003,6.403995e+003,3.073052e-005,0.000000e+000;...
1.100000e+000,6.413811e+003,6.409535e+003,4.190373e+000,...
 1.057864e-002,0.000000e+000,0.000000e+000,...
 6.381929e+003,6.409605e+003,3.044596e-005,0.000000e+000,...
 6.399071e+003,6.399071e+003,3.075147e-005,0.000000e+000;...
1.172600e+000,5.523953e+003,5.519788e+003,4.178645e+000,...
 1.159072e-002,0.000000e+000,0.000000e+000,...
 5.472570e+003,5.494828e+003,3.535618e-005,0.000000e+000,...
 5.511257e+003,5.511257e+003,3.563100e-005,0.000000e+000;...
1.235400e+000,4.843900e+003,4.839735e+003,4.168450e+000,...
 1.246545e-002,0.000000e+000,0.000000e+000,...
 4.811275e+003,4.829844e+003,3.994581e-005,0.000000e+000,...
 4.832573e+003,4.832573e+003,3.992220e-005,0.000000e+000;...
1.250000e+000,4.690329e+003,4.686164e+003,4.166039e+000,...
 1.265289e-002,0.000000e+000,0.000000e+000,...
 4.671882e+003,4.689702e+003,4.101155e-005,0.000000e+000,...
 4.679463e+003,4.679463e+003,4.104516e-005,0.000000e+000;...
1.322900e+000,4.124275e+003,4.120110e+003,4.125372e+000,...
 1.359997e-002,0.000000e+000,0.000000e+000,...
 4.054032e+003,4.068640e+003,4.633821e-005,0.000000e+000,...
 4.114454e+003,4.114454e+003,4.672551e-005,0.000000e+000;...
1.400000e+000,3.529174e+003,3.525118e+003,4.082293e+000,...
 1.460185e-002,0.000000e+000,0.000000e+000,...
 3.516628e+003,3.528599e+003,5.235255e-005,0.000000e+000,...
 3.520545e+003,3.520545e+003,5.281490e-005,0.000000e+000;...
1.496700e+000,2.993046e+003,2.989100e+003,4.014879e+000,...
 1.588764e-002,0.000000e+000,0.000000e+000,...
 2.972551e+003,2.982014e+003,6.045439e-005,0.000000e+000,...
 2.985421e+003,2.985421e+003,6.065225e-005,0.000000e+000;...
1.500000e+000,2.977042e+003,2.972986e+003,4.012687e+000,...
 1.593149e-002,0.000000e+000,0.000000e+000,...
 2.956120e+003,2.965510e+003,6.074190e-005,0.000000e+000,...
 2.969445e+003,2.969445e+003,6.092832e-005,0.000000e+000;...
1.600000e+000,2.521261e+003,2.517315e+003,3.945822e+000,...
 1.713177e-002,0.000000e+000,0.000000e+000,...
 2.509996e+003,2.517469e+003,6.980258e-005,0.000000e+000,...
 2.514449e+003,2.514449e+003,7.018817e-005,0.000000e+000;...
1.611900e+000,2.480046e+003,2.475990e+003,3.936066e+000,...
 1.727537e-002,0.000000e+000,0.000000e+000,...
 2.463285e+003,2.470565e+003,7.092547e-005,0.000000e+000,...
 2.473288e+003,2.473288e+003,7.129351e-005,0.000000e+000;...
1.697100e+000,2.186277e+003,2.182331e+003,3.865803e+000,...
 1.831014e-002,0.000000e+000,0.000000e+000,...
 2.160168e+003,2.166231e+003,7.861139e-005,0.000000e+000,...
 2.180031e+003,2.180031e+003,7.929403e-005,0.000000e+000;...
1.702600e+000,2.167752e+003,2.163806e+003,3.861309e+000,...
 1.837591e-002,0.000000e+000,0.000000e+000,...
 2.142319e+003,2.148312e+003,7.912110e-005,0.000000e+000,...
 2.161542e+003,2.161542e+003,7.981152e-005,0.000000e+000;...
1.800000e+000,1.858308e+003,1.854472e+003,3.778768e+000,...
 1.955975e-002,0.000000e+000,0.000000e+000,...
 1.852912e+003,1.857815e+003,8.842035e-005,0.000000e+000,...
 1.852599e+003,1.852599e+003,8.902330e-005,0.000000e+000;...
1.881200e+000,1.676895e+003,1.673168e+003,3.706203e+000,...
 2.055616e-002,0.000000e+000,0.000000e+000,...
 1.651432e+003,1.655612e+003,9.656719e-005,0.000000e+000,...
 1.671605e+003,1.671605e+003,9.678392e-005,0.000000e+000;...
1.901200e+000,1.632281e+003,1.628554e+003,3.689322e+000,...
 2.080060e-002,0.000000e+000,0.000000e+000,...
 1.606488e+003,1.610512e+003,9.862885e-005,0.000000e+000,...
 1.627014e+003,1.627014e+003,9.869262e-005,0.000000e+000;...
2.000000e+000,1.411845e+003,1.408228e+003,3.605467e+000,...
 2.189127e-002,0.000000e+000,0.000000e+000,...
 1.407574e+003,1.410924e+003,1.091324e-004,0.000000e+000,...
 1.406989e+003,1.406989e+003,1.108132e-004,0.000000e+000;...
2.097600e+000,1.260466e+003,1.256849e+003,3.524132e+000,...
 2.296988e-002,0.000000e+000,0.000000e+000,...
 1.242148e+003,1.244967e+003,1.200295e-004,0.000000e+000,...
 1.255787e+003,1.255787e+003,1.227850e-004,0.000000e+000;...
2.200000e+000,1.101743e+003,1.098345e+003,3.440824e+000,...
 2.410112e-002,0.000000e+000,0.000000e+000,...
 1.096110e+003,1.098482e+003,1.320191e-004,0.000000e+000,...
 1.097385e+003,1.097385e+003,1.353617e-004,0.000000e+000;...
2.266200e+000,1.024870e+003,1.021450e+003,3.389086e+000,...
 2.483335e-002,0.000000e+000,0.000000e+000,...
 1.013699e+003,1.015828e+003,1.398535e-004,0.000000e+000,...
 1.020609e+003,1.020609e+003,1.434949e-004,0.000000e+000;...
2.345200e+000,9.358077e+002,9.324535e+002,3.327811e+000,...
 2.570588e-002,0.000000e+000,0.000000e+000,...
 9.259304e+002,9.278093e+002,1.493599e-004,0.000000e+000,...
 9.317247e+002,9.317247e+002,1.532013e-004,0.000000e+000;...
2.500000e+000,7.854374e+002,7.822038e+002,3.210851e+000,...
 2.741808e-002,0.000000e+000,0.000000e+000,...
 7.818862e+002,7.833743e+002,1.688538e-004,0.000000e+000,...
 7.816129e+002,7.816129e+002,1.722258e-004,0.000000e+000;...
2.540700e+000,7.560496e+002,7.528379e+002,3.182242e+000,...
 2.786859e-002,0.000000e+000,0.000000e+000,...
 7.490263e+002,7.504290e+002,1.741690e-004,0.000000e+000,...
 7.523221e+002,7.523221e+002,1.772435e-004,0.000000e+000;...
2.790100e+000,5.855978e+002,5.825615e+002,3.001048e+000,...
 3.062980e-002,0.000000e+000,0.000000e+000,...
 5.822731e+002,5.832657e+002,2.084573e-004,0.000000e+000,...
 5.822238e+002,5.822238e+002,2.079549e-004,0.000000e+000;...
2.800000e+000,5.788455e+002,5.758201e+002,2.993594e+000,...
 3.073832e-002,0.000000e+000,0.000000e+000,...
 5.767526e+002,5.777324e+002,2.098792e-004,0.000000e+000,...
 5.754609e+002,5.754609e+002,2.091638e-004,0.000000e+000;...
2.805400e+000,5.762586e+002,5.732332e+002,2.989757e+000,...
 3.079861e-002,0.000000e+000,0.000000e+000,...
 5.737717e+002,5.747445e+002,2.106566e-004,0.000000e+000,...
 5.728679e+002,5.728679e+002,2.098392e-004,0.000000e+000;...
2.993300e+000,4.864398e+002,4.835569e+002,2.857123e+000,...
 3.270044e-002,0.000000e+000,0.000000e+000,...
 4.819614e+002,4.827271e+002,2.385672e-004,0.000000e+000,...
 4.832926e+002,4.832926e+002,2.435188e-004,0.000000e+000;...
3.000000e+000,4.837652e+002,4.808823e+002,2.852409e+000,...
 3.276839e-002,0.000000e+000,0.000000e+000,...
 4.790717e+002,4.798311e+002,2.395931e-004,0.000000e+000,...
 4.806004e+002,4.806004e+002,2.446998e-004,0.000000e+000;...
3.200000e+000,4.049628e+002,4.022114e+002,2.718021e+000,...
 3.479189e-002,0.000000e+000,0.000000e+000,...
 4.023999e+002,4.029978e+002,2.700688e-004,0.000000e+000,...
 4.019868e+002,4.019868e+002,2.803428e-004,0.000000e+000;...
3.223700e+000,3.980680e+002,3.953385e+002,2.703113e+000,...
 3.502976e-002,0.000000e+000,0.000000e+000,...
 3.944552e+002,3.950370e+002,2.737914e-004,0.000000e+000,...
 3.951122e+002,3.951080e+002,2.845441e-004,0.000000e+000;...
3.402400e+000,3.461870e+002,3.435563e+002,2.592183e+000,...
 3.682416e-002,0.000000e+000,0.000000e+000,...
 3.409397e+002,3.414160e+002,3.026144e-004,0.000000e+000,...
 3.433732e+002,3.433732e+002,3.161035e-004,0.000000e+000;...
3.500000e+000,3.185969e+002,3.160319e+002,2.531456e+000,...
 3.780413e-002,0.000000e+000,0.000000e+000,...
 3.156804e+002,3.161091e+002,3.189164e-004,0.000000e+000,...
 3.158640e+002,3.158640e+002,3.332987e-004,0.000000e+000;...
3.705800e+000,2.750796e+002,2.726242e+002,2.410879e+000,...
 3.985284e-002,0.000000e+000,0.000000e+000,...
 2.702370e+002,2.705834e+002,3.545788e-004,0.000000e+000,...
