 
function zr =z26(flag,e)

za = [9.808000e-001,9.517930e+003,9.513725e+003,4.202718e+000,...
 8.529766e-003,0.000000e+000,0.000000e+000,...
 8.984604e+003,9.027482e+003,2.319500e-005,0.000000e+000,...
 9.488374e+003,9.488374e+003,2.215771e-005,0.000000e+000;...
1.000000e+000,9.024710e+003,9.020397e+003,4.247468e+000,...
 8.784031e-003,0.000000e+000,0.000000e+000,...
 8.984604e+003,9.027482e+003,2.319500e-005,0.000000e+000,...
 8.996951e+003,8.996951e+003,2.321564e-005,0.000000e+000;...
1.100000e+000,7.201825e+003,7.197404e+003,4.364465e+000,...
 1.008027e-002,0.000000e+000,0.000000e+000,...
 7.172590e+003,7.203694e+003,2.908395e-005,0.000000e+000,...
 7.180363e+003,7.180363e+003,2.937862e-005,0.000000e+000;...
1.172600e+000,6.236952e+003,6.232531e+003,4.389482e+000,...
 1.106671e-002,0.000000e+000,0.000000e+000,...
 6.166914e+003,6.191995e+003,3.384885e-005,0.000000e+000,...
 6.218637e+003,6.218637e+003,3.411548e-005,0.000000e+000;...
1.235400e+000,5.470273e+003,5.465852e+003,4.411263e+000,...
 1.191965e-002,0.000000e+000,0.000000e+000,...
 5.433937e+003,5.454909e+003,3.831131e-005,0.000000e+000,...
 5.454308e+003,5.454308e+003,3.828615e-005,0.000000e+000;...
1.250000e+000,5.299469e+003,5.295047e+003,4.416224e+000,...
 1.210297e-002,0.000000e+000,0.000000e+000,...
 5.279234e+003,5.299371e+003,3.930448e-005,0.000000e+000,...
 5.284023e+003,5.284023e+003,3.938227e-005,0.000000e+000;...
1.400000e+000,4.009053e+003,4.004632e+003,4.363387e+000,...
 1.401589e-002,0.000000e+000,0.000000e+000,...
 3.995433e+003,4.009034e+003,5.031033e-005,0.000000e+000,...
 3.997152e+003,3.997152e+003,5.090624e-005,0.000000e+000;...
1.496700e+000,3.405954e+003,3.401641e+003,4.314000e+000,...
 1.528291e-002,0.000000e+000,0.000000e+000,...
 3.390306e+003,3.401099e+003,5.818950e-005,0.000000e+000,...
 3.395668e+003,3.395668e+003,5.861681e-005,0.000000e+000;...
1.500000e+000,3.388593e+003,3.384280e+003,4.312383e+000,...
 1.532604e-002,0.000000e+000,0.000000e+000,...
 3.371995e+003,3.382706e+003,5.846934e-005,0.000000e+000,...
 3.378376e+003,3.378376e+003,5.888748e-005,0.000000e+000;...
1.577300e+000,2.998137e+003,2.993931e+003,4.272809e+000,...
 1.624260e-002,0.000000e+000,0.000000e+000,...
 2.974892e+003,2.983877e+003,6.523293e-005,0.000000e+000,...
 2.988890e+003,2.988890e+003,6.588345e-005,0.000000e+000;...
1.600000e+000,2.883512e+003,2.879199e+003,4.258898e+000,...
 1.651218e-002,0.000000e+000,0.000000e+000,...
 2.870759e+003,2.879307e+003,6.729537e-005,0.000000e+000,...
 2.874492e+003,2.874492e+003,6.794911e-005,0.000000e+000;...
1.611900e+000,2.833047e+003,2.828842e+003,4.250380e+000,...
 1.665452e-002,0.000000e+000,0.000000e+000,...
 2.818196e+003,2.826525e+003,6.839045e-005,0.000000e+000,...
 2.824040e+003,2.824040e+003,6.903427e-005,0.000000e+000;...
1.697100e+000,2.511926e+003,2.507721e+003,4.189131e+000,...
 1.767999e-002,0.000000e+000,0.000000e+000,...
 2.466297e+003,2.473219e+003,7.616399e-005,0.000000e+000,...
 2.503785e+003,2.503785e+003,7.689161e-005,0.000000e+000;...
1.800000e+000,2.124705e+003,2.120499e+003,4.107827e+000,...
 1.891897e-002,0.000000e+000,0.000000e+000,...
 2.117583e+003,2.123185e+003,8.574909e-005,0.000000e+000,...
 2.117447e+003,2.117447e+003,8.645190e-005,0.000000e+000;...
1.897400e+000,1.878526e+003,1.874536e+003,4.028247e+000,...
 2.010619e-002,0.000000e+000,0.000000e+000,...
 1.847433e+003,1.852070e+003,9.534883e-005,0.000000e+000,...
 1.871938e+003,1.871938e+003,9.562836e-005,0.000000e+000;...
1.933600e+000,1.787085e+003,1.783095e+003,3.998702e+000,...
 2.050732e-002,0.000000e+000,0.000000e+000,...
 1.759185e+003,1.763517e+003,9.904739e-005,0.000000e+000,...
 1.780670e+003,1.780670e+003,9.990038e-005,0.000000e+000;...
2.000000e+000,1.619731e+003,1.615742e+003,3.943061e+000,...
 2.123411e-002,0.000000e+000,0.000000e+000,...
 1.611883e+003,1.615720e+003,1.060158e-004,0.000000e+000,...
 1.613602e+003,1.613602e+003,1.078867e-004,0.000000e+000;...
2.097600e+000,1.445261e+003,1.441379e+003,3.860139e+000,...
 2.230487e-002,0.000000e+000,0.000000e+000,...
 1.423180e+003,1.426410e+003,1.166914e-004,0.000000e+000,...
 1.439530e+003,1.439530e+003,1.196803e-004,0.000000e+000;...
2.200000e+000,1.262595e+003,1.258821e+003,3.775060e+000,...
 2.342739e-002,0.000000e+000,0.000000e+000,...
 1.256506e+003,1.259224e+003,1.284464e-004,0.000000e+000,...
 1.257245e+003,1.257245e+003,1.320629e-004,0.000000e+000;...
2.345200e+000,1.076252e+003,1.072575e+003,3.659141e+000,...
 2.502545e-002,0.000000e+000,0.000000e+000,...
 1.062163e+003,1.064318e+003,1.458668e-004,0.000000e+000,...
 1.071368e+003,1.071368e+003,1.496905e-004,0.000000e+000;...
2.500000e+000,8.995165e+002,8.959581e+002,3.534489e+000,...
 2.672810e-002,0.000000e+000,0.000000e+000,...
 8.958750e+002,8.975801e+002,1.650943e-004,0.000000e+000,...
 8.949962e+002,8.949962e+002,1.685039e-004,0.000000e+000;...
2.645800e+000,7.858840e+002,7.824334e+002,3.421589e+000,...
 2.833802e-002,0.000000e+000,0.000000e+000,...
 7.703231e+002,7.717083e+002,1.842547e-004,0.000000e+000,...
 7.816434e+002,7.816434e+002,1.862859e-004,0.000000e+000;...
2.800000e+000,6.658141e+002,6.624713e+002,3.306426e+000,...
 3.004175e-002,0.000000e+000,0.000000e+000,...
 6.624279e+002,6.635532e+002,2.056243e-004,0.000000e+000,...
 6.618528e+002,6.618528e+002,2.051417e-004,0.000000e+000;...
2.818200e+000,6.557103e+002,6.523891e+002,3.293486e+000,...
 3.023369e-002,0.000000e+000,0.000000e+000,...
 6.510927e+002,6.521917e+002,2.082213e-004,0.000000e+000,...
 6.517652e+002,6.517652e+002,2.079267e-004,0.000000e+000;...
2.993300e+000,5.586623e+002,5.554705e+002,3.169265e+000,...
 3.203555e-002,0.000000e+000,0.000000e+000,...
 5.545026e+002,5.553836e+002,2.340112e-004,0.000000e+000,...
 5.549605e+002,5.549605e+002,2.368638e-004,0.000000e+000;...
3.000000e+000,5.555244e+002,5.523326e+002,3.164520e+000,...
 3.210456e-002,0.000000e+000,0.000000e+000,...
 5.512097e+002,5.520836e+002,2.350269e-004,0.000000e+000,...
 5.518584e+002,5.518584e+002,2.379688e-004,0.000000e+000;...
3.200000e+000,4.668441e+002,4.637924e+002,3.022830e+000,...
 3.416306e-002,0.000000e+000,0.000000e+000,...
 4.632907e+002,4.639792e+002,2.658840e-004,0.000000e+000,...
 4.633922e+002,4.633922e+002,2.709312e-004,0.000000e+000;...
3.319900e+000,4.260084e+002,4.230323e+002,2.942819e+000,...
 3.539233e-002,0.000000e+000,0.000000e+000,...
 4.196063e+002,4.202072e+002,2.849116e-004,0.000000e+000,...
 4.227094e+002,4.227094e+002,2.906290e-004,0.000000e+000;...
3.402400e+000,3.979508e+002,3.950178e+002,2.888580e+000,...
 3.623773e-002,0.000000e+000,0.000000e+000,...
 3.927706e+002,3.933194e+002,2.983606e-004,0.000000e+000,...
 3.947295e+002,3.947295e+002,3.041489e-004,0.000000e+000;...
3.500000e+000,3.667984e+002,3.639408e+002,2.824313e+000,...
 3.723840e-002,0.000000e+000,0.000000e+000,...
 3.635488e+002,3.640424e+002,3.146453e-004,0.000000e+000,...
 3.636562e+002,3.636562e+002,3.201422e-004,0.000000e+000;...
3.510600e+000,3.641888e+002,3.613313e+002,2.817735e+000,...
 3.734731e-002,0.000000e+000,0.000000e+000,...
 3.605632e+002,3.610514e+002,3.164383e-004,0.000000e+000,...
 3.610604e+002,3.610604e+002,3.218852e-004,0.000000e+000;...
3.741700e+000,3.075775e+002,3.048602e+002,2.675398e+000,...
 3.970665e-002,0.000000e+000,0.000000e+000,...
 3.030267e+002,3.034115e+002,3.567101e-004,0.000000e+000,...
 3.046486e+002,3.046486e+002,3.595801e-004,0.000000e+000;...
3.854800e+000,2.845556e+002,2.819137e+002,2.606817e+000,...
 4.086153e-002,0.000000e+000,0.000000e+000,...
 2.793919e+002,2.797362e+002,3.772393e-004,0.000000e+000,...
 2.817180e+002,2.817180e+002,3.780224e-004,0.000000e+000;...
4.000000e+000,2.550098e+002,2.524435e+002,2.519798e+000,...
 4.221588e-002,0.000000e+000,0.000000e+000,...
 2.525943e+002,2.528942e+002,4.043813e-004,0.000000e+000,...
 2.522765e+002,2.522765e+002,4.092583e-004,0.000000e+000;...
4.008400e+000,2.537482e+002,2.511818e+002,2.515053e+000,...
 4.229352e-002,0.000000e+000,0.000000e+000,...
 2.511467e+002,2.514442e+002,4.059781e-004,0.000000e+000,...
