 
function zr =z27(flag,e)

za = [9.650800e-001,1.067012e+004,1.066603e+004,3.846944e+000,...
 7.608870e-003,0.000000e+000,0.000000e+000,...
 9.706237e+003,9.752560e+003,2.129022e-005,0.000000e+000,...
 1.062274e+004,1.062274e+004,1.959784e-005,0.000000e+000;...
1.000000e+000,9.751374e+003,9.747389e+003,4.017899e+000,...
 8.047753e-003,0.000000e+000,0.000000e+000,...
 9.706237e+003,9.752560e+003,2.129022e-005,0.000000e+000,...
 9.709214e+003,9.709214e+003,2.131124e-005,0.000000e+000;...
1.075600e+000,8.292791e+003,8.288500e+003,4.237493e+000,...
 8.962407e-003,0.000000e+000,0.000000e+000,...
 8.197805e+003,8.234166e+003,2.536007e-005,0.000000e+000,...
 8.258364e+003,8.258364e+003,2.562458e-005,0.000000e+000;...
1.100000e+000,7.813239e+003,7.808947e+003,4.290731e+000,...
 9.258027e-003,0.000000e+000,0.000000e+000,...
 7.776670e+003,7.810395e+003,2.676293e-005,0.000000e+000,...
 7.781206e+003,7.781206e+003,2.704494e-005,0.000000e+000;...
1.228600e+000,6.057197e+003,6.052701e+003,4.440841e+000,...
 1.089390e-002,0.000000e+000,0.000000e+000,...
 5.996347e+003,6.019619e+003,3.467975e-005,0.000000e+000,...
 6.033450e+003,6.033450e+003,3.493974e-005,0.000000e+000;...
1.250000e+000,5.777313e+003,5.772817e+003,4.460256e+000,...
 1.115243e-002,0.000000e+000,0.000000e+000,...
 5.751914e+003,5.773853e+003,3.610794e-005,0.000000e+000,...
 5.754788e+003,5.754788e+003,3.638292e-005,0.000000e+000;...
1.322900e+000,5.073977e+003,5.069480e+003,4.474459e+000,...
 1.203019e-002,0.000000e+000,0.000000e+000,...
 5.015473e+003,5.033545e+003,4.122249e-005,0.000000e+000,...
 5.054439e+003,5.054439e+003,4.158128e-005,0.000000e+000;...
1.338300e+000,4.925298e+003,4.920802e+003,4.477525e+000,...
 1.221617e-002,0.000000e+000,0.000000e+000,...
 4.877105e+003,4.894476e+003,4.235272e-005,0.000000e+000,...
 4.906443e+003,4.906443e+003,4.269630e-005,0.000000e+000;...
1.400000e+000,4.371048e+003,4.366552e+003,4.489480e+000,...
 1.295905e-002,0.000000e+000,0.000000e+000,...
 4.357455e+003,4.372289e+003,4.671884e-005,0.000000e+000,...
 4.354334e+003,4.354334e+003,4.717095e-005,0.000000e+000;...
1.496700e+000,3.706031e+003,3.701637e+003,4.446767e+000,...
 1.415768e-002,0.000000e+000,0.000000e+000,...
 3.687396e+003,3.699135e+003,5.402966e-005,0.000000e+000,...
 3.691943e+003,3.691943e+003,5.440959e-005,0.000000e+000;...
1.500000e+000,3.686923e+003,3.682529e+003,4.445234e+000,...
 1.419855e-002,0.000000e+000,0.000000e+000,...
 3.667150e+003,3.678799e+003,5.428930e-005,0.000000e+000,...
 3.672884e+003,3.672884e+003,5.466368e-005,0.000000e+000;...
1.600000e+000,3.128075e+003,3.123681e+003,4.400989e+000,...
 1.532462e-002,0.000000e+000,0.000000e+000,...
 3.117504e+003,3.126786e+003,6.247777e-005,0.000000e+000,...
 3.116011e+003,3.116011e+003,6.324719e-005,0.000000e+000;...
1.697100e+000,2.729657e+003,2.725263e+003,4.336817e+000,...
 1.643537e-002,0.000000e+000,0.000000e+000,...
 2.687961e+003,2.695504e+003,7.102690e-005,0.000000e+000,...
 2.718848e+003,2.718848e+003,7.173506e-005,0.000000e+000;...
1.701200e+000,2.712797e+003,2.708403e+003,4.334058e+000,...
 1.648238e-002,0.000000e+000,0.000000e+000,...
 2.671689e+003,2.679169e+003,7.140093e-005,0.000000e+000,...
 2.702190e+003,2.702190e+003,7.210376e-005,0.000000e+000;...
1.795500e+000,2.342378e+003,2.338086e+003,4.271623e+000,...
 1.756247e-002,0.000000e+000,0.000000e+000,...
 2.331556e+003,2.337740e+003,7.984960e-005,0.000000e+000,...
 2.332986e+003,2.332986e+003,8.043204e-005,0.000000e+000;...
1.800000e+000,2.325926e+003,2.321634e+003,4.268660e+000,...
 1.761356e-002,0.000000e+000,0.000000e+000,...
 2.316494e+003,2.322623e+003,8.025865e-005,0.000000e+000,...
 2.316604e+003,2.316604e+003,8.083022e-005,0.000000e+000;...
1.897400e+000,2.055750e+003,2.051560e+003,4.196415e+000,...
 1.874577e-002,0.000000e+000,0.000000e+000,...
 2.021031e+003,2.026103e+003,8.937355e-005,0.000000e+000,...
 2.047332e+003,2.047332e+003,8.957853e-005,0.000000e+000;...
1.936000e+000,1.948967e+003,1.944777e+003,4.167701e+000,...
 1.916166e-002,0.000000e+000,0.000000e+000,...
 1.918341e+003,1.923058e+003,9.312426e-005,0.000000e+000,...
 1.940756e+003,1.940756e+003,9.354977e-005,0.000000e+000;...
2.000000e+000,1.771779e+003,1.767589e+003,4.118448e+000,...
 1.984425e-002,0.000000e+000,0.000000e+000,...
 1.763402e+003,1.767599e+003,9.951647e-005,0.000000e+000,...
 1.764157e+003,1.764157e+003,1.002416e-004,0.000000e+000;...
2.088600e+000,1.598474e+003,1.594386e+003,4.050496e+000,...
 2.079457e-002,0.000000e+000,0.000000e+000,...
 1.575110e+003,1.578700e+003,1.087232e-004,0.000000e+000,...
 1.591357e+003,1.591357e+003,1.095460e-004,0.000000e+000;...
2.097600e+000,1.580796e+003,1.576708e+003,4.043036e+000,...
 2.089164e-002,0.000000e+000,0.000000e+000,...
 1.557565e+003,1.561099e+003,1.096817e-004,0.000000e+000,...
 1.573762e+003,1.573762e+003,1.105115e-004,0.000000e+000;...
2.200000e+000,1.380923e+003,1.376938e+003,3.959244e+000,...
 2.199013e-002,0.000000e+000,0.000000e+000,...
 1.375686e+003,1.378662e+003,1.208894e-004,0.000000e+000,...
 1.374464e+003,1.374464e+003,1.213023e-004,0.000000e+000;...
2.339600e+000,1.181561e+003,1.177677e+003,3.847761e+000,...
 2.349735e-002,0.000000e+000,0.000000e+000,...
 1.171950e+003,1.174334e+003,1.370657e-004,0.000000e+000,...
 1.175703e+003,1.175703e+003,1.361464e-004,0.000000e+000;...
2.345200e+000,1.173590e+003,1.169707e+003,3.843367e+000,...
 2.355355e-002,0.000000e+000,0.000000e+000,...
 1.164673e+003,1.167037e+003,1.377071e-004,0.000000e+000,...
 1.167769e+003,1.167769e+003,1.368993e-004,0.000000e+000;...
2.500000e+000,9.913848e+002,9.876448e+002,3.721563e+000,...
 2.512413e-002,0.000000e+000,0.000000e+000,...
 9.860020e+002,9.878787e+002,1.558911e-004,0.000000e+000,...
 9.861125e+002,9.861125e+002,1.580405e-004,0.000000e+000;...
2.528300e+000,9.639789e+002,9.602593e+002,3.700513e+000,...
 2.541229e-002,0.000000e+000,0.000000e+000,...
 9.575042e+002,9.593062e+002,1.593334e-004,0.000000e+000,...
 9.587648e+002,9.587648e+002,1.619110e-004,0.000000e+000;...
2.645800e+000,8.628876e+002,8.592499e+002,3.613248e+000,...
 2.660478e-002,0.000000e+000,0.000000e+000,...
 8.478831e+002,8.494077e+002,1.740152e-004,0.000000e+000,...
 8.579636e+002,8.579636e+002,1.779586e-004,0.000000e+000;...
2.714600e+000,8.043461e+002,8.007492e+002,3.562053e+000,...
 2.730373e-002,0.000000e+000,0.000000e+000,...
 7.915864e+002,7.929736e+002,1.829027e-004,0.000000e+000,...
 7.995882e+002,7.995882e+002,1.873722e-004,0.000000e+000;...
2.800000e+000,7.322651e+002,7.287295e+002,3.499414e+000,...
 2.817127e-002,0.000000e+000,0.000000e+000,...
 7.286188e+002,7.298567e+002,1.942326e-004,0.000000e+000,...
 7.277288e+002,7.277288e+002,1.990570e-004,0.000000e+000;...
2.993300e+000,6.145587e+002,6.111661e+002,3.362282e+000,...
 3.013730e-002,0.000000e+000,0.000000e+000,...
 6.094177e+002,6.103860e+002,2.210944e-004,0.000000e+000,...
 6.103519e+002,6.103519e+002,2.255262e-004,0.000000e+000;...
3.000000e+000,6.111457e+002,6.077634e+002,3.357480e+000,...
 3.020577e-002,0.000000e+000,0.000000e+000,...
 6.057822e+002,6.067426e+002,2.220556e-004,0.000000e+000,...
 6.069663e+002,6.069663e+002,2.264494e-004,0.000000e+000;...
3.200000e+000,5.112500e+002,5.080107e+002,3.215647e+000,...
 3.223924e-002,0.000000e+000,0.000000e+000,...
 5.092632e+002,5.100200e+002,2.516794e-004,0.000000e+000,...
 5.073736e+002,5.073736e+002,2.538518e-004,0.000000e+000;...
3.321800e+000,4.670245e+002,4.638568e+002,3.131345e+000,...
 3.347874e-002,0.000000e+000,0.000000e+000,...
 4.605884e+002,4.612477e+002,2.702262e-004,0.000000e+000,...
 4.632997e+002,4.632997e+002,2.705451e-004,0.000000e+000;...
3.364000e+000,4.516662e+002,4.485291e+002,3.102427e+000,...
 3.390894e-002,0.000000e+000,0.000000e+000,...
 4.452140e+002,4.458432e+002,2.766932e-004,0.000000e+000,...
 4.480020e+002,4.480020e+002,2.763497e-004,0.000000e+000;...
3.500000e+000,4.023212e+002,3.992761e+002,3.009439e+000,...
 3.518727e-002,0.000000e+000,0.000000e+000,...
 4.002025e+002,4.007460e+002,2.980185e-004,0.000000e+000,...
