 
function zr =z28(flag,e)

za = [8.849800e-001,1.183074e+004,1.182869e+004,1.582287e+000,...
 6.432951e-003,0.000000e+000,0.000000e+000,...
 9.728884e+003,9.775313e+003,2.071009e-005,0.000000e+000,...
 1.175792e+004,1.175792e+004,1.522577e-005,0.000000e+000;...
1.000000e+000,9.778361e+003,9.775284e+003,3.125083e+000,...
 7.816350e-003,0.000000e+000,0.000000e+000,...
 9.728884e+003,9.775313e+003,2.071009e-005,0.000000e+000,...
 9.722534e+003,9.722534e+003,2.073354e-005,0.000000e+000;...
1.006500e+000,9.641016e+003,9.637733e+003,3.287456e+000,...
 7.893997e-003,0.000000e+000,0.000000e+000,...
 9.571621e+003,9.617004e+003,2.103791e-005,0.000000e+000,...
 9.585973e+003,9.585973e+003,2.109296e-005,0.000000e+000;...
1.006500e+000,1.098246e+004,1.097836e+004,3.287456e+000,...
 7.893997e-003,0.000000e+000,0.000000e+000,...
 1.090413e+004,1.095582e+004,2.104298e-005,0.000000e+000,...
 1.091881e+004,1.091881e+004,2.109296e-005,0.000000e+000;...
1.033500e+000,1.036395e+004,1.035985e+004,3.979002e+000,...
 8.216589e-003,0.000000e+000,0.000000e+000,...
 1.023763e+004,1.028489e+004,2.243217e-005,0.000000e+000,...
 1.030476e+004,1.030476e+004,2.259838e-005,0.000000e+000;...
1.086200e+000,9.159848e+003,9.155539e+003,4.291541e+000,...
 8.846077e-003,0.000000e+000,0.000000e+000,...
 9.087922e+003,9.127836e+003,2.530633e-005,0.000000e+000,...
 9.109090e+003,9.109090e+003,2.558289e-005,0.000000e+000;...
1.100000e+000,8.843718e+003,8.839308e+003,4.347956e+000,...
 9.011424e-003,0.000000e+000,0.000000e+000,...
 8.817211e+003,8.855447e+003,2.609276e-005,0.000000e+000,...
 8.795062e+003,8.795062e+003,2.637711e-005,0.000000e+000;...
1.172600e+000,7.706700e+003,7.702187e+003,4.531355e+000,...
 9.925758e-003,0.000000e+000,0.000000e+000,...
 7.565521e+003,7.596291e+003,3.043412e-005,0.000000e+000,...
 7.665959e+003,7.665959e+003,3.074009e-005,0.000000e+000;...
1.235400e+000,6.730720e+003,6.726104e+003,4.643878e+000,...
 1.071577e-002,0.000000e+000,0.000000e+000,...
 6.676625e+003,6.702394e+003,3.446676e-005,0.000000e+000,...
 6.696048e+003,6.696048e+003,3.458776e-005,0.000000e+000;...
1.250000e+000,6.503214e+003,6.498495e+003,4.665521e+000,...
 1.088810e-002,0.000000e+000,0.000000e+000,...
 6.491309e+003,6.516068e+003,3.544623e-005,0.000000e+000,...
 6.469917e+003,6.469917e+003,3.560189e-005,0.000000e+000;...
1.400000e+000,4.961443e+003,4.956622e+003,4.750246e+000,...
 1.268825e-002,0.000000e+000,0.000000e+000,...
 4.947677e+003,4.964519e+003,4.577015e-005,0.000000e+000,...
 4.937173e+003,4.937173e+003,4.630581e-005,0.000000e+000;...
1.496700e+000,4.241690e+003,4.236972e+003,4.755887e+000,...
 1.388527e-002,0.000000e+000,0.000000e+000,...
 4.215891e+003,4.229312e+003,5.312659e-005,0.000000e+000,...
 4.221374e+003,4.221374e+003,5.351022e-005,0.000000e+000;...
1.500000e+000,4.219637e+003,4.214816e+003,4.756092e+000,...
 1.392630e-002,0.000000e+000,0.000000e+000,...
 4.193699e+003,4.207021e+003,5.338834e-005,0.000000e+000,...
 4.199356e+003,4.199356e+003,5.376469e-005,0.000000e+000;...
1.600000e+000,3.599072e+003,3.594354e+003,4.761837e+000,...
 1.505357e-002,0.000000e+000,0.000000e+000,...
 3.584611e+003,3.595283e+003,6.165859e-005,0.000000e+000,...
 3.581920e+003,3.581920e+003,6.230622e-005,0.000000e+000;...
1.611900e+000,3.540093e+003,3.535272e+003,4.756298e+000,...
 1.519000e-002,0.000000e+000,0.000000e+000,...
 3.520586e+003,3.530990e+003,6.268663e-005,0.000000e+000,...
 3.523000e+003,3.523000e+003,6.333483e-005,0.000000e+000;...
1.697100e+000,3.142316e+003,3.137597e+003,4.716602e+000,...
 1.616854e-002,0.000000e+000,0.000000e+000,...
 3.087729e+003,3.096395e+003,6.995270e-005,0.000000e+000,...
 3.127436e+003,3.127436e+003,7.077902e-005,0.000000e+000;...
1.701200e+000,3.123032e+003,3.118313e+003,4.714653e+000,...
 1.621675e-002,0.000000e+000,0.000000e+000,...
 3.068811e+003,3.077403e+003,7.030604e-005,0.000000e+000,...
 3.108210e+003,3.108210e+003,7.114989e-005,0.000000e+000;...
1.800000e+000,2.666583e+003,2.661968e+003,4.668598e+000,...
 1.735223e-002,0.000000e+000,0.000000e+000,...
 2.656366e+003,2.663394e+003,7.910196e-005,0.000000e+000,...
 2.653773e+003,2.653773e+003,7.986969e-005,0.000000e+000;...
1.897400e+000,2.360301e+003,2.355685e+003,4.598541e+000,...
 1.849079e-002,0.000000e+000,0.000000e+000,...
 2.321516e+003,2.327342e+003,8.830326e-005,0.000000e+000,...
 2.348813e+003,2.348813e+003,8.863481e-005,0.000000e+000;...
1.901200e+000,2.348300e+003,2.343684e+003,4.595771e+000,...
 1.853489e-002,0.000000e+000,0.000000e+000,...
 2.309670e+003,2.315455e+003,8.867293e-005,0.000000e+000,...
 2.336851e+003,2.336851e+003,8.897760e-005,0.000000e+000;...
2.000000e+000,2.038428e+003,2.033915e+003,4.524996e+000,...
 1.959549e-002,0.000000e+000,0.000000e+000,...
 2.029044e+003,2.033874e+003,9.856759e-005,0.000000e+000,...
 2.028252e+003,2.028252e+003,9.929229e-005,0.000000e+000;...
2.083100e+000,1.853284e+003,1.848771e+003,4.459555e+000,...
 2.049301e-002,0.000000e+000,0.000000e+000,...
 1.826825e+003,1.831000e+003,1.073130e-004,0.000000e+000,...
 1.843909e+003,1.843909e+003,1.080364e-004,0.000000e+000;...
2.097600e+000,1.820974e+003,1.816460e+003,4.448169e+000,...
 2.064892e-002,0.000000e+000,0.000000e+000,...
 1.794436e+003,1.798508e+003,1.088787e-004,0.000000e+000,...
 1.811723e+003,1.811723e+003,1.095549e-004,0.000000e+000;...
2.200000e+000,1.593570e+003,1.589159e+003,4.367445e+000,...
 2.175465e-002,0.000000e+000,0.000000e+000,...
 1.586876e+003,1.590309e+003,1.199815e-004,0.000000e+000,...
 1.585190e+003,1.585190e+003,1.203713e-004,0.000000e+000;...
2.299100e+000,1.427300e+003,1.422991e+003,4.289899e+000,...
 2.283371e-002,0.000000e+000,0.000000e+000,...
 1.416420e+003,1.419352e+003,1.308915e-004,0.000000e+000,...
 1.419533e+003,1.419533e+003,1.309354e-004,0.000000e+000;...
2.388200e+000,1.296006e+003,1.291801e+003,4.219842e+000,...
 2.377020e-002,0.000000e+000,0.000000e+000,...
 1.281391e+003,1.283944e+003,1.411007e-004,0.000000e+000,...
 1.288820e+003,1.288820e+003,1.418831e-004,0.000000e+000;...
2.500000e+000,1.140711e+003,1.136608e+003,4.130604e+000,...
 2.491184e-002,0.000000e+000,0.000000e+000,...
 1.135364e+003,1.137525e+003,1.544460e-004,0.000000e+000,...
 1.134082e+003,1.134082e+003,1.571512e-004,0.000000e+000;...
2.645800e+000,9.972429e+002,9.932015e+002,4.015004e+000,...
 2.640427e-002,0.000000e+000,0.000000e+000,...
 9.773045e+002,9.790620e+002,1.727436e-004,0.000000e+000,...
 9.911301e+002,9.911301e+002,1.771076e-004,0.000000e+000;...
2.800000e+000,8.457532e+002,8.418349e+002,3.890789e+000,...
 2.798287e-002,0.000000e+000,0.000000e+000,...
 8.413267e+002,8.427560e+002,1.931950e-004,0.000000e+000,...
 8.401804e+002,8.401804e+002,1.982580e-004,0.000000e+000;...
2.935400e+000,7.526582e+002,7.488322e+002,3.787908e+000,...
 2.937273e-002,0.000000e+000,0.000000e+000,...
 7.425396e+002,7.437428e+002,2.120837e-004,0.000000e+000,...
 7.474283e+002,7.474283e+002,2.168771e-004,0.000000e+000;...
3.082200e+000,6.618505e+002,6.581476e+002,3.676720e+000,...
 3.088055e-002,0.000000e+000,0.000000e+000,...
 6.523845e+002,6.533911e+002,2.330336e-004,0.000000e+000,...
 6.569781e+002,6.569781e+002,2.370895e-004,0.000000e+000;...
3.200000e+000,5.946962e+002,5.910651e+002,3.593430e+000,...
 3.208885e-002,0.000000e+000,0.000000e+000,...
 5.904686e+002,5.913461e+002,2.504042e-004,0.000000e+000,...
 5.900359e+002,5.900359e+002,2.533103e-004,0.000000e+000;...
3.364000e+000,5.240031e+002,5.204951e+002,3.475267e+000,...
 3.377720e-002,0.000000e+000,0.000000e+000,...
 5.169959e+002,5.177266e+002,2.755802e-004,0.000000e+000,...
 5.196296e+002,5.196296e+002,2.759704e-004,0.000000e+000;...
3.500000e+000,4.681727e+002,4.647468e+002,3.382746e+000,...
 3.507372e-002,0.000000e+000,0.000000e+000,...
 4.644609e+002,4.650917e+002,2.973310e-004,0.000000e+000,...
 4.640048e+002,4.640048e+002,3.018134e-004,0.000000e+000;...
3.533700e+000,4.576385e+002,4.542433e+002,3.360898e+000,...
 3.539272e-002,0.000000e+000,0.000000e+000,...
 4.525031e+002,4.531118e+002,3.028428e-004,0.000000e+000,...
