 
function zr =z29(flag,e)

za = [9.911100e-001,1.079969e+004,1.079684e+004,2.709920e+000,...
 5.837611e-003,0.000000e+000,0.000000e+000,...
 1.580306e+003,1.587848e+003,1.801841e-005,0.000000e+000,...
 1.071918e+004,1.071918e+004,1.540368e-005,0.000000e+000;...
1.000000e+000,1.056749e+004,1.056464e+004,2.815690e+000,...
 5.922815e-003,0.000000e+000,0.000000e+000,...
 1.580306e+003,1.587848e+003,1.801841e-005,0.000000e+000,...
 1.048895e+004,1.048895e+004,1.573214e-005,0.000000e+000;...
1.035400e+000,9.605512e+003,9.602669e+003,3.082199e+000,...
 6.261164e-003,0.000000e+000,0.000000e+000,...
 5.929677e+003,5.957004e+003,1.963153e-005,0.000000e+000,...
 9.535329e+003,9.535329e+003,1.724985e-005,0.000000e+000;...
1.046600e+000,9.342510e+003,9.339382e+003,3.104566e+000,...
 6.368923e-003,0.000000e+000,0.000000e+000,...
 6.984408e+003,7.016249e+003,2.015910e-005,0.000000e+000,...
 9.275997e+003,9.275997e+003,1.774027e-005,0.000000e+000;...
1.082200e+000,8.532367e+003,8.529240e+003,3.167876e+000,...
 6.709358e-003,0.000000e+000,0.000000e+000,...
 8.912838e+003,8.952128e+003,2.189156e-005,0.000000e+000,...
 8.473150e+003,8.473150e+003,1.929869e-005,0.000000e+000;...
1.086100e+000,8.443278e+003,8.439961e+003,3.257060e+000,...
 6.746889e-003,0.000000e+000,0.000000e+000,...
 8.878538e+003,8.917536e+003,2.208652e-005,0.000000e+000,...
 8.384768e+003,8.384768e+003,1.947293e-005,0.000000e+000;...
1.086100e+000,9.562863e+003,9.560020e+003,3.257060e+000,...
 6.746889e-003,0.000000e+000,0.000000e+000,...
 8.877662e+003,8.916652e+003,2.209153e-005,0.000000e+000,...
 9.496112e+003,9.496112e+003,1.947293e-005,0.000000e+000;...
1.099600e+000,9.248587e+003,9.244891e+003,3.651137e+000,...
 6.876352e-003,0.000000e+000,0.000000e+000,...
 8.761747e+003,8.799758e+003,2.276934e-005,0.000000e+000,...
 9.184346e+003,9.184346e+003,2.007325e-005,0.000000e+000;...
1.100000e+000,9.240531e+003,9.236835e+003,3.657108e+000,...
 6.879859e-003,0.000000e+000,0.000000e+000,...
 8.758332e+003,8.796313e+003,2.278977e-005,0.000000e+000,...
 9.176339e+003,9.176339e+003,2.008827e-005,0.000000e+000;...
1.151900e+000,8.391531e+003,8.387360e+003,4.116960e+000,...
 7.396861e-003,0.000000e+000,0.000000e+000,...
 8.165709e+003,8.199519e+003,2.553228e-005,0.000000e+000,...
 8.334153e+003,8.334153e+003,2.247645e-005,0.000000e+000;...
1.172600e+000,8.051571e+003,8.047400e+003,4.199509e+000,...
 7.596458e-003,0.000000e+000,0.000000e+000,...
 7.885627e+003,7.917698e+003,2.667810e-005,0.000000e+000,...
 7.997909e+003,7.997909e+003,2.356447e-005,0.000000e+000;...
1.250000e+000,6.795414e+003,6.790959e+003,4.439197e+000,...
 8.336656e-003,0.000000e+000,0.000000e+000,...
 7.700623e+003,7.729994e+003,3.115537e-005,0.000000e+000,...
 6.751786e+003,6.751786e+003,2.776250e-005,0.000000e+000;...
1.376500e+000,5.438037e+003,5.433393e+003,4.631876e+000,...
 9.601722e-003,0.000000e+000,0.000000e+000,...
 6.100831e+003,6.121955e+003,3.902092e-005,0.000000e+000,...
 5.404493e+003,5.404493e+003,3.502510e-005,0.000000e+000;...
1.400000e+000,5.186503e+003,5.181859e+003,4.650073e+000,...
 9.836764e-003,0.000000e+000,0.000000e+000,...
 5.853137e+003,5.873063e+003,4.057490e-005,0.000000e+000,...
 5.155134e+003,5.155134e+003,3.640227e-005,0.000000e+000;...
1.496700e+000,4.429245e+003,4.424506e+003,4.694333e+000,...
 1.084613e-002,0.000000e+000,0.000000e+000,...
 4.963003e+003,4.978804e+003,4.712589e-005,0.000000e+000,...
 4.402916e+003,4.402916e+003,4.229917e-005,0.000000e+000;...
1.512500e+000,4.325466e+003,4.320727e+003,4.701630e+000,...
 1.101104e-002,0.000000e+000,0.000000e+000,...
 4.835009e+003,4.850240e+003,4.824804e-005,0.000000e+000,...
 4.299882e+003,4.299882e+003,4.327479e-005,0.000000e+000;...
1.600000e+000,3.760603e+003,3.755864e+003,4.741721e+000,...
 1.187065e-002,0.000000e+000,0.000000e+000,...
 4.228391e+003,4.240980e+003,5.472849e-005,0.000000e+000,...
 3.738979e+003,3.738979e+003,4.963798e-005,0.000000e+000;...
1.611900e+000,3.698999e+003,3.694260e+003,4.738972e+000,...
 1.199102e-002,0.000000e+000,0.000000e+000,...
 4.155347e+003,4.167627e+003,5.564486e-005,0.000000e+000,...
 3.677517e+003,3.677517e+003,5.052267e-005,0.000000e+000;...
1.800000e+000,2.793228e+003,2.788489e+003,4.696039e+000,...
 1.389411e-002,0.000000e+000,0.000000e+000,...
 3.193718e+003,3.202167e+003,7.080139e-005,0.000000e+000,...
 2.777344e+003,2.777344e+003,6.480655e-005,0.000000e+000;...
1.897400e+000,2.476677e+003,2.471938e+003,4.646092e+000,...
 1.490916e-002,0.000000e+000,0.000000e+000,...
 2.786221e+003,2.793213e+003,7.929785e-005,0.000000e+000,...
 2.462427e+003,2.462427e+003,7.249112e-005,0.000000e+000;...
1.915300e+000,2.418769e+003,2.414125e+003,4.636993e+000,...
 1.509587e-002,0.000000e+000,0.000000e+000,...
 2.719271e+003,2.726031e+003,8.091544e-005,0.000000e+000,...
 2.404917e+003,2.404917e+003,7.391722e-005,0.000000e+000;...
2.000000e+000,2.144583e+003,2.140034e+003,4.593492e+000,...
 1.592326e-002,0.000000e+000,0.000000e+000,...
 2.430924e+003,2.436711e+003,8.880722e-005,0.000000e+000,...
 2.132254e+003,2.132254e+003,8.211495e-005,0.000000e+000;...
2.097600e+000,1.918828e+003,1.914279e+003,4.534351e+000,...
 1.689281e-002,0.000000e+000,0.000000e+000,...
 2.145397e+003,2.150266e+003,9.780265e-005,0.000000e+000,...
 1.907686e+003,1.907686e+003,9.173431e-005,0.000000e+000;...
2.200000e+000,1.683026e+003,1.678477e+003,4.470946e+000,...
 1.790976e-002,0.000000e+000,0.000000e+000,...
 1.893354e+003,1.897450e+003,1.077129e-004,0.000000e+000,...
 1.672991e+003,1.672991e+003,1.019379e-004,0.000000e+000;...
2.213400e+000,1.658384e+003,1.653930e+003,4.461943e+000,...
 1.804623e-002,0.000000e+000,0.000000e+000,...
 1.864303e+003,1.868312e+003,1.090456e-004,0.000000e+000,...
 1.648442e+003,1.648442e+003,1.032923e-004,0.000000e+000;...
2.345200e+000,1.426942e+003,1.422488e+003,4.373517e+000,...
 1.939110e-002,0.000000e+000,0.000000e+000,...
 1.608976e+003,1.612241e+003,1.225959e-004,0.000000e+000,...
 1.418123e+003,1.418123e+003,1.167897e-004,0.000000e+000;...
2.361800e+000,1.400974e+003,1.396614e+003,4.362334e+000,...
 1.955980e-002,0.000000e+000,0.000000e+000,...
 1.580335e+003,1.583519e+003,1.243595e-004,0.000000e+000,...
 1.392325e+003,1.392325e+003,1.184922e-004,0.000000e+000;...
2.500000e+000,1.201471e+003,1.197111e+003,4.261682e+000,...
 2.096911e-002,0.000000e+000,0.000000e+000,...
 1.363049e+003,1.365643e+003,1.395371e-004,0.000000e+000,...
 1.193705e+003,1.193705e+003,1.327991e-004,0.000000e+000;...
2.628900e+000,1.067458e+003,1.063288e+003,4.164158e+000,...
 2.227133e-002,0.000000e+000,0.000000e+000,...
 1.195167e+003,1.197330e+003,1.544911e-004,0.000000e+000,...
 1.060287e+003,1.060287e+003,1.476038e-004,0.000000e+000;...
2.676700e+000,1.017796e+003,1.013720e+003,4.128143e+000,...
 2.273478e-002,0.000000e+000,0.000000e+000,...
 1.140167e+003,1.142193e+003,1.602323e-004,0.000000e+000,...
 1.010915e+003,1.010915e+003,1.537908e-004,0.000000e+000;...
2.776900e+000,9.153337e+002,9.112584e+002,4.052512e+000,...
 2.370718e-002,0.000000e+000,0.000000e+000,...
 1.035413e+003,1.037187e+003,1.724432e-004,0.000000e+000,...
 9.088854e+002,9.088854e+002,1.668179e-004,0.000000e+000;...
2.800000e+000,8.917631e+002,8.877067e+002,4.034220e+000,...
 2.393085e-002,0.000000e+000,0.000000e+000,...
 1.013161e+003,1.014883e+003,1.752688e-004,0.000000e+000,...
 8.854034e+002,8.854034e+002,1.698222e-004,0.000000e+000;...
2.993300e+000,7.506136e+002,7.466995e+002,3.891773e+000,...
 2.583395e-002,0.000000e+000,0.000000e+000,...
 8.504457e+002,8.517970e+002,1.997948e-004,0.000000e+000,...
 7.448928e+002,7.448928e+002,1.953433e-004,0.000000e+000;...
3.054700e+000,7.138123e+002,7.099454e+002,3.846565e+000,...
 2.643861e-002,0.000000e+000,0.000000e+000,...
 8.061122e+002,8.073673e+002,2.079145e-004,0.000000e+000,...
 7.082543e+002,7.082543e+002,2.034957e-004,0.000000e+000;...
3.200000e+000,6.269694e+002,6.232068e+002,3.738141e+000,...
 2.786878e-002,0.000000e+000,0.000000e+000,...
 7.130934e+002,7.141532e+002,2.277605e-004,0.000000e+000,...
