 
function zr =z3(flag,e)

za = [8.000000e-001,4.572901e+002,4.567954e+002,4.716791e-001,...
 2.302766e-002,0.000000e+000,0.000000e+000,...
 2.323952e+002,2.335042e+002,7.907171e-005,0.000000e+000,...
 4.567885e+002,4.567885e+002,4.838016e-005,0.000000e+000;...
1.000000e+000,2.339650e+002,2.335050e+002,4.319487e-001,...
 3.082100e-002,0.000000e+000,0.000000e+000,...
 2.323952e+002,2.335042e+002,7.907171e-005,0.000000e+000,...
 2.335019e+002,2.335019e+002,7.913296e-005,0.000000e+000;...
1.100000e+000,1.737966e+002,1.733540e+002,4.139494e-001,...
 3.425944e-002,0.000000e+000,0.000000e+000,...
 1.726037e+002,1.733521e+002,9.534936e-005,0.000000e+000,...
 1.733572e+002,1.733572e+002,9.596357e-005,0.000000e+000;...
1.250000e+000,1.166571e+002,1.162318e+002,3.889378e-001,...
 3.892503e-002,0.000000e+000,0.000000e+000,...
 1.157945e+002,1.162360e+002,1.225619e-004,0.000000e+000,...
 1.162322e+002,1.162307e+002,1.222832e-004,0.000000e+000;...
1.400000e+000,8.195761e+001,8.154799e+001,3.663476e-001,...
 4.325302e-002,0.000000e+000,0.000000e+000,...
 8.127126e+001,8.154778e+001,1.501208e-004,0.000000e+000,...
 8.154762e+001,8.154762e+001,1.487828e-004,0.000000e+000;...
1.496700e+000,6.657922e+001,6.618088e+001,3.532430e-001,...
 4.554763e-002,0.000000e+000,0.000000e+000,...
 6.596516e+001,6.617500e+001,1.691179e-004,0.000000e+000,...
 6.618056e+001,6.618056e+001,1.667714e-004,0.000000e+000;...
1.600000e+000,5.409687e+001,5.370893e+001,3.400603e-001,...
 4.795505e-002,0.000000e+000,0.000000e+000,...
 5.354926e+001,5.370850e+001,1.890830e-004,0.000000e+000,...
 5.370904e+001,5.370787e+001,1.857912e-004,0.000000e+000;...
1.800000e+000,3.752865e+001,3.715894e+001,3.176349e-001,...
 5.184652e-002,0.000000e+000,0.000000e+000,...
 3.706120e+001,3.715902e+001,2.283950e-004,0.000000e+000,...
 3.715876e+001,3.715876e+001,2.263421e-004,0.000000e+000;...
2.000000e+000,2.708141e+001,2.672733e+001,2.985855e-001,...
 5.508449e-002,0.000000e+000,0.000000e+000,...
 2.666429e+001,2.672750e+001,2.673529e-004,0.000000e+000,...
 2.672753e+001,2.672753e+001,2.680150e-004,0.000000e+000;...
2.200000e+000,1.997889e+001,1.963869e+001,2.823826e-001,...
 5.818794e-002,0.000000e+000,0.000000e+000,...
 1.959593e+001,1.963802e+001,3.082894e-004,0.000000e+000,...
 1.963824e+001,1.963824e+001,3.069118e-004,0.000000e+000;...
2.453400e+000,1.421459e+001,1.388741e+001,2.647825e-001,...
 6.193620e-002,0.000000e+000,0.000000e+000,...
 1.377701e+001,1.380337e+001,3.628531e-004,0.000000e+000,...
 1.388809e+001,1.388732e+001,3.528238e-004,0.000000e+000;...
2.500000e+000,1.331289e+001,1.298918e+001,2.618231e-001,...
 6.262615e-002,0.000000e+000,0.000000e+000,...
 1.296419e+001,1.298849e+001,3.732037e-004,0.000000e+000,...
 1.298877e+001,1.298877e+001,3.610487e-004,0.000000e+000;...
2.800000e+000,9.314687e+000,9.003126e+000,2.446657e-001,...
 6.677970e-002,0.000000e+000,0.000000e+000,...
 8.988251e+000,9.003081e+000,4.416750e-004,0.000000e+000,...
 9.003478e+000,9.003478e+000,4.522405e-004,0.000000e+000;...
3.015600e+000,7.406708e+000,7.103219e+000,2.339824e-001,...
 6.957071e-002,0.000000e+000,0.000000e+000,...
 7.072186e+000,7.082849e+000,4.928962e-004,0.000000e+000,...
 7.103512e+000,7.102890e+000,5.361695e-004,0.000000e+000;...
3.200000e+000,6.143545e+000,5.845957e+000,2.256510e-001,...
 7.195906e-002,0.000000e+000,0.000000e+000,...
 5.837736e+000,5.845875e+000,5.381249e-004,0.000000e+000,...
 5.846501e+000,5.845858e+000,6.049860e-004,0.000000e+000;...
3.500000e+000,4.664026e+000,4.375030e+000,2.133361e-001,...
 7.565785e-002,0.000000e+000,0.000000e+000,...
 4.369752e+000,4.375075e+000,6.143981e-004,0.000000e+000,...
 4.375762e+000,4.375013e+000,7.102728e-004,0.000000e+000;...
4.000000e+000,3.117074e+000,2.840316e+000,1.952066e-001,...
 8.152629e-002,0.000000e+000,0.000000e+000,...
 2.837708e+000,2.840333e+000,7.485665e-004,0.000000e+000,...
 2.841198e+000,2.840309e+000,8.720037e-004,0.000000e+000;...
4.500000e+000,2.190119e+000,1.923861e+000,1.792033e-001,...
 8.708055e-002,0.000000e+000,0.000000e+000,...
 1.922691e+000,1.923830e+000,8.910340e-004,0.000000e+000,...
 1.924886e+000,1.923845e+000,1.020017e-003,0.000000e+000;...
5.000000e+000,1.614904e+000,1.357759e+000,1.648143e-001,...
 9.236579e-002,0.000000e+000,0.000000e+000,...
 1.357470e+000,1.357718e+000,1.041306e-003,0.000000e+000,...
 1.358876e+000,1.357715e+000,1.157079e-003,0.000000e+000;...
5.500000e+000,1.239557e+000,9.905695e-001,1.515622e-001,...
 9.742539e-002,0.000000e+000,0.000000e+000,...
 9.909258e-001,9.905823e-001,1.198903e-003,0.000000e+000,...
 9.918284e-001,9.905346e-001,1.285359e-003,0.000000e+000;...
6.300000e+000,8.700245e-001,6.321281e-001,1.328078e-001,...
 1.051146e-001,0.000000e+000,0.000000e+000,...
 6.331142e-001,6.321254e-001,1.465325e-003,0.000000e+000,...
 6.335831e-001,6.321265e-001,1.475685e-003,0.000000e+000;...
7.000000e+000,6.752605e-001,4.461121e-001,1.185924e-001,...
 1.105560e-001,0.000000e+000,0.000000e+000,...
 4.475102e-001,4.461145e-001,1.698422e-003,0.000000e+000,...
 4.478331e-001,4.460942e-001,1.732236e-003,0.000000e+000;...
8.000000e+000,5.056296e-001,2.868260e-001,1.012006e-001,...
 1.176030e-001,0.000000e+000,0.000000e+000,...
 2.886980e-001,2.868269e-001,2.041333e-003,0.000000e+000,...
 2.889045e-001,2.868212e-001,2.086845e-003,0.000000e+000;...
9.000000e+000,4.039691e-001,1.930196e-001,8.682020e-002,...
 1.241293e-001,0.000000e+000,0.000000e+000,...
 1.953141e-001,1.930205e-001,2.395516e-003,0.000000e+000,...
 1.954287e-001,1.930212e-001,2.407616e-003,0.000000e+000;...
1.000000e+001,3.395135e-001,1.354374e-001,7.504341e-002,...
 1.290327e-001,0.000000e+000,0.000000e+000,...
 1.381223e-001,1.354346e-001,2.752027e-003,0.000000e+000,...
 1.381854e-001,1.354382e-001,2.748315e-003,0.000000e+000;...
1.007500e+001,3.362417e-001,1.326603e-001,7.426234e-002,...
 1.293191e-001,0.000000e+000,0.000000e+000,...
 1.347865e-001,1.320739e-001,2.774788e-003,0.000000e+000,...
 1.354300e-001,1.326549e-001,2.774881e-003,0.000000e+000;...
1.090100e+001,3.006943e-001,1.019729e-001,6.621385e-002,...
 1.325128e-001,0.000000e+000,0.000000e+000,...
 1.043122e-001,1.013298e-001,3.026573e-003,0.000000e+000,...
 1.050276e-001,1.019698e-001,3.056449e-003,0.000000e+000;...
1.100000e+001,2.965113e-001,9.830192e-002,6.531823e-002,...
 1.328946e-001,0.000000e+000,0.000000e+000,...
 1.013099e-001,9.829548e-002,3.056886e-003,0.000000e+000,...
 1.013875e-001,9.829928e-002,3.088526e-003,0.000000e+000;...
1.250000e+001,2.549844e-001,6.394962e-002,5.377663e-002,...
 1.372599e-001,0.000000e+000,0.000000e+000,...
 6.743538e-002,6.394979e-002,3.509893e-003,0.000000e+000,...
 6.754307e-002,6.394907e-002,3.593409e-003,0.000000e+000;...
1.400000e+001,2.293220e-001,4.368434e-002,4.495228e-002,...
 1.406879e-001,0.000000e+000,0.000000e+000,...
 4.761472e-002,4.368455e-002,3.944985e-003,0.000000e+000,...
 4.773542e-002,4.368379e-002,4.052033e-003,0.000000e+000;...
1.539400e+001,2.134923e-001,3.199694e-002,3.853536e-002,...
 1.429617e-001,0.000000e+000,0.000000e+000,...
 3.606621e-002,3.174689e-002,4.329112e-003,0.000000e+000,...
 3.643377e-002,3.199603e-002,4.437135e-003,0.000000e+000;...
1.600000e+001,2.079814e-001,2.788071e-002,3.614529e-002,...
 1.439511e-001,0.000000e+000,0.000000e+000,...
 3.236322e-002,2.788121e-002,4.490288e-003,0.000000e+000,...
 3.253628e-002,2.788039e-002,4.654845e-003,0.000000e+000;...
1.800000e+001,1.942085e-001,1.876215e-002,2.966502e-002,...
 1.457823e-001,0.000000e+000,0.000000e+000,...
 2.377222e-002,1.876270e-002,5.014469e-003,0.000000e+000,...
 2.401061e-002,1.876196e-002,5.248752e-003,0.000000e+000;...
2.000000e+001,1.853738e-001,1.316536e-002,2.477031e-002,...
 1.474399e-001,0.000000e+000,0.000000e+000,...
 1.868705e-002,1.316501e-002,5.525163e-003,0.000000e+000,...
 1.890637e-002,1.316479e-002,5.741012e-003,0.000000e+000;...
2.200000e+001,1.789951e-001,9.529047e-003,2.097432e-002,...
 1.484900e-001,0.000000e+000,0.000000e+000,...
 1.553307e-002,9.528873e-003,6.006257e-003,0.000000e+000,...
