 
function zr =z30(flag,e)

za = [8.000000e-001,2.595826e+003,2.594076e+003,1.748576e+000,...
 4.535833e-003,0.000000e+000,0.000000e+000,...
 1.785169e+003,1.793689e+003,1.836839e-005,0.000000e+000,...
 2.594105e+003,2.594105e+003,9.839304e-006,0.000000e+000;...
1.000000e+000,1.542406e+003,1.541854e+003,5.323756e-001,...
 6.589427e-003,0.000000e+000,0.000000e+000,...
 1.785169e+003,1.793689e+003,1.836839e-005,0.000000e+000,...
 1.541848e+003,1.541848e+003,1.749895e-005,0.000000e+000;...
1.026000e+000,1.458759e+003,1.458391e+003,3.887475e-001,...
 6.858701e-003,0.000000e+000,0.000000e+000,...
 1.681471e+003,1.689291e+003,1.956856e-005,0.000000e+000,...
 1.458367e+003,1.458367e+003,1.874712e-005,0.000000e+000;...
1.026000e+000,4.790091e+003,4.789723e+003,3.887475e-001,...
 6.858701e-003,0.000000e+000,0.000000e+000,...
 1.681089e+003,1.688907e+003,1.957326e-005,0.000000e+000,...
 4.756467e+003,4.756467e+003,1.874712e-005,0.000000e+000;...
1.050500e+000,6.986106e+003,6.984632e+003,1.470919e+000,...
 7.112590e-003,0.000000e+000,0.000000e+000,...
 1.591452e+003,1.598680e+003,2.074103e-005,0.000000e+000,...
 6.930001e+003,6.930001e+003,1.993803e-005,0.000000e+000;...
1.050500e+000,8.850480e+003,8.849007e+003,1.470919e+000,...
 7.112590e-003,0.000000e+000,0.000000e+000,...
 1.591099e+003,1.598325e+003,2.074590e-005,0.000000e+000,...
 8.774736e+003,8.774736e+003,1.993803e-005,0.000000e+000;...
1.100000e+000,8.546384e+003,8.543805e+003,2.627609e+000,...
 7.625344e-003,0.000000e+000,0.000000e+000,...
 1.429441e+003,1.435640e+003,2.323479e-005,0.000000e+000,...
 8.473803e+003,8.473803e+003,2.237743e-005,0.000000e+000;...
1.184400e+000,7.598536e+003,7.595312e+003,3.212402e+000,...
 8.550438e-003,0.000000e+000,0.000000e+000,...
 7.836514e+003,7.868066e+003,2.788088e-005,0.000000e+000,...
 7.536878e+003,7.536878e+003,2.679229e-005,0.000000e+000;...
1.184400e+000,8.636479e+003,8.633256e+003,3.212402e+000,...
 8.550438e-003,0.000000e+000,0.000000e+000,...
 7.835696e+003,7.867242e+003,2.788669e-005,0.000000e+000,...
 8.565484e+003,8.565484e+003,2.679229e-005,0.000000e+000;...
1.227200e+000,7.905304e+003,7.901250e+003,4.007695e+000,...
 9.019894e-003,0.000000e+000,0.000000e+000,...
 7.477883e+003,7.506938e+003,3.042337e-005,0.000000e+000,...
 7.841329e+003,7.841329e+003,2.907826e-005,0.000000e+000;...
1.250000e+000,7.516455e+003,7.512217e+003,4.167804e+000,...
 9.260149e-003,0.000000e+000,0.000000e+000,...
 7.264584e+003,7.292293e+003,3.179732e-005,0.000000e+000,...
 7.456274e+003,7.456274e+003,3.040067e-005,0.000000e+000;...
1.310500e+000,6.778186e+003,6.773764e+003,4.420311e+000,...
 9.898557e-003,0.000000e+000,0.000000e+000,...
 7.469642e+003,7.496813e+003,3.551538e-005,0.000000e+000,...
 6.725649e+003,6.725649e+003,3.414174e-005,0.000000e+000;...
1.333000e+000,6.509096e+003,6.504674e+003,4.493180e+000,...
 1.013715e-002,0.000000e+000,0.000000e+000,...
 7.168765e+003,7.194400e+003,3.695853e-005,0.000000e+000,...
 6.459207e+003,6.459207e+003,3.555529e-005,0.000000e+000;...
1.394500e+000,5.778750e+003,5.774143e+003,4.634588e+000,...
 1.078662e-002,0.000000e+000,0.000000e+000,...
 6.428851e+003,6.450822e+003,4.107187e-005,0.000000e+000,...
 5.735617e+003,5.735617e+003,3.944116e-005,0.000000e+000;...
1.400000e+000,5.713066e+003,5.708368e+003,4.642235e+000,...
 1.084465e-002,0.000000e+000,0.000000e+000,...
 6.368019e+003,6.389696e+003,4.145188e-005,0.000000e+000,...
 5.670426e+003,5.670426e+003,3.979292e-005,0.000000e+000;...
1.412100e+000,5.603440e+003,5.598742e+003,4.655777e+000,...
 1.097731e-002,0.000000e+000,0.000000e+000,...
 6.237020e+003,6.258069e+003,4.229496e-005,0.000000e+000,...
 5.561871e+003,5.561871e+003,4.058174e-005,0.000000e+000;...
1.496700e+000,4.860012e+003,4.855314e+003,4.750663e+000,...
 1.190314e-002,0.000000e+000,0.000000e+000,...
 5.419255e+003,5.436508e+003,4.827937e-005,0.000000e+000,...
 4.825046e+003,4.825046e+003,4.615135e-005,0.000000e+000;...
1.532100e+000,4.588435e+003,4.583645e+003,4.774338e+000,...
 1.226242e-002,0.000000e+000,0.000000e+000,...
 5.120081e+003,5.136002e+003,5.090612e-005,0.000000e+000,...
 4.555715e+003,4.555715e+003,4.877261e-005,0.000000e+000;...
1.600000e+000,4.125980e+003,4.121190e+003,4.800685e+000,...
 1.294413e-002,0.000000e+000,0.000000e+000,...
 4.606371e+003,4.620086e+003,5.614782e-005,0.000000e+000,...
 4.097154e+003,4.097154e+003,5.386934e-005,0.000000e+000;...
1.697100e+000,3.632296e+003,3.627506e+003,4.820768e+000,...
 1.394181e-002,0.000000e+000,0.000000e+000,...
 3.989061e+003,4.000256e+003,6.379862e-005,0.000000e+000,...
 3.607560e+003,3.607560e+003,6.133702e-005,0.000000e+000;...
1.793300e+000,3.149851e+003,3.144969e+003,4.840758e+000,...
 1.493121e-002,0.000000e+000,0.000000e+000,...
 3.486490e+003,3.495748e+003,7.190010e-005,0.000000e+000,...
 3.128457e+003,3.128457e+003,6.883340e-005,0.000000e+000;...
1.800000e+000,3.117240e+003,3.112357e+003,4.842140e+000,...
 1.500030e-002,0.000000e+000,0.000000e+000,...
 3.454879e+003,3.464019e+003,7.248381e-005,0.000000e+000,...
 3.096251e+003,3.096251e+003,6.936150e-005,0.000000e+000;...
1.897400e+000,2.754093e+003,2.749302e+003,4.815794e+000,...
 1.602286e-002,0.000000e+000,0.000000e+000,...
 3.037622e+003,3.045245e+003,8.125740e-005,0.000000e+000,...
 2.735746e+003,2.735746e+003,7.713080e-005,0.000000e+000;...
1.901200e+000,2.739906e+003,2.735116e+003,4.814780e+000,...
 1.606339e-002,0.000000e+000,0.000000e+000,...
 3.022813e+003,3.030384e+003,8.161066e-005,0.000000e+000,...
 2.721724e+003,2.721724e+003,7.744119e-005,0.000000e+000;...
2.000000e+000,2.373259e+003,2.368468e+003,4.787972e+000,...
 1.701317e-002,0.000000e+000,0.000000e+000,...
 2.670969e+003,2.677327e+003,9.108602e-005,0.000000e+000,...
 2.357423e+003,2.357423e+003,8.656245e-005,0.000000e+000;...
2.179300e+000,1.902974e+003,1.898275e+003,4.673372e+000,...
 1.875337e-002,0.000000e+000,0.000000e+000,...
 2.141840e+003,2.146518e+003,1.085567e-004,0.000000e+000,...
 1.890132e+003,1.890132e+003,1.033584e-004,0.000000e+000;...
2.200000e+000,1.848990e+003,1.844292e+003,4.658633e+000,...
 1.895419e-002,0.000000e+000,0.000000e+000,...
 2.090398e+003,2.094921e+003,1.106745e-004,0.000000e+000,...
 1.836534e+003,1.836534e+003,1.053044e-004,0.000000e+000;...
2.337500e+000,1.594547e+003,1.589941e+003,4.564575e+000,...
 2.030195e-002,0.000000e+000,0.000000e+000,...
 1.788630e+003,1.792271e+003,1.252729e-004,0.000000e+000,...
 1.583601e+003,1.583601e+003,1.183743e-004,0.000000e+000;...
2.388200e+000,1.506386e+003,1.501780e+003,4.526805e+000,...
 2.076717e-002,0.000000e+000,0.000000e+000,...
 1.692600e+003,1.695973e+003,1.308889e-004,0.000000e+000,...
 1.495976e+003,1.495976e+003,1.244612e-004,0.000000e+000;...
2.500000e+000,1.330985e+003,1.326471e+003,4.443527e+000,...
 2.178880e-002,0.000000e+000,0.000000e+000,...
 1.504717e+003,1.507581e+003,1.437178e-004,0.000000e+000,...
 1.321576e+003,1.321576e+003,1.380064e-004,0.000000e+000;...
2.645800e+000,1.164244e+003,1.159914e+003,4.338967e+000,...
 2.312734e-002,0.000000e+000,0.000000e+000,...
 1.300597e+003,1.302935e+003,1.609319e-004,0.000000e+000,...
 1.155809e+003,1.155809e+003,1.557664e-004,0.000000e+000;...
2.676700e+000,1.129053e+003,1.124723e+003,4.316766e+000,...
 2.341108e-002,0.000000e+000,0.000000e+000,...
 1.262330e+003,1.264573e+003,1.645581e-004,0.000000e+000,...
 1.120783e+003,1.120783e+003,1.595305e-004,0.000000e+000;...
2.800000e+000,9.902242e+002,9.859866e+002,4.225380e+000,...
 2.454419e-002,0.000000e+000,0.000000e+000,...
 1.121217e+003,1.123122e+003,1.794123e-004,0.000000e+000,...
 9.826561e+002,9.826561e+002,1.746110e-004,0.000000e+000;...
2.951400e+000,8.681620e+002,8.640165e+002,4.118979e+000,...
 2.594260e-002,0.000000e+000,0.000000e+000,...
 9.760838e+002,9.776570e+002,1.984908e-004,0.000000e+000,...
 8.612821e+002,8.612821e+002,1.932090e-004,0.000000e+000;...
3.098400e+000,7.650217e+002,7.609868e+002,4.007511e+000,...
 2.730141e-002,0.000000e+000,0.000000e+000,...
 8.581027e+002,8.594199e+002,2.178963e-004,0.000000e+000,...
