 
function zr =z31(flag,e)

za = [9.797201e-001,1.776210e+003,1.774741e+003,1.437448e+000,...
 6.272704e-003,0.000000e+000,0.000000e+000,...
 1.673788e+003,1.681776e+003,1.722234e-005,0.000000e+000,...
 1.774814e+003,1.774814e+003,1.639551e-005,0.000000e+000;...
1.000000e+000,1.683098e+003,1.681802e+003,1.321533e+000,...
 6.484063e-003,0.000000e+000,0.000000e+000,...
 1.673788e+003,1.681776e+003,1.722234e-005,0.000000e+000,...
 1.681792e+003,1.681792e+003,1.720698e-005,0.000000e+000;...
1.050400e+000,1.513458e+003,1.512421e+003,1.028118e+000,...
 6.998597e-003,0.000000e+000,0.000000e+000,...
 1.492489e+003,1.499268e+003,1.944238e-005,0.000000e+000,...
 1.512361e+003,1.512361e+003,1.961603e-005,0.000000e+000;...
1.081000e+000,1.410240e+003,1.409549e+003,7.409828e-001,...
 7.311015e-003,0.000000e+000,0.000000e+000,...
 1.395829e+003,1.401989e+003,2.086896e-005,0.000000e+000,...
 1.409509e+003,1.409509e+003,2.110393e-005,0.000000e+000;...
1.095700e+000,1.360747e+003,1.360143e+003,5.479871e-001,...
 7.460702e-003,0.000000e+000,0.000000e+000,...
 1.352552e+003,1.358440e+003,2.157573e-005,0.000000e+000,...
 1.360177e+003,1.360177e+003,2.182095e-005,0.000000e+000;...
1.100000e+000,1.346150e+003,1.345632e+003,4.778681e-001,...
 7.504667e-003,0.000000e+000,0.000000e+000,...
 1.340255e+003,1.346067e+003,2.178512e-005,0.000000e+000,...
 1.345652e+003,1.345652e+003,2.203437e-005,0.000000e+000;...
1.105400e+000,1.332330e+003,1.331898e+003,3.927285e-001,...
 7.562452e-003,0.000000e+000,0.000000e+000,...
 1.325037e+003,1.330755e+003,2.204977e-005,0.000000e+000,...
 1.331800e+003,1.331800e+003,2.230673e-005,0.000000e+000;...
1.111200e+000,1.317042e+003,1.316696e+003,3.166842e-001,...
 7.626110e-003,0.000000e+000,0.000000e+000,...
 1.308965e+003,1.314584e+003,2.233617e-005,0.000000e+000,...
 1.316709e+003,1.316709e+003,2.260947e-005,0.000000e+000;...
1.117800e+000,1.300026e+003,1.299680e+003,3.291654e-001,...
 7.697369e-003,0.000000e+000,0.000000e+000,...
 1.291013e+003,1.296522e+003,2.266472e-005,0.000000e+000,...
 1.299661e+003,1.299661e+003,2.294723e-005,0.000000e+000;...
1.122000e+000,1.289402e+003,1.288970e+003,4.234002e-001,...
 7.742283e-003,0.000000e+000,0.000000e+000,...
 1.279772e+003,1.285213e+003,2.287529e-005,0.000000e+000,...
 1.288984e+003,1.288984e+003,2.316023e-005,0.000000e+000;...
1.122000e+000,4.634954e+003,4.634521e+003,4.234002e-001,...
 7.742283e-003,0.000000e+000,0.000000e+000,...
 4.615577e+003,4.635197e+003,2.288031e-005,0.000000e+000,...
 4.596569e+003,4.596569e+003,2.316023e-005,0.000000e+000;...
1.123400e+000,4.712086e+003,4.711654e+003,4.557993e-001,...
 7.757745e-003,0.000000e+000,0.000000e+000,...
 4.680077e+003,4.699948e+003,2.294573e-005,0.000000e+000,...
 4.673011e+003,4.673011e+003,2.323388e-005,0.000000e+000;...
1.129700e+000,5.050243e+003,5.049552e+003,6.775146e-001,...
 7.825462e-003,0.000000e+000,0.000000e+000,...
 5.004521e+003,5.025651e+003,2.326434e-005,0.000000e+000,...
 5.007085e+003,5.007085e+003,2.355711e-005,0.000000e+000;...
1.130000e+000,5.066395e+003,5.065704e+003,6.890457e-001,...
 7.828744e-003,0.000000e+000,0.000000e+000,...
 5.020475e+003,5.041666e+003,2.327958e-005,0.000000e+000,...
 5.022693e+003,5.022693e+003,2.357184e-005,0.000000e+000;...
1.137300e+000,5.461127e+003,5.460177e+003,9.699880e-001,...
 7.907433e-003,0.000000e+000,0.000000e+000,...
 5.431404e+003,5.454182e+003,2.365219e-005,0.000000e+000,...
 5.412518e+003,5.412518e+003,2.394775e-005,0.000000e+000;...
1.137400e+000,5.464583e+003,5.463632e+003,9.735293e-001,...
 7.908468e-003,0.000000e+000,0.000000e+000,...
 5.435094e+003,5.457886e+003,2.365732e-005,0.000000e+000,...
 5.416063e+003,5.416063e+003,2.395309e-005,0.000000e+000;...
1.144100e+000,5.721720e+003,5.720511e+003,1.206828e+000,...
 7.981196e-003,0.000000e+000,0.000000e+000,...
 5.687322e+003,5.711031e+003,2.400242e-005,0.000000e+000,...
 5.670515e+003,5.670515e+003,2.430136e-005,0.000000e+000;...
1.145300e+000,5.766203e+003,5.764994e+003,1.256579e+000,...
 7.993720e-003,0.000000e+000,0.000000e+000,...
 5.732905e+003,5.756779e+003,2.406455e-005,0.000000e+000,...
 5.714116e+003,5.714116e+003,2.436167e-005,0.000000e+000;...
1.150400e+000,5.799025e+003,5.797557e+003,1.475107e+000,...
 8.049087e-003,0.000000e+000,0.000000e+000,...
 5.764185e+003,5.788082e+003,2.432964e-005,0.000000e+000,...
 5.746646e+003,5.746646e+003,2.462764e-005,0.000000e+000;...
1.150400e+000,7.577135e+003,7.575667e+003,1.475107e+000,...
 8.049087e-003,0.000000e+000,0.000000e+000,...
 7.535769e+003,7.567008e+003,2.433486e-005,0.000000e+000,...
 7.503134e+003,7.503134e+003,2.462764e-005,0.000000e+000;...
1.150900e+000,7.581454e+003,7.579985e+003,1.496010e+000,...
 8.054355e-003,0.000000e+000,0.000000e+000,...
 7.539287e+003,7.570530e+003,2.435572e-005,0.000000e+000,...
 7.507527e+003,7.507527e+003,2.465226e-005,0.000000e+000;...
1.156800e+000,7.609526e+003,7.607798e+003,1.773014e+000,...
 8.117668e-003,0.000000e+000,0.000000e+000,...
 7.564847e+003,7.596035e+003,2.466478e-005,0.000000e+000,...
 7.534687e+003,7.534687e+003,2.495700e-005,0.000000e+000;...
1.164500e+000,7.552519e+003,7.550445e+003,2.031447e+000,...
 8.201365e-003,0.000000e+000,0.000000e+000,...
 7.503056e+003,7.533784e+003,2.507158e-005,0.000000e+000,...
 7.479046e+003,7.479046e+003,2.536214e-005,0.000000e+000;...
1.185800e+000,7.396007e+003,7.393589e+003,2.396553e+000,...
 8.431122e-003,0.000000e+000,0.000000e+000,...
 7.336854e+003,7.366360e+003,2.621759e-005,0.000000e+000,...
 7.324421e+003,7.324421e+003,2.647493e-005,0.000000e+000;...
1.235400e+000,6.983396e+003,6.980631e+003,2.810892e+000,...
 8.966559e-003,0.000000e+000,0.000000e+000,...
 6.938301e+003,6.965079e+003,2.899172e-005,0.000000e+000,...
 6.917244e+003,6.917244e+003,2.909868e-005,0.000000e+000;...
1.250000e+000,6.839149e+003,6.836213e+003,2.876969e+000,...
 9.116851e-003,0.000000e+000,0.000000e+000,...
 6.811329e+003,6.837309e+003,2.981340e-005,0.000000e+000,...
 6.774933e+003,6.774933e+003,2.997561e-005,0.000000e+000;...
1.290700e+000,6.431375e+003,6.428179e+003,3.133243e+000,...
 9.544406e-003,0.000000e+000,0.000000e+000,...
 6.395135e+003,6.418755e+003,3.213439e-005,0.000000e+000,...
 6.371802e+003,6.371802e+003,3.246332e-005,0.000000e+000;...
1.290700e+000,7.285880e+003,7.282684e+003,3.133243e+000,...
 9.544406e-003,0.000000e+000,0.000000e+000,...
 7.245489e+003,7.272249e+003,3.214021e-005,0.000000e+000,...
 7.217833e+003,7.217833e+003,3.246332e-005,0.000000e+000;...
1.318400e+000,6.957051e+003,6.953337e+003,3.733201e+000,...
 9.835488e-003,0.000000e+000,0.000000e+000,...
 6.902667e+003,6.927625e+003,3.377113e-005,0.000000e+000,...
 6.892620e+003,6.892620e+003,3.417468e-005,0.000000e+000;...
1.351800e+000,6.560591e+003,6.556532e+003,3.999754e+000,...
 1.018703e-002,0.000000e+000,0.000000e+000,...
 6.497936e+003,6.520848e+003,3.580682e-005,0.000000e+000,...
 6.500792e+003,6.500792e+003,3.625473e-005,0.000000e+000;...
1.400000e+000,5.990345e+003,5.986113e+003,4.225019e+000,...
 1.069319e-002,0.000000e+000,0.000000e+000,...
 5.970702e+003,5.991027e+003,3.886559e-005,0.000000e+000,...
 5.936896e+003,5.936896e+003,3.927846e-005,0.000000e+000;...
1.496700e+000,5.102759e+003,5.098267e+003,4.467905e+000,...
 1.174696e-002,0.000000e+000,0.000000e+000,...
 5.081134e+003,5.097311e+003,4.526710e-005,0.000000e+000,...
 5.059121e+003,5.059121e+003,4.558358e-005,0.000000e+000;...
1.526300e+000,4.882676e+003,4.878098e+003,4.529922e+000,...
 1.204841e-002,0.000000e+000,0.000000e+000,...
 4.845089e+003,4.860214e+003,4.732144e-005,0.000000e+000,...
 4.841269e+003,4.841269e+003,4.776350e-005,0.000000e+000;...
1.600000e+000,4.334370e+003,4.329705e+003,4.624070e+000,...
 1.279037e-002,0.000000e+000,0.000000e+000,...
 4.318968e+003,4.331828e+003,5.264462e-005,0.000000e+000,...
 4.298569e+003,4.298569e+003,5.329014e-005,0.000000e+000;...
1.800000e+000,3.248726e+003,3.243975e+003,4.696798e+000,...
 1.485472e-002,0.000000e+000,0.000000e+000,...
 3.239320e+003,3.247890e+003,6.796137e-005,0.000000e+000,...
