 
function zr =z32(flag,e)

za = [9.257700e-001,2.261150e+003,2.259159e+003,1.997836e+000,...
 5.452195e-003,0.000000e+000,0.000000e+000,...
 1.873407e+003,1.882348e+003,1.650698e-005,0.000000e+000,...
 2.259190e+003,2.259190e+003,1.349121e-005,0.000000e+000;...
1.000000e+000,1.884181e+003,1.882356e+003,1.781477e+000,...
 6.194436e-003,0.000000e+000,0.000000e+000,...
 1.873407e+003,1.882348e+003,1.650698e-005,0.000000e+000,...
 1.882397e+003,1.882397e+003,1.649634e-005,0.000000e+000;...
1.005000e+000,1.865183e+003,1.863441e+003,1.768286e+000,...
 6.244875e-003,0.000000e+000,0.000000e+000,...
 1.851730e+003,1.860523e+003,1.671485e-005,0.000000e+000,...
 1.863424e+003,1.863424e+003,1.672868e-005,0.000000e+000;...
1.071200e+000,1.615226e+003,1.613732e+003,1.509452e+000,...
 6.911207e-003,0.000000e+000,0.000000e+000,...
 1.595603e+003,1.602709e+003,1.961642e-005,0.000000e+000,...
 1.613698e+003,1.613698e+003,1.984392e-005,0.000000e+000;...
1.100000e+000,1.506465e+003,1.505138e+003,1.361203e+000,...
 7.201069e-003,0.000000e+000,0.000000e+000,...
 1.499801e+003,1.506305e+003,2.096679e-005,0.000000e+000,...
 1.505098e+003,1.505098e+003,2.122692e-005,0.000000e+000;...
1.145400e+000,1.380698e+003,1.379537e+003,1.093990e+000,...
 7.686632e-003,0.000000e+000,0.000000e+000,...
 1.364702e+003,1.370385e+003,2.320626e-005,0.000000e+000,...
 1.379572e+003,1.379572e+003,2.352482e-005,0.000000e+000;...
1.178100e+000,1.293342e+003,1.292512e+003,7.995325e-001,...
 8.037468e-003,0.000000e+000,0.000000e+000,...
 1.276331e+003,1.281498e+003,2.490467e-005,0.000000e+000,...
 1.292484e+003,1.292484e+003,2.521118e-005,0.000000e+000;...
1.194000e+000,1.252941e+003,1.252277e+003,5.950451e-001,...
 8.207038e-003,0.000000e+000,0.000000e+000,...
 1.235488e+003,1.240423e+003,2.575670e-005,0.000000e+000,...
 1.252285e+003,1.252285e+003,2.603191e-005,0.000000e+000;...
1.203800e+000,1.227887e+003,1.227389e+003,4.386910e-001,...
 8.311733e-003,0.000000e+000,0.000000e+000,...
 1.211229e+003,1.216026e+003,2.629044e-005,0.000000e+000,...
 1.227405e+003,1.227405e+003,2.654098e-005,0.000000e+000;...
1.210200e+000,1.211378e+003,1.210963e+003,3.505296e-001,...
 8.381420e-003,0.000000e+000,0.000000e+000,...
 1.195747e+003,1.200458e+003,2.664257e-005,0.000000e+000,...
 1.210995e+003,1.210995e+003,2.688029e-005,0.000000e+000;...
1.218700e+000,1.189808e+003,1.189393e+003,3.698427e-001,...
 8.471845e-003,0.000000e+000,0.000000e+000,...
 1.175613e+003,1.180213e+003,2.711464e-005,0.000000e+000,...
 1.189415e+003,1.189415e+003,2.732329e-005,0.000000e+000;...
1.222800e+000,1.179604e+003,1.179106e+003,4.668309e-001,...
 8.515814e-003,0.000000e+000,0.000000e+000,...
 1.166073e+003,1.170620e+003,2.734413e-005,0.000000e+000,...
 1.179097e+003,1.179097e+003,2.753741e-005,0.000000e+000;...
1.222800e+000,4.624340e+003,4.623842e+003,4.668309e-001,...
 8.515814e-003,0.000000e+000,0.000000e+000,...
 4.598648e+003,4.616579e+003,2.734974e-005,0.000000e+000,...
 4.579531e+003,4.579531e+003,2.753741e-005,0.000000e+000;...
1.224500e+000,4.648813e+003,4.648315e+003,5.082942e-001,...
 8.534065e-003,0.000000e+000,0.000000e+000,...
 4.621018e+003,4.639011e+003,2.743957e-005,0.000000e+000,...
 4.603856e+003,4.603856e+003,2.762805e-005,0.000000e+000;...
1.232500e+000,4.761390e+003,4.760560e+003,7.831646e-001,...
 8.619514e-003,0.000000e+000,0.000000e+000,...
 4.734065e+003,4.752380e+003,2.789157e-005,0.000000e+000,...
 4.714967e+003,4.714967e+003,2.804775e-005,0.000000e+000;...
1.237100e+000,4.825518e+003,4.824522e+003,9.323012e-001,...
 8.667631e-003,0.000000e+000,0.000000e+000,...
 4.799976e+003,4.818476e+003,2.814871e-005,0.000000e+000,...
 4.777768e+003,4.777768e+003,2.829729e-005,0.000000e+000;...
1.247400e+000,4.970448e+003,4.969204e+003,1.233611e+000,...
 8.772990e-003,0.000000e+000,0.000000e+000,...
 4.949422e+003,4.968340e+003,2.871088e-005,0.000000e+000,...
 4.920549e+003,4.920549e+003,2.890551e-005,0.000000e+000;...
1.250000e+000,4.978661e+003,4.977333e+003,1.319640e+000,...
 8.799537e-003,0.000000e+000,0.000000e+000,...
 4.958396e+003,4.977309e+003,2.885391e-005,0.000000e+000,...
 4.928649e+003,4.928649e+003,2.906331e-005,0.000000e+000;...
1.255400e+000,4.968706e+003,4.967130e+003,1.519905e+000,...
 8.856779e-003,0.000000e+000,0.000000e+000,...
 4.977023e+003,4.995925e+003,2.915231e-005,0.000000e+000,...
 4.918822e+003,4.918822e+003,2.939022e-005,0.000000e+000;...
1.255400e+000,6.698250e+003,6.696674e+003,1.519905e+000,...
 8.856779e-003,0.000000e+000,0.000000e+000,...
 6.700383e+003,6.725828e+003,2.915785e-005,0.000000e+000,...
 6.624623e+003,6.624623e+003,2.939022e-005,0.000000e+000;...
1.264000e+000,6.682239e+003,6.680414e+003,1.859874e+000,...
 8.947205e-003,0.000000e+000,0.000000e+000,...
 6.733826e+003,6.759225e+003,2.963086e-005,0.000000e+000,...
 6.608978e+003,6.608978e+003,2.990961e-005,0.000000e+000;...
1.275700e+000,6.661416e+003,6.659176e+003,2.223652e+000,...
 9.070815e-003,0.000000e+000,0.000000e+000,...
 6.690851e+003,6.715855e+003,3.028935e-005,0.000000e+000,...
 6.588567e+003,6.588567e+003,3.062343e-005,0.000000e+000;...
1.320500e+000,6.458248e+003,6.455427e+003,2.790018e+000,...
 9.541196e-003,0.000000e+000,0.000000e+000,...
 6.449656e+003,6.472938e+003,3.288873e-005,0.000000e+000,...
 6.388371e+003,6.388371e+003,3.335884e-005,0.000000e+000;...
1.360500e+000,6.127985e+003,6.124999e+003,3.007124e+000,...
 9.962631e-003,0.000000e+000,0.000000e+000,...
 6.089587e+003,6.110921e+003,3.531526e-005,0.000000e+000,...
 6.063291e+003,6.063291e+003,3.584122e-005,0.000000e+000;...
1.400000e+000,5.713104e+003,5.709951e+003,3.170886e+000,...
 1.037826e-002,0.000000e+000,0.000000e+000,...
 5.690584e+003,5.709956e+003,3.781044e-005,0.000000e+000,...
 5.653633e+003,5.653633e+003,3.831218e-005,0.000000e+000;...
1.402300e+000,5.691285e+003,5.688049e+003,3.215933e+000,...
 1.040398e-002,0.000000e+000,0.000000e+000,...
 5.666039e+003,5.685295e+003,3.795877e-005,0.000000e+000,...
 5.632035e+003,5.632035e+003,3.846235e-005,0.000000e+000;...
1.402300e+000,6.428714e+003,6.425562e+003,3.215933e+000,...
 1.040398e-002,0.000000e+000,0.000000e+000,...
 6.400030e+003,6.421779e+003,3.796523e-005,0.000000e+000,...
 6.361359e+003,6.361359e+003,3.846235e-005,0.000000e+000;...
1.419300e+000,6.261882e+003,6.258231e+003,3.608001e+000,...
 1.058981e-002,0.000000e+000,0.000000e+000,...
 6.218927e+003,6.239808e+003,3.906596e-005,0.000000e+000,...
 6.196480e+003,6.196480e+003,3.955958e-005,0.000000e+000;...
1.480900e+000,5.655612e+003,5.651547e+003,4.101279e+000,...
 1.126510e-002,0.000000e+000,0.000000e+000,...
 5.617215e+003,5.635290e+003,4.323211e-005,0.000000e+000,...
 5.597989e+003,5.597989e+003,4.357952e-005,0.000000e+000;...
1.540100e+000,5.158933e+003,5.154536e+003,4.317555e+000,...
 1.188398e-002,0.000000e+000,0.000000e+000,...
 5.117496e+003,5.133327e+003,4.729805e-005,0.000000e+000,...
 5.107617e+003,5.107617e+003,4.783634e-005,0.000000e+000;...
1.600000e+000,4.682163e+003,4.677683e+003,4.465804e+000,...
 1.249456e-002,0.000000e+000,0.000000e+000,...
 4.664884e+003,4.678773e+003,5.153517e-005,0.000000e+000,...
 4.636718e+003,4.636718e+003,5.234125e-005,0.000000e+000;...
1.679800e+000,4.214602e+003,4.210040e+003,4.592235e+000,...
 1.333163e-002,0.000000e+000,0.000000e+000,...
 4.145131e+003,4.156884e+003,5.749534e-005,0.000000e+000,...
 4.174880e+003,4.174880e+003,5.851765e-005,0.000000e+000;...
1.697100e+000,4.112562e+003,4.107999e+003,4.605923e+000,...
 1.351331e-002,0.000000e+000,0.000000e+000,...
 4.042285e+003,4.053630e+003,5.883535e-005,0.000000e+000,...
 4.074095e+003,4.074095e+003,5.986940e-005,0.000000e+000;...
1.800000e+000,3.506458e+003,3.501729e+003,4.687306e+000,...
 1.459427e-002,0.000000e+000,0.000000e+000,...
 3.493897e+003,3.503141e+003,6.716184e-005,0.000000e+000,...
 3.474544e+003,3.474544e+003,6.798067e-005,0.000000e+000;...
1.897400e+000,3.113561e+003,3.108832e+003,4.702903e+000,...
 1.564537e-002,0.000000e+000,0.000000e+000,...
 3.066367e+003,3.074062e+003,7.531812e-005,0.000000e+000,...
