 
function zr =z33(flag,e)

za = [8.000000e-001,3.539344e+003,3.536852e+003,2.469841e+000,...
 3.951118e-003,0.000000e+000,0.000000e+000,...
 2.105408e+003,2.115456e+003,1.553895e-005,0.000000e+000,...
 3.536867e+003,3.536867e+003,8.672120e-006,0.000000e+000;...
1.000000e+000,2.117626e+003,2.115456e+003,2.126870e+000,...
 5.818127e-003,0.000000e+000,0.000000e+000,...
 2.105408e+003,2.115456e+003,1.553895e-005,0.000000e+000,...
 2.115532e+003,2.115532e+003,1.552897e-005,0.000000e+000;...
1.100000e+000,1.680453e+003,1.678604e+003,1.854309e+000,...
 6.782175e-003,0.000000e+000,0.000000e+000,...
 1.676574e+003,1.683844e+003,1.978838e-005,0.000000e+000,...
 1.678566e+003,1.678566e+003,2.004601e-005,0.000000e+000;...
1.211800e+000,1.344636e+003,1.343269e+003,1.380645e+000,...
 7.932297e-003,0.000000e+000,0.000000e+000,...
 1.330297e+003,1.335532e+003,2.529508e-005,0.000000e+000,...
 1.343249e+003,1.343249e+003,2.554289e-005,0.000000e+000;...
1.245900e+000,1.249549e+003,1.248343e+003,1.158401e+000,...
 8.278885e-003,0.000000e+000,0.000000e+000,...
 1.244916e+003,1.249680e+003,2.711281e-005,0.000000e+000,...
 1.248339e+003,1.248339e+003,2.732733e-005,0.000000e+000;...
1.250000e+000,1.238135e+003,1.237010e+003,1.117328e+000,...
 8.319073e-003,0.000000e+000,0.000000e+000,...
 1.235177e+003,1.239888e+003,2.732934e-005,0.000000e+000,...
 1.237026e+003,1.237026e+003,2.755602e-005,0.000000e+000;...
1.280400e+000,1.177772e+003,1.176888e+003,8.561010e-001,...
 8.629331e-003,0.000000e+000,0.000000e+000,...
 1.166228e+003,1.170571e+003,2.896592e-005,0.000000e+000,...
 1.176893e+003,1.176893e+003,2.932384e-005,0.000000e+000;...
1.296200e+000,1.146264e+003,1.145621e+003,6.551572e-001,...
 8.790891e-003,0.000000e+000,0.000000e+000,...
 1.132533e+003,1.136698e+003,2.983865e-005,0.000000e+000,...
 1.145596e+003,1.145596e+003,3.025221e-005,0.000000e+000;...
1.306300e+000,1.126089e+003,1.125607e+003,4.951336e-001,...
 8.894578e-003,0.000000e+000,0.000000e+000,...
 1.111713e+003,1.115770e+003,3.040458e-005,0.000000e+000,...
 1.125596e+003,1.125596e+003,3.084929e-005,0.000000e+000;...
1.313400e+000,1.111782e+003,1.111380e+003,3.910688e-001,...
 8.967721e-003,0.000000e+000,0.000000e+000,...
 1.097401e+003,1.101383e+003,3.080603e-005,0.000000e+000,...
 1.111393e+003,1.111393e+003,3.127383e-005,0.000000e+000;...
1.323200e+000,1.092411e+003,1.092009e+003,3.910929e-001,...
 9.067389e-003,0.000000e+000,0.000000e+000,...
 1.078071e+003,1.081954e+003,3.136523e-005,0.000000e+000,...
 1.091990e+003,1.091990e+003,3.185203e-005,0.000000e+000;...
1.328300e+000,1.082525e+003,1.081962e+003,5.077931e-001,...
 9.119635e-003,0.000000e+000,0.000000e+000,...
 1.068202e+003,1.072035e+003,3.165862e-005,0.000000e+000,...
 1.081990e+003,1.081990e+003,3.215410e-005,0.000000e+000;...
1.328300e+000,4.484262e+003,4.483699e+003,5.077931e-001,...
 9.119635e-003,0.000000e+000,0.000000e+000,...
 4.457703e+003,4.473698e+003,3.166439e-005,0.000000e+000,...
 4.435067e+003,4.435067e+003,3.215410e-005,0.000000e+000;...
1.329700e+000,4.483217e+003,4.482735e+003,5.395582e-001,...
 9.133298e-003,0.000000e+000,0.000000e+000,...
 4.456999e+003,4.472977e+003,3.173943e-005,0.000000e+000,...
 4.433810e+003,4.433810e+003,3.223443e-005,0.000000e+000;...
1.339600e+000,4.476385e+003,4.475501e+003,8.786871e-001,...
 9.235378e-003,0.000000e+000,0.000000e+000,...
 4.451669e+003,4.467509e+003,3.231462e-005,0.000000e+000,...
 4.426968e+003,4.426968e+003,3.282869e-005,0.000000e+000;...
1.344600e+000,4.472929e+003,4.471884e+003,1.031726e+000,...
 9.286015e-003,0.000000e+000,0.000000e+000,...
 4.448994e+003,4.464765e+003,3.260707e-005,0.000000e+000,...
 4.423226e+003,4.423226e+003,3.312325e-005,0.000000e+000;...
1.360100e+000,4.461917e+003,4.460470e+003,1.408536e+000,...
 9.444359e-003,0.000000e+000,0.000000e+000,...
 4.440773e+003,4.456335e+003,3.352442e-005,0.000000e+000,...
 4.412210e+003,4.412210e+003,3.405072e-005,0.000000e+000;...
1.365700e+000,4.458059e+003,4.456452e+003,1.605220e+000,...
 9.502230e-003,0.000000e+000,0.000000e+000,...
 4.437829e+003,4.453317e+003,3.385952e-005,0.000000e+000,...
 4.408430e+003,4.408430e+003,3.439030e-005,0.000000e+000;...
1.365700e+000,6.114801e+003,6.113193e+003,1.605220e+000,...
 9.502230e-003,0.000000e+000,0.000000e+000,...
 6.088716e+003,6.109964e+003,3.386553e-005,0.000000e+000,...
 6.039772e+003,6.039772e+003,3.439030e-005,0.000000e+000;...
1.375000e+000,6.101136e+003,6.099208e+003,1.937259e+000,...
 9.597076e-003,0.000000e+000,0.000000e+000,...
 6.077586e+003,6.098653e+003,3.442019e-005,0.000000e+000,...
 6.026337e+003,6.026337e+003,3.494717e-005,0.000000e+000;...
1.381700e+000,6.092616e+003,6.090446e+003,2.167300e+000,...
 9.665397e-003,0.000000e+000,0.000000e+000,...
 6.068982e+003,6.089917e+003,3.482749e-005,0.000000e+000,...
 6.018082e+003,6.018082e+003,3.535115e-005,0.000000e+000;...
1.394000e+000,6.076943e+003,6.074451e+003,2.467510e+000,...
 9.790786e-003,0.000000e+000,0.000000e+000,...
 6.053319e+003,6.074015e+003,3.558260e-005,0.000000e+000,...
 6.002539e+003,6.002539e+003,3.609210e-005,0.000000e+000;...
1.400000e+000,6.049212e+003,6.046641e+003,2.556568e+000,...
 9.852678e-003,0.000000e+000,0.000000e+000,...
 6.026222e+003,6.046736e+003,3.595448e-005,0.000000e+000,...
 5.975318e+003,5.975318e+003,3.645724e-005,0.000000e+000;...
1.429700e+000,5.870292e+003,5.867398e+003,2.882820e+000,...
 1.016936e-002,0.000000e+000,0.000000e+000,...
 5.840844e+003,5.860313e+003,3.782843e-005,0.000000e+000,...
 5.799188e+003,5.799188e+003,3.830970e-005,0.000000e+000;...
1.496700e+000,5.319304e+003,5.316169e+003,3.131991e+000,...
 1.088553e-002,0.000000e+000,0.000000e+000,...
 5.242099e+003,5.258788e+003,4.224937e-005,0.000000e+000,...
 5.256824e+003,5.256824e+003,4.255086e-005,0.000000e+000;...
1.519200e+000,5.125192e+003,5.121897e+003,3.292826e+000,...
 1.111300e-002,0.000000e+000,0.000000e+000,...
 5.049010e+003,5.064845e+003,4.374251e-005,0.000000e+000,...
 5.065814e+003,5.065814e+003,4.415959e-005,0.000000e+000;...
1.519200e+000,5.785574e+003,5.782279e+003,3.292826e+000,...
 1.111300e-002,0.000000e+000,0.000000e+000,...
 5.706532e+003,5.724428e+003,4.374910e-005,0.000000e+000,...
 5.717852e+003,5.717852e+003,4.415959e-005,0.000000e+000;...
1.556000e+000,5.443407e+003,5.439469e+003,3.896381e+000,...
 1.148193e-002,0.000000e+000,0.000000e+000,...
 5.379802e+003,5.396274e+003,4.620492e-005,0.000000e+000,...
 5.380400e+003,5.380400e+003,4.685236e-005,0.000000e+000;...
1.600000e+000,5.031713e+003,5.027534e+003,4.154794e+000,...
 1.192320e-002,0.000000e+000,0.000000e+000,...
 5.016425e+003,5.031361e+003,4.924925e-005,0.000000e+000,...
 4.974367e+003,4.974367e+003,5.009598e-005,0.000000e+000;...
1.697100e+000,4.396249e+003,4.391828e+003,4.432820e+000,...
 1.292873e-002,0.000000e+000,0.000000e+000,...
 4.337129e+003,4.349302e+003,5.635692e-005,0.000000e+000,...
 4.348040e+003,4.348040e+003,5.748540e-005,0.000000e+000;...
1.708500e+000,4.326160e+003,4.321739e+003,4.458702e+000,...
 1.304688e-002,0.000000e+000,0.000000e+000,...
 4.266671e+003,4.278565e+003,5.722692e-005,0.000000e+000,...
 4.278883e+003,4.278883e+003,5.836233e-005,0.000000e+000;...
1.786500e+000,3.846708e+003,3.842126e+003,4.581198e+000,...
 1.385548e-002,0.000000e+000,0.000000e+000,...
 3.825213e+003,3.835410e+003,6.338185e-005,0.000000e+000,...
 3.805739e+003,3.805739e+003,6.440782e-005,0.000000e+000;...
1.800000e+000,3.763597e+003,3.758935e+003,4.592852e+000,...
 1.399533e-002,0.000000e+000,0.000000e+000,...
 3.755402e+003,3.765338e+003,6.448316e-005,0.000000e+000,...
 3.723677e+003,3.723677e+003,6.546151e-005,0.000000e+000;...
1.897400e+000,3.347965e+003,3.343303e+003,4.652653e+000,...
 1.503542e-002,0.000000e+000,0.000000e+000,...
 3.301115e+003,3.309399e+003,7.254750e-005,0.000000e+000,...
 3.313527e+003,3.313527e+003,7.326274e-005,0.000000e+000;...
1.901200e+000,3.331890e+003,3.327228e+003,4.654984e+000,...
 1.507641e-002,0.000000e+000,0.000000e+000,...
 3.284994e+003,3.293221e+003,7.286521e-005,0.000000e+000,...
