 
function zr =z34(flag,e)

za = [8.000000e-001,3.860942e+003,3.858349e+003,2.640365e+000,...
 3.636336e-003,0.000000e+000,0.000000e+000,...
 2.300522e+003,2.311501e+003,1.447015e-005,0.000000e+000,...
 3.858333e+003,3.858333e+003,7.966667e-006,0.000000e+000;...
1.000000e+000,2.313865e+003,2.311501e+003,2.375184e+000,...
 5.398333e-003,0.000000e+000,0.000000e+000,...
 2.300522e+003,2.311501e+003,1.447015e-005,0.000000e+000,...
 2.311556e+003,2.311556e+003,1.448689e-005,0.000000e+000;...
1.100000e+000,1.833154e+003,1.830943e+003,2.177729e+000,...
 6.323300e-003,0.000000e+000,0.000000e+000,...
 1.831177e+003,1.839118e+003,1.851165e-005,0.000000e+000,...
 1.830929e+003,1.830929e+003,1.878303e-005,0.000000e+000;...
1.235400e+000,1.392484e+003,1.390729e+003,1.782666e+000,...
 7.666362e-003,0.000000e+000,0.000000e+000,...
 1.386792e+003,1.392144e+003,2.497113e-005,0.000000e+000,...
 1.390697e+003,1.390697e+003,2.518123e-005,0.000000e+000;...
1.250000e+000,1.347867e+003,1.346189e+003,1.723025e+000,...
 7.807456e-003,0.000000e+000,0.000000e+000,...
 1.348317e+003,1.353460e+003,2.572442e-005,0.000000e+000,...
 1.346169e+003,1.346169e+003,2.598756e-005,0.000000e+000;...
1.312400e+000,1.209366e+003,1.207917e+003,1.439540e+000,...
 8.429795e-003,0.000000e+000,0.000000e+000,...
 1.199846e+003,1.204204e+003,2.901691e-005,0.000000e+000,...
 1.207880e+003,1.207880e+003,2.954045e-005,0.000000e+000;...
1.351300e+000,1.128905e+003,1.127684e+003,1.199147e+000,...
 8.817232e-003,0.000000e+000,0.000000e+000,...
 1.118776e+003,1.122723e+003,3.118977e-005,0.000000e+000,...
 1.127655e+003,1.127655e+003,3.178832e-005,0.000000e+000;...
1.387300e+000,1.056146e+003,1.055307e+003,8.979681e-001,...
 9.176450e-003,0.000000e+000,0.000000e+000,...
 1.050496e+003,1.054105e+003,3.328443e-005,0.000000e+000,...
 1.055255e+003,1.055255e+003,3.389798e-005,0.000000e+000;...
1.400000e+000,1.030444e+003,1.029681e+003,7.366023e-001,...
 9.303816e-003,0.000000e+000,0.000000e+000,...
 1.027815e+003,1.031314e+003,3.404284e-005,0.000000e+000,...
 1.029714e+003,1.029714e+003,3.464921e-005,0.000000e+000;...
1.411200e+000,1.013284e+003,1.012674e+003,5.827869e-001,...
 9.421267e-003,0.000000e+000,0.000000e+000,...
 1.008385e+003,1.011790e+003,3.472020e-005,0.000000e+000,...
 1.012676e+003,1.012676e+003,3.533478e-005,0.000000e+000;...
1.419000e+000,1.001386e+003,1.000929e+003,4.611334e-001,...
 9.502110e-003,0.000000e+000,0.000000e+000,...
 9.951590e+002,9.985011e+002,3.519644e-005,0.000000e+000,...
 1.000877e+003,1.000877e+003,3.580613e-005,0.000000e+000;...
1.430200e+000,9.842261e+002,9.838447e+002,3.897398e-001,...
 9.619561e-003,0.000000e+000,0.000000e+000,...
 9.765943e+002,9.798483e+002,3.588731e-005,0.000000e+000,...
 9.838562e+002,9.838562e+002,3.649529e-005,0.000000e+000;...
1.438600e+000,9.716420e+002,9.711082e+002,5.380563e-001,...
 9.708031e-003,0.000000e+000,0.000000e+000,...
 9.629915e+002,9.661813e+002,3.641066e-005,0.000000e+000,...
 9.711138e+002,9.711138e+002,3.701438e-005,0.000000e+000;...
1.438600e+000,4.210246e+003,4.209711e+003,5.380563e-001,...
 9.708031e-003,0.000000e+000,0.000000e+000,...
 4.190053e+003,4.203932e+003,3.641692e-005,0.000000e+000,...
 4.158209e+003,4.158209e+003,3.701438e-005,0.000000e+000;...
1.439400e+000,4.202619e+003,4.202009e+003,5.567722e-001,...
 9.717182e-003,0.000000e+000,0.000000e+000,...
 4.183372e+003,4.197221e+003,3.646075e-005,0.000000e+000,...
 4.150958e+003,4.150958e+003,3.706792e-005,0.000000e+000;...
1.445800e+000,4.144732e+003,4.143969e+003,7.667888e-001,...
 9.783535e-003,0.000000e+000,0.000000e+000,...
 4.122923e+003,4.136512e+003,3.686288e-005,0.000000e+000,...
 4.093543e+003,4.093543e+003,3.745716e-005,0.000000e+000;...
1.454500e+000,4.064880e+003,4.063889e+003,1.052180e+000,...
 9.875056e-003,0.000000e+000,0.000000e+000,...
 4.042612e+003,4.055856e+003,3.741364e-005,0.000000e+000,...
 4.014972e+003,4.014972e+003,3.799855e-005,0.000000e+000;...
1.470100e+000,3.922871e+003,3.921498e+003,1.369069e+000,...
 1.003750e-002,0.000000e+000,0.000000e+000,...
 3.903877e+003,3.916531e+003,3.841346e-005,0.000000e+000,...
 3.874718e+003,3.874718e+003,3.896031e-005,0.000000e+000;...
1.471900e+000,3.918600e+003,3.917151e+003,1.403085e+000,...
 1.005657e-002,0.000000e+000,0.000000e+000,...
 3.899670e+003,3.912295e+003,3.852983e-005,0.000000e+000,...
 3.870583e+003,3.870583e+003,3.907270e-005,0.000000e+000;...
1.481200e+000,3.896406e+003,3.894729e+003,1.670477e+000,...
 1.015419e-002,0.000000e+000,0.000000e+000,...
 3.878089e+003,3.890564e+003,3.913448e-005,0.000000e+000,...
 3.848681e+003,3.848681e+003,3.965403e-005,0.000000e+000;...
1.481200e+000,5.521886e+003,5.520208e+003,1.670477e+000,...
 1.015419e-002,0.000000e+000,0.000000e+000,...
 5.497367e+003,5.515050e+003,3.914102e-005,0.000000e+000,...
 5.446334e+003,5.446334e+003,3.965403e-005,0.000000e+000;...
1.481800e+000,5.515785e+003,5.514030e+003,1.686493e+000,...
 1.016029e-002,0.000000e+000,0.000000e+000,...
 5.491766e+003,5.509425e+003,3.917369e-005,0.000000e+000,...
 5.440380e+003,5.440380e+003,3.968747e-005,0.000000e+000;...
1.499300e+000,5.322524e+003,5.320236e+003,2.255903e+000,...
 1.034410e-002,0.000000e+000,0.000000e+000,...
 5.300426e+003,5.317271e+003,4.032656e-005,0.000000e+000,...
 5.250302e+003,5.250302e+003,4.078348e-005,0.000000e+000;...
1.509700e+000,5.255485e+003,5.252968e+003,2.470518e+000,...
 1.044782e-002,0.000000e+000,0.000000e+000,...
 5.233046e+003,5.249562e+003,4.098666e-005,0.000000e+000,...
 5.184400e+003,5.184400e+003,4.151819e-005,0.000000e+000;...
1.541000e+000,5.075953e+003,5.073131e+003,2.778179e+000,...
 1.075670e-002,0.000000e+000,0.000000e+000,...
 5.046781e+003,5.062384e+003,4.300180e-005,0.000000e+000,...
 5.007860e+003,5.007860e+003,4.373784e-005,0.000000e+000;...
1.600000e+000,4.688745e+003,4.685694e+003,3.033369e+000,...
 1.134091e-002,0.000000e+000,0.000000e+000,...
 4.672012e+003,4.685922e+003,4.695228e-005,0.000000e+000,...
 4.627639e+003,4.627639e+003,4.797639e-005,0.000000e+000;...
1.641500e+000,4.454757e+003,4.451554e+003,3.219994e+000,...
 1.176724e-002,0.000000e+000,0.000000e+000,...
 4.407076e+003,4.419865e+003,4.985046e-005,0.000000e+000,...
 4.397469e+003,4.397469e+003,5.105628e-005,0.000000e+000;...
1.641500e+000,5.033548e+003,5.030345e+003,3.219994e+000,...
 1.176724e-002,0.000000e+000,0.000000e+000,...
 4.983563e+003,4.998024e+003,4.985757e-005,0.000000e+000,...
 4.968355e+003,4.968355e+003,5.105628e-005,0.000000e+000;...
1.653000e+000,4.957128e+003,4.953696e+003,3.443762e+000,...
 1.188545e-002,0.000000e+000,0.000000e+000,...
 4.899857e+003,4.913977e+003,5.067132e-005,0.000000e+000,...
 4.893190e+003,4.893190e+003,5.191503e-005,0.000000e+000;...
1.692500e+000,4.694770e+003,4.690880e+003,3.925159e+000,...
 1.229120e-002,0.000000e+000,0.000000e+000,...
 4.625032e+003,4.638047e+003,5.354903e-005,0.000000e+000,...
 4.634827e+003,4.634827e+003,5.487872e-005,0.000000e+000;...
1.727300e+000,4.465664e+003,4.461622e+003,4.089972e+000,...
 1.264889e-002,0.000000e+000,0.000000e+000,...
 4.400562e+003,4.412696e+003,5.616013e-005,0.000000e+000,...
 4.409322e+003,4.409322e+003,5.750915e-005,0.000000e+000;...
1.791600e+000,4.043754e+003,4.039483e+003,4.302834e+000,...
 1.330936e-002,0.000000e+000,0.000000e+000,...
 4.024443e+003,4.035140e+003,6.117281e-005,0.000000e+000,...
 3.993823e+003,3.993823e+003,6.240605e-005,0.000000e+000;...
1.800000e+000,3.988385e+003,3.984114e+003,4.318316e+000,...
 1.339631e-002,0.000000e+000,0.000000e+000,...
 3.978687e+003,3.989213e+003,6.182607e-005,0.000000e+000,...
 3.939383e+003,3.939383e+003,6.305556e-005,0.000000e+000;...
1.897400e+000,3.547409e+003,3.542985e+003,4.482366e+000,...
 1.443277e-002,0.000000e+000,0.000000e+000,...
 3.497766e+003,3.506544e+003,6.968584e-005,0.000000e+000,...
 3.505147e+003,3.505147e+003,7.075647e-005,0.000000e+000;...
1.901200e+000,3.530325e+003,3.525825e+003,4.487705e+000,...
 1.447320e-002,0.000000e+000,0.000000e+000,...
 3.480700e+003,3.489417e+003,7.000318e-005,0.000000e+000,...
