 
function zr =z35(flag,e)

za = [8.000000e-001,4.358897e+003,4.356033e+003,2.893421e+000,...
 3.461269e-003,0.000000e+000,0.000000e+000,...
 2.605391e+003,2.617825e+003,1.391650e-005,0.000000e+000,...
 4.355896e+003,4.355896e+003,7.651021e-006,0.000000e+000;...
1.000000e+000,2.620538e+003,2.617825e+003,2.691679e+000,...
 5.179205e-003,0.000000e+000,0.000000e+000,...
 2.605391e+003,2.617825e+003,1.391650e-005,0.000000e+000,...
 2.617786e+003,2.617786e+003,1.390777e-005,0.000000e+000;...
1.100000e+000,2.075525e+003,2.073038e+003,2.523397e+000,...
 6.079923e-003,0.000000e+000,0.000000e+000,...
 2.075168e+003,2.084167e+003,1.783902e-005,0.000000e+000,...
 2.072943e+003,2.072943e+003,1.819619e-005,0.000000e+000;...
1.250000e+000,1.526141e+003,1.523956e+003,2.172515e+000,...
 7.538390e-003,0.000000e+000,0.000000e+000,...
 1.529276e+003,1.535109e+003,2.488924e-005,0.000000e+000,...
 1.523900e+003,1.523900e+003,2.534282e-005,0.000000e+000;...
1.321600e+000,1.346028e+003,1.343993e+003,1.955173e+000,...
 8.279191e-003,0.000000e+000,0.000000e+000,...
 1.338798e+003,1.343627e+003,2.872839e-005,0.000000e+000,...
 1.344041e+003,1.344041e+003,2.904612e-005,0.000000e+000;...
1.343100e+000,1.296666e+003,1.294782e+003,1.884183e+000,...
 8.489450e-003,0.000000e+000,0.000000e+000,...
 1.288181e+003,1.292752e+003,2.994089e-005,0.000000e+000,...
 1.294765e+003,1.294765e+003,3.036061e-005,0.000000e+000;...
1.400000e+000,1.167422e+003,1.165764e+003,1.620268e+000,...
 9.045616e-003,0.000000e+000,0.000000e+000,...
 1.166642e+003,1.170614e+003,3.315750e-005,0.000000e+000,...
 1.165726e+003,1.165726e+003,3.387446e-005,0.000000e+000;...
1.417300e+000,1.137729e+003,1.136147e+003,1.549428e+000,...
 9.223468e-003,0.000000e+000,0.000000e+000,...
 1.132916e+003,1.136726e+003,3.417426e-005,0.000000e+000,...
 1.136158e+003,1.136158e+003,3.499017e-005,0.000000e+000;...
1.496700e+000,1.001175e+003,1.000195e+003,9.870822e-001,...
 1.004114e-002,0.000000e+000,0.000000e+000,...
 9.946064e+002,9.977728e+002,3.907652e-005,0.000000e+000,...
 1.000180e+003,1.000180e+003,4.018767e-005,0.000000e+000;...
1.500000e+000,9.958995e+002,9.949951e+002,9.523407e-001,...
 1.007505e-002,0.000000e+000,0.000000e+000,...
 9.893880e+002,9.925308e+002,3.928873e-005,0.000000e+000,...
 9.949933e+002,9.949933e+002,4.040843e-005,0.000000e+000;...
1.516200e+000,9.720853e+002,9.713317e+002,7.545173e-001,...
 1.024160e-002,0.000000e+000,0.000000e+000,...
 9.638645e+002,9.668934e+002,4.034042e-005,0.000000e+000,...
 9.712409e+002,9.712409e+002,4.148086e-005,0.000000e+000;...
1.528000e+000,9.545261e+002,9.539986e+002,5.703719e-001,...
 1.036293e-002,0.000000e+000,0.000000e+000,...
 9.458541e+002,9.488033e+002,4.111673e-005,0.000000e+000,...
 9.539108e+002,9.539108e+002,4.226679e-005,0.000000e+000;...
1.536100e+000,9.424683e+002,9.420161e+002,4.531701e-001,...
 1.044658e-002,0.000000e+000,0.000000e+000,...
 9.337645e+002,9.366607e+002,4.165485e-005,0.000000e+000,...
 9.420191e+002,9.420191e+002,4.281157e-005,0.000000e+000;...
1.544900e+000,9.295062e+002,9.290540e+002,4.279542e-001,...
 1.053777e-002,0.000000e+000,0.000000e+000,...
 9.208761e+002,9.237159e+002,4.224407e-005,0.000000e+000,...
 9.290631e+002,9.290631e+002,4.340688e-005,0.000000e+000;...
1.552000e+000,9.192570e+002,9.186541e+002,5.538980e-001,...
 1.061087e-002,0.000000e+000,0.000000e+000,...
 9.106587e+002,9.134542e+002,4.272317e-005,0.000000e+000,...
 9.187007e+002,9.187007e+002,4.388065e-005,0.000000e+000;...
1.553600e+000,9.169208e+002,9.163179e+002,5.906065e-001,...
 1.062745e-002,0.000000e+000,0.000000e+000,...
 9.083776e+002,9.111631e+002,4.283157e-005,0.000000e+000,...
 9.163129e+002,9.163129e+002,4.398811e-005,0.000000e+000;...
1.553600e+000,4.084808e+003,4.084205e+003,5.906065e-001,...
 1.062745e-002,0.000000e+000,0.000000e+000,...
 4.065345e+003,4.077811e+003,4.283835e-005,0.000000e+000,...
 4.028469e+003,4.028469e+003,4.398811e-005,0.000000e+000;...
1.554600e+000,4.071997e+003,4.071394e+003,6.126345e-001,...
 1.063725e-002,0.000000e+000,0.000000e+000,...
 4.052710e+003,4.065129e+003,4.289941e-005,0.000000e+000,...
 4.015878e+003,4.015878e+003,4.405134e-005,0.000000e+000;...
1.566800e+000,3.909141e+003,3.908086e+003,1.034032e+000,...
 1.076310e-002,0.000000e+000,0.000000e+000,...
 3.885945e+003,3.897761e+003,4.373218e-005,0.000000e+000,...
 3.855697e+003,3.855697e+003,4.487718e-005,0.000000e+000;...
1.578700e+000,3.751108e+003,3.749752e+003,1.314602e+000,...
 1.088594e-002,0.000000e+000,0.000000e+000,...
 3.731067e+003,3.742326e+003,4.455343e-005,0.000000e+000,...
 3.700114e+003,3.700114e+003,4.568059e-005,0.000000e+000;...
1.595500e+000,3.598200e+003,3.596618e+003,1.582888e+000,...
 1.105852e-002,0.000000e+000,0.000000e+000,...
 3.584918e+003,3.595622e+003,4.572844e-005,0.000000e+000,...
 3.549674e+003,3.549674e+003,4.681563e-005,0.000000e+000;...
1.600000e+000,3.571221e+003,3.569488e+003,1.711003e+000,...
 1.110524e-002,0.000000e+000,0.000000e+000,...
 3.558936e+003,3.569533e+003,4.604641e-005,0.000000e+000,...
 3.523057e+003,3.523057e+003,4.712286e-005,0.000000e+000;...
1.602100e+000,3.566699e+003,3.564966e+003,1.774608e+000,...
 1.112785e-002,0.000000e+000,0.000000e+000,...
 3.550738e+003,3.561296e+003,4.619523e-005,0.000000e+000,...
 3.518603e+003,3.518603e+003,4.726998e-005,0.000000e+000;...
1.602100e+000,5.058400e+003,5.056667e+003,1.774608e+000,...
 1.112785e-002,0.000000e+000,0.000000e+000,...
 5.037599e+003,5.052577e+003,4.620233e-005,0.000000e+000,...
 4.982098e+003,4.982098e+003,4.726998e-005,0.000000e+000;...
1.612600e+000,5.015445e+003,5.013259e+003,2.140261e+000,...
 1.124164e-002,0.000000e+000,0.000000e+000,...
 4.990092e+003,5.004833e+003,4.694334e-005,0.000000e+000,...
 4.939854e+003,4.939854e+003,4.800715e-005,0.000000e+000;...
1.619900e+000,4.985526e+003,4.983115e+003,2.371394e+000,...
 1.132077e-002,0.000000e+000,0.000000e+000,...
 4.957047e+003,4.971625e+003,4.746772e-005,0.000000e+000,...
 4.910516e+003,4.910516e+003,4.852363e-005,0.000000e+000;...
1.654600e+000,4.844375e+003,4.841511e+003,2.905630e+000,...
 1.169683e-002,0.000000e+000,0.000000e+000,...
 4.804734e+003,4.818566e+003,5.000735e-005,0.000000e+000,...
 4.772100e+003,4.772100e+003,5.097857e-005,0.000000e+000;...
1.703900e+000,4.507434e+003,4.504194e+003,3.183110e+000,...
 1.223038e-002,0.000000e+000,0.000000e+000,...
 4.446179e+003,4.458607e+003,5.374264e-005,0.000000e+000,...
 4.441797e+003,4.441797e+003,5.452654e-005,0.000000e+000;...
1.769200e+000,4.067550e+003,4.064159e+003,3.395177e+000,...
 1.288678e-002,0.000000e+000,0.000000e+000,...
 4.025702e+003,4.036539e+003,5.862078e-005,0.000000e+000,...
 4.009911e+003,4.009911e+003,5.987983e-005,0.000000e+000;...
1.769200e+000,4.596963e+003,4.593572e+003,3.395177e+000,...
 1.288678e-002,0.000000e+000,0.000000e+000,...
 4.553100e+003,4.565355e+003,5.862843e-005,0.000000e+000,...
 4.530978e+003,4.530978e+003,5.987983e-005,0.000000e+000;...
1.783400e+000,4.497637e+003,4.494020e+003,3.637916e+000,...
 1.302921e-002,0.000000e+000,0.000000e+000,...
 4.466064e+003,4.477990e+003,5.971341e-005,0.000000e+000,...
 4.432992e+003,4.432992e+003,6.104829e-005,0.000000e+000;...
1.800000e+000,4.380676e+003,4.376758e+003,3.875681e+000,...
 1.319651e-002,0.000000e+000,0.000000e+000,...
 4.366629e+003,4.378182e+003,6.100523e-005,0.000000e+000,...
 4.318108e+003,4.318108e+003,6.243010e-005,0.000000e+000;...
1.864300e+000,4.061521e+003,4.057301e+003,4.236586e+000,...
 1.386422e-002,0.000000e+000,0.000000e+000,...
 4.009594e+003,4.019835e+003,6.615800e-005,0.000000e+000,...
 4.004795e+003,4.004795e+003,6.790018e-005,0.000000e+000;...
1.934500e+000,3.714483e+003,3.710036e+003,4.440513e+000,...
 1.459371e-002,0.000000e+000,0.000000e+000,...
 3.665096e+003,3.674117e+003,7.205561e-005,0.000000e+000,...
 3.663797e+003,3.663797e+003,7.395020e-005,0.000000e+000;...
2.000000e+000,3.392765e+003,3.388244e+003,4.564257e+000,...
 1.527347e-002,0.000000e+000,0.000000e+000,...
 3.380159e+003,3.388206e+003,7.781728e-005,0.000000e+000,...
