 
function zr =z36(flag,e)

za = [8.000000e-001,4.722778e+003,4.719760e+003,3.041276e+000,...
 3.176162e-003,0.000000e+000,0.000000e+000,...
 2.834069e+003,2.847594e+003,1.281651e-005,0.000000e+000,...
 4.719729e+003,4.719729e+003,6.975623e-006,0.000000e+000;...
1.000000e+000,2.850482e+003,2.847608e+003,2.889144e+000,...
 4.763596e-003,0.000000e+000,0.000000e+000,...
 2.834069e+003,2.847594e+003,1.281651e-005,0.000000e+000,...
 2.847575e+003,2.847575e+003,1.281195e-005,0.000000e+000;...
1.100000e+000,2.260998e+003,2.258267e+003,2.747864e+000,...
 5.604526e-003,0.000000e+000,0.000000e+000,...
 2.260227e+003,2.270029e+003,1.646477e-005,0.000000e+000,...
 2.258213e+003,2.258213e+003,1.681855e-005,0.000000e+000;...
1.250000e+000,1.665548e+003,1.663033e+003,2.476225e+000,...
 6.970122e-003,0.000000e+000,0.000000e+000,...
 1.668545e+003,1.674909e+003,2.303891e-005,0.000000e+000,...
 1.663049e+003,1.663049e+003,2.351996e-005,0.000000e+000;...
1.321600e+000,1.469508e+003,1.467209e+003,2.309792e+000,...
 7.664813e-003,0.000000e+000,0.000000e+000,...
 1.461824e+003,1.467096e+003,2.659100e-005,0.000000e+000,...
 1.467204e+003,1.467204e+003,2.700296e-005,0.000000e+000;...
1.322900e+000,1.465987e+003,1.463688e+003,2.306486e+000,...
 7.676311e-003,0.000000e+000,0.000000e+000,...
 1.458414e+003,1.463670e+003,2.665769e-005,0.000000e+000,...
 1.463656e+003,1.463656e+003,2.707362e-005,0.000000e+000;...
1.391600e+000,1.296752e+003,1.294668e+003,2.128915e+000,...
 8.312291e-003,0.000000e+000,0.000000e+000,...
 1.293196e+003,1.297625e+003,3.032744e-005,0.000000e+000,...
 1.294630e+003,1.294630e+003,3.105003e-005,0.000000e+000;...
1.400000e+000,1.276199e+003,1.274115e+003,2.098733e+000,...
 8.389183e-003,0.000000e+000,0.000000e+000,...
 1.274844e+003,1.279184e+003,3.078530e-005,0.000000e+000,...
 1.274100e+003,1.274100e+003,3.153726e-005,0.000000e+000;...
1.500000e+000,1.089142e+003,1.087417e+003,1.726847e+000,...
 9.365790e-003,0.000000e+000,0.000000e+000,...
 1.082162e+003,1.085599e+003,3.655425e-005,0.000000e+000,...
 1.087383e+003,1.087383e+003,3.769444e-005,0.000000e+000;...
1.576600e+000,9.641021e+002,9.627367e+002,1.325137e+000,...
 1.011387e-002,0.000000e+000,0.000000e+000,...
 9.567381e+002,9.596290e+002,4.137979e-005,0.000000e+000,...
 9.627645e+002,9.627645e+002,4.253202e-005,0.000000e+000;...
1.600000e+000,9.258715e+002,9.247217e+002,1.128307e+000,...
 1.034168e-002,0.000000e+000,0.000000e+000,...
 9.225006e+002,9.252473e+002,4.292570e-005,0.000000e+000,...
 9.247255e+002,9.247255e+002,4.402291e-005,0.000000e+000;...
1.631500e+000,8.870659e+002,8.862036e+002,8.226056e-001,...
 1.066649e-002,0.000000e+000,0.000000e+000,...
 8.790696e+002,8.816362e+002,4.506036e-005,0.000000e+000,...
 8.861502e+002,8.861502e+002,4.612184e-005,0.000000e+000;...
1.644700e+000,8.706813e+002,8.700346e+002,6.239284e-001,...
 1.080231e-002,0.000000e+000,0.000000e+000,...
 8.617212e+002,8.642169e+002,4.597351e-005,0.000000e+000,...
 8.699987e+002,8.699987e+002,4.700583e-005,0.000000e+000;...
1.651800e+000,8.617704e+002,8.612674e+002,5.133398e-001,...
 1.087633e-002,0.000000e+000,0.000000e+000,...
 8.525882e+002,8.550468e+002,4.646926e-005,0.000000e+000,...
 8.612478e+002,8.612478e+002,4.748815e-005,0.000000e+000;...
1.659200e+000,8.526440e+002,8.521409e+002,4.434539e-001,...
 1.095250e-002,0.000000e+000,0.000000e+000,...
 8.432133e+002,8.456340e+002,4.698920e-005,0.000000e+000,...
 8.521595e+002,8.521595e+002,4.798675e-005,0.000000e+000;...
1.668100e+000,8.418646e+002,8.412897e+002,5.022802e-001,...
 1.104377e-002,0.000000e+000,0.000000e+000,...
 8.321285e+002,8.345046e+002,4.761922e-005,0.000000e+000,...
 8.413016e+002,8.413016e+002,4.858185e-005,0.000000e+000;...
1.673400e+000,8.353970e+002,8.348221e+002,6.231020e-001,...
 1.109838e-002,0.000000e+000,0.000000e+000,...
 8.256237e+002,8.279738e+002,4.799662e-005,0.000000e+000,...
 8.347952e+002,8.347952e+002,4.894024e-005,0.000000e+000;...
1.673400e+000,3.820980e+003,3.820406e+003,6.231020e-001,...
 1.109838e-002,0.000000e+000,0.000000e+000,...
 3.801232e+003,3.812051e+003,4.800376e-005,0.000000e+000,...
 3.762565e+003,3.762565e+003,4.894024e-005,0.000000e+000;...
1.673900e+000,3.813075e+003,3.812429e+003,6.346790e-001,...
 1.110413e-002,0.000000e+000,0.000000e+000,...
 3.794585e+003,3.805383e+003,4.803232e-005,0.000000e+000,...
 3.755040e+003,3.755040e+003,4.897843e-005,0.000000e+000;...
1.685000e+000,3.641541e+003,3.640535e+003,1.010956e+000,...
 1.121839e-002,0.000000e+000,0.000000e+000,...
 3.615278e+003,3.625497e+003,4.882931e-005,0.000000e+000,...
 3.586586e+003,3.586586e+003,4.972731e-005,0.000000e+000;...
1.696900e+000,3.456208e+003,3.454915e+003,1.331533e+000,...
 1.134128e-002,0.000000e+000,0.000000e+000,...
 3.433655e+003,3.443293e+003,4.969232e-005,0.000000e+000,...
 3.404516e+003,3.404516e+003,5.053731e-005,0.000000e+000;...
1.704700e+000,3.340366e+003,3.338929e+003,1.441554e+000,...
 1.141961e-002,0.000000e+000,0.000000e+000,...
 3.323445e+003,3.332731e+003,5.025113e-005,0.000000e+000,...
 3.290724e+003,3.290724e+003,5.109021e-005,0.000000e+000;...
1.727000e+000,3.165095e+003,3.163298e+003,1.809991e+000,...
 1.163448e-002,0.000000e+000,0.000000e+000,...
 3.148479e+003,3.157161e+003,5.180555e-005,0.000000e+000,...
 3.118403e+003,3.118403e+003,5.282391e-005,0.000000e+000;...
1.728300e+000,3.161861e+003,3.160064e+003,1.846353e+000,...
 1.164669e-002,0.000000e+000,0.000000e+000,...
 3.145203e+003,3.153870e+003,5.189699e-005,0.000000e+000,...
 3.115437e+003,3.115437e+003,5.292368e-005,0.000000e+000;...
1.728300e+000,4.550884e+003,4.549087e+003,1.846353e+000,...
 1.164669e-002,0.000000e+000,0.000000e+000,...
 4.529930e+003,4.542413e+003,5.190403e-005,0.000000e+000,...
 4.475535e+003,4.475535e+003,5.292368e-005,0.000000e+000;...
1.739900e+000,4.492891e+003,4.490735e+003,2.199843e+000,...
 1.175880e-002,0.000000e+000,0.000000e+000,...
 4.470523e+003,4.482760e+003,5.271733e-005,0.000000e+000,...
 4.418598e+003,4.418598e+003,5.383179e-005,0.000000e+000;...
1.741000e+000,4.487501e+003,4.485274e+003,2.231318e+000,...
 1.176886e-002,0.000000e+000,0.000000e+000,...
 4.464903e+003,4.477118e+003,5.279551e-005,0.000000e+000,...
 4.413037e+003,4.413037e+003,5.391318e-005,0.000000e+000;...
1.771400e+000,4.335657e+003,4.332854e+003,2.818791e+000,...
 1.206206e-002,0.000000e+000,0.000000e+000,...
 4.313745e+003,4.325343e+003,5.498161e-005,0.000000e+000,...
 4.264260e+003,4.264260e+003,5.629979e-005,0.000000e+000;...
1.800000e+000,4.161176e+003,4.158085e+003,3.047744e+000,...
 1.233729e-002,0.000000e+000,0.000000e+000,...
 4.147289e+003,4.158261e+003,5.708516e-005,0.000000e+000,...
 4.093371e+003,4.093371e+003,5.855285e-005,0.000000e+000;...
1.894500e+000,3.643050e+003,3.639744e+003,3.269511e+000,...
 1.327868e-002,0.000000e+000,0.000000e+000,...
 3.594608e+003,3.603642e+003,6.435916e-005,0.000000e+000,...
 3.586170e+003,3.586170e+003,6.624276e-005,0.000000e+000;...
1.902300e+000,3.604604e+003,3.601226e+003,3.369255e+000,...
 1.335701e-002,0.000000e+000,0.000000e+000,...
 3.555791e+003,3.564692e+003,6.498172e-005,0.000000e+000,...
 3.548512e+003,3.548512e+003,6.688789e-005,0.000000e+000;...
1.902300e+000,4.070917e+003,4.067539e+003,3.369255e+000,...
 1.335701e-002,0.000000e+000,0.000000e+000,...
 4.020448e+003,4.030511e+003,6.498975e-005,0.000000e+000,...
 4.006598e+003,4.006598e+003,6.688789e-005,0.000000e+000;...
1.915300e+000,4.006457e+003,4.002863e+003,3.576362e+000,...
 1.348636e-002,0.000000e+000,0.000000e+000,...
 3.957207e+003,3.967045e+003,6.602752e-005,0.000000e+000,...
 3.943318e+003,3.943318e+003,6.795840e-005,0.000000e+000;...
1.988800e+000,3.642115e+003,3.637948e+003,4.141629e+000,...
 1.421864e-002,0.000000e+000,0.000000e+000,...
 3.622590e+003,3.631262e+003,7.212053e-005,0.000000e+000,...
 3.585845e+003,3.585845e+003,7.405251e-005,0.000000e+000;...
2.000000e+000,3.586494e+003,3.582254e+003,4.181369e+000,...
 1.433074e-002,0.000000e+000,0.000000e+000,...
 3.575174e+003,3.583685e+003,7.307615e-005,0.000000e+000,...
