 
function zr =z37(flag,e)

za = [8.000000e-001,5.242991e+003,5.239820e+003,3.192663e+000,...
 5.165417e-003,0.000000e+000,0.000000e+000,...
 3.152486e+003,3.167531e+003,1.793805e-005,0.000000e+000,...
 5.239720e+003,5.239720e+003,1.080287e-005,0.000000e+000;...
1.000000e+000,3.170610e+003,3.167580e+003,3.044490e+000,...
 6.974073e-003,0.000000e+000,0.000000e+000,...
 3.152486e+003,3.167531e+003,1.793805e-005,0.000000e+000,...
 3.167494e+003,3.167494e+003,1.791580e-005,0.000000e+000;...
1.100000e+000,2.526412e+003,2.523453e+003,2.931968e+000,...
 7.853952e-003,0.000000e+000,0.000000e+000,...
 2.521487e+003,2.532422e+003,2.209452e-005,0.000000e+000,...
 2.523440e+003,2.523440e+003,2.247923e-005,0.000000e+000;...
1.250000e+000,1.872562e+003,1.869814e+003,2.705305e+000,...
 9.209565e-003,0.000000e+000,0.000000e+000,...
 1.868681e+003,1.875808e+003,2.920679e-005,0.000000e+000,...
 1.869817e+003,1.869817e+003,2.960000e-005,0.000000e+000;...
1.400000e+000,1.433116e+003,1.430650e+003,2.419528e+000,...
 1.057363e-002,0.000000e+000,0.000000e+000,...
 1.426392e+003,1.431248e+003,3.732090e-005,0.000000e+000,...
 1.430623e+003,1.430623e+003,3.838354e-005,0.000000e+000;...
1.600000e+000,1.029744e+003,1.027912e+003,1.834726e+000,...
 1.238229e-002,0.000000e+000,0.000000e+000,...
 1.026167e+003,1.029223e+003,4.955096e-005,0.000000e+000,...
 1.027905e+003,1.027905e+003,5.284759e-005,0.000000e+000;...
1.800000e+000,7.714446e+002,7.708809e+002,5.350651e-001,...
 1.423251e-002,0.000000e+000,0.000000e+000,...
 7.688675e+002,7.709016e+002,6.362599e-005,0.000000e+000,...
 7.708515e+002,7.708515e+002,6.780534e-005,0.000000e+000;...
1.805100e+000,7.670762e+002,7.664421e+002,6.268225e-001,...
 1.428043e-002,0.000000e+000,0.000000e+000,...
 7.635541e+002,7.655684e+002,6.400916e-005,0.000000e+000,...
 7.664316e+002,7.664316e+002,6.819596e-005,0.000000e+000;...
1.805100e+000,3.075844e+003,3.075210e+003,6.268225e-001,...
 1.428043e-002,0.000000e+000,0.000000e+000,...
 3.065914e+003,3.074002e+003,6.401668e-005,0.000000e+000,...
 3.026275e+003,3.026275e+003,6.819596e-005,0.000000e+000;...
1.867100e+000,2.873066e+003,2.871234e+003,1.813095e+000,...
 1.486523e-002,0.000000e+000,0.000000e+000,...
 2.839206e+003,2.846447e+003,6.876599e-005,0.000000e+000,...
 2.827055e+003,2.827055e+003,7.294092e-005,0.000000e+000;...
1.867100e+000,3.967701e+003,3.965869e+003,1.813095e+000,...
 1.486523e-002,0.000000e+000,0.000000e+000,...
 3.930646e+003,3.940669e+003,6.877381e-005,0.000000e+000,...
 3.896662e+003,3.896662e+003,7.294092e-005,0.000000e+000;...
2.000000e+000,3.388607e+003,3.385507e+003,3.110298e+000,...
 1.612008e-002,0.000000e+000,0.000000e+000,...
 3.377551e+003,3.385591e+003,7.957251e-005,0.000000e+000,...
 3.330287e+003,3.330287e+003,8.319517e-005,0.000000e+000;...
2.048000e+000,3.216901e+003,3.213589e+003,3.282004e+000,...
 1.658158e-002,0.000000e+000,0.000000e+000,...
 3.203023e+003,3.210468e+003,8.368109e-005,0.000000e+000,...
 3.162259e+003,3.162259e+003,8.697271e-005,0.000000e+000;...
2.048000e+000,3.675864e+003,3.672552e+003,3.282004e+000,...
 1.658158e-002,0.000000e+000,0.000000e+000,...
 3.660580e+003,3.669088e+003,8.368976e-005,0.000000e+000,...
 3.612389e+003,3.612389e+003,8.697271e-005,0.000000e+000;...
2.062000e+000,3.620977e+003,3.617454e+003,3.520293e+000,...
 1.671616e-002,0.000000e+000,0.000000e+000,...
 3.601854e+003,3.610169e+003,8.489995e-005,0.000000e+000,...
 3.558423e+003,3.558423e+003,8.807261e-005,0.000000e+000;...
2.128200e+000,3.356126e+003,3.352039e+003,4.103826e+000,...
 1.735310e-002,0.000000e+000,0.000000e+000,...
 3.327237e+003,3.334679e+003,9.079026e-005,0.000000e+000,...
 3.299286e+003,3.299286e+003,9.329524e-005,0.000000e+000;...
2.200000e+000,3.068868e+003,3.064500e+003,4.338380e+000,...
 1.804288e-002,0.000000e+000,0.000000e+000,...
 3.061382e+003,3.068005e+003,9.741544e-005,0.000000e+000,...
 3.017743e+003,3.017743e+003,9.898232e-005,0.000000e+000;...
2.206700e+000,3.048717e+003,3.044349e+003,4.350500e+000,...
 1.810841e-002,0.000000e+000,0.000000e+000,...
 3.038106e+003,3.044660e+003,9.804626e-005,0.000000e+000,...
 2.998227e+003,2.998227e+003,9.952187e-005,0.000000e+000;...
2.345200e+000,2.633790e+003,2.629210e+003,4.555461e+000,...
 1.934565e-002,0.000000e+000,0.000000e+000,...
 2.607660e+003,2.612952e+003,1.108999e-004,0.000000e+000,...
 2.591511e+003,2.591511e+003,1.147586e-004,0.000000e+000;...
2.471300e+000,2.302285e+003,2.297565e+003,4.673197e+000,...
 2.047228e-002,0.000000e+000,0.000000e+000,...
 2.286442e+003,2.290844e+003,1.232996e-004,0.000000e+000,...
 2.266304e+003,2.266304e+003,1.287073e-004,0.000000e+000;...
2.500000e+000,2.226895e+003,2.222245e+003,4.687077e+000,...
 2.072874e-002,0.000000e+000,0.000000e+000,...
 2.221127e+003,2.225355e+003,1.262147e-004,0.000000e+000,...
 2.192324e+003,2.192324e+003,1.318825e-004,0.000000e+000;...
2.735600e+000,1.792099e+003,1.787378e+003,4.702085e+000,...
 2.285516e-002,0.000000e+000,0.000000e+000,...
 1.771722e+003,1.774803e+003,1.513660e-004,0.000000e+000,...
 1.765356e+003,1.765356e+003,1.582533e-004,0.000000e+000;...
2.800000e+000,1.678098e+003,1.673377e+003,4.706171e+000,...
 2.343644e-002,0.000000e+000,0.000000e+000,...
 1.671150e+003,1.673990e+003,1.585389e-004,0.000000e+000,...
 1.653278e+003,1.653278e+003,1.654933e-004,0.000000e+000;...
2.993300e+000,1.421490e+003,1.416840e+003,4.640786e+000,...
 2.519789e-002,0.000000e+000,0.000000e+000,...
 1.413182e+003,1.415428e+003,1.810605e-004,0.000000e+000,...
 1.400953e+003,1.400953e+003,1.874116e-004,0.000000e+000;...
3.000000e+000,1.414162e+003,1.409442e+003,4.638532e+000,...
 2.525849e-002,0.000000e+000,0.000000e+000,...
 1.405269e+003,1.407497e+003,1.818678e-004,0.000000e+000,...
 1.393668e+003,1.393668e+003,1.881658e-004,0.000000e+000;...
3.144600e+000,1.258521e+003,1.253870e+003,4.589563e+000,...
 2.657605e-002,0.000000e+000,0.000000e+000,...
 1.247207e+003,1.249094e+003,1.997262e-004,0.000000e+000,...
 1.240450e+003,1.240450e+003,2.046133e-004,0.000000e+000;...
3.200000e+000,1.198843e+003,1.194263e+003,4.567862e+000,...
 2.703614e-002,0.000000e+000,0.000000e+000,...
 1.193200e+003,1.194974e+003,2.067886e-004,0.000000e+000,...
 1.181687e+003,1.181687e+003,2.126714e-004,0.000000e+000;...
3.223700e+000,1.178199e+003,1.173619e+003,4.556236e+000,...
 2.723272e-002,0.000000e+000,0.000000e+000,...
 1.171090e+003,1.172818e+003,2.098471e-004,0.000000e+000,...
 1.161397e+003,1.161397e+003,2.161091e-004,0.000000e+000;...
3.363500e+000,1.062577e+003,1.058068e+003,4.487681e+000,...
 2.839246e-002,0.000000e+000,0.000000e+000,...
 1.048105e+003,1.049587e+003,2.283432e-004,0.000000e+000,...
 1.047492e+003,1.047492e+003,2.364114e-004,0.000000e+000;...
3.500000e+000,9.499851e+002,9.455463e+002,4.410741e+000,...
 2.952401e-002,0.000000e+000,0.000000e+000,...
 9.445790e+002,9.458623e+002,2.465258e-004,0.000000e+000,...
 9.364043e+002,9.364043e+002,2.561917e-004,0.000000e+000;...
3.538500e+000,9.260999e+002,9.217315e+002,4.387913e+000,...
 2.984319e-002,0.000000e+000,0.000000e+000,...
 9.179431e+002,9.191766e+002,2.517038e-004,0.000000e+000,...
 9.129527e+002,9.129343e+002,2.617791e-004,0.000000e+000;...
3.865800e+000,7.383293e+002,7.341019e+002,4.181259e+000,...
 3.255159e-002,0.000000e+000,0.000000e+000,...
 7.283800e+002,7.292757e+002,2.977766e-004,0.000000e+000,...
 7.277111e+002,7.277111e+002,3.091143e-004,0.000000e+000;...
4.000000e+000,6.711265e+002,6.669906e+002,4.096991e+000,...
 3.366271e-002,0.000000e+000,0.000000e+000,...
 6.662004e+002,6.669921e+002,3.177245e-004,0.000000e+000,...
 6.613903e+002,6.613903e+002,3.285085e-004,0.000000e+000;...
4.199200e+000,5.975261e+002,5.935170e+002,3.976086e+000,...
 3.530932e-002,0.000000e+000,0.000000e+000,...
 5.859741e+002,5.866373e+002,3.484611e-004,0.000000e+000,...
 5.887607e+002,5.887607e+002,3.572731e-004,0.000000e+000;...
4.242600e+000,5.814828e+002,5.775019e+002,3.949734e+000,...
 3.563202e-002,0.000000e+000,0.000000e+000,...
 5.702801e+002,5.709189e+002,3.553359e-004,0.000000e+000,...
