 
function zr =z38(flag,e)

za = [8.000000e-001,5.754963e+003,5.751527e+003,3.385184e+000,...
 6.229882e-003,0.000000e+000,0.000000e+000,...
 3.470738e+003,3.487302e+003,2.168852e-005,0.000000e+000,...
 5.750984e+003,5.750984e+003,1.309104e-005,0.000000e+000;...
1.000000e+000,3.490545e+003,3.487315e+003,3.252330e+000,...
 8.415879e-003,0.000000e+000,0.000000e+000,...
 3.470738e+003,3.487302e+003,2.168852e-005,0.000000e+000,...
 3.487086e+003,3.487086e+003,2.165905e-005,0.000000e+000;...
1.100000e+000,2.783254e+003,2.780024e+003,3.156590e+000,...
 9.444755e-003,0.000000e+000,0.000000e+000,...
 2.777945e+003,2.789992e+003,2.661766e-005,0.000000e+000,...
 2.779778e+003,2.779778e+003,2.663994e-005,0.000000e+000;...
1.250000e+000,2.064829e+003,2.061873e+003,2.947792e+000,...
 1.092862e-002,0.000000e+000,0.000000e+000,...
 2.060638e+003,2.068498e+003,3.472172e-005,0.000000e+000,...
 2.061701e+003,2.061701e+003,3.499212e-005,0.000000e+000;...
1.400000e+000,1.581526e+003,1.578845e+003,2.705934e+000,...
 1.237743e-002,0.000000e+000,0.000000e+000,...
 1.574154e+003,1.579513e+003,4.373580e-005,0.000000e+000,...
 1.578684e+003,1.578684e+003,4.388077e-005,0.000000e+000;...
1.600000e+000,1.137536e+003,1.135267e+003,2.255552e+000,...
 1.426267e-002,0.000000e+000,0.000000e+000,...
 1.134238e+003,1.137615e+003,5.712349e-005,0.000000e+000,...
 1.135212e+003,1.135212e+003,5.800443e-005,0.000000e+000;...
1.800000e+000,8.534781e+002,8.518973e+002,1.555408e+000,...
 1.606749e-002,0.000000e+000,0.000000e+000,...
 8.515875e+002,8.538405e+002,7.186877e-005,0.000000e+000,...
 8.518592e+002,8.518592e+002,7.487971e-005,0.000000e+000;...
1.818300e+000,8.360209e+002,8.345089e+002,1.471078e+000,...
 1.623244e-002,0.000000e+000,0.000000e+000,...
 8.308802e+002,8.330562e+002,7.330019e-005,0.000000e+000,...
 8.344733e+002,8.344733e+002,7.642338e-005,0.000000e+000;...
1.872300e+000,7.841992e+002,7.830308e+002,1.109838e+000,...
 1.672042e-002,0.000000e+000,0.000000e+000,...
 7.737617e+002,7.757295e+002,7.760398e-005,0.000000e+000,...
 7.830068e+002,7.830068e+002,8.098801e-005,0.000000e+000;...
1.903600e+000,7.539583e+002,7.532023e+002,7.771888e-001,...
 1.700358e-002,0.000000e+000,0.000000e+000,...
 7.431628e+002,7.450216e+002,8.015327e-005,0.000000e+000,...
 7.531937e+002,7.531937e+002,8.363970e-005,0.000000e+000;...
1.915900e+000,7.422057e+002,7.415184e+002,6.106169e-001,...
 1.711492e-002,0.000000e+000,0.000000e+000,...
 7.316047e+002,7.334229e+002,8.116598e-005,0.000000e+000,...
 7.414948e+002,7.414948e+002,8.467680e-005,0.000000e+000;...
1.926600e+000,7.318963e+002,7.314152e+002,5.148498e-001,...
 1.721114e-002,0.000000e+000,0.000000e+000,...
 7.217553e+002,7.235389e+002,8.205210e-005,0.000000e+000,...
 7.313484e+002,7.313484e+002,8.557566e-005,0.000000e+000;...
1.935100e+000,7.238550e+002,7.232365e+002,5.418465e-001,...
 1.728812e-002,0.000000e+000,0.000000e+000,...
 7.140638e+002,7.158207e+002,8.275914e-005,0.000000e+000,...
 7.232327e+002,7.232327e+002,8.629842e-005,0.000000e+000;...
1.942400e+000,7.169821e+002,7.162948e+002,6.637514e-001,...
 1.735410e-002,0.000000e+000,0.000000e+000,...
 7.075502e+002,7.092845e+002,8.336905e-005,0.000000e+000,...
 7.162581e+002,7.162581e+002,8.691658e-005,0.000000e+000;...
1.942400e+000,2.824835e+003,2.824148e+003,6.637514e-001,...
 1.735410e-002,0.000000e+000,0.000000e+000,...
 2.809887e+003,2.816774e+003,8.337740e-005,0.000000e+000,...
 2.775201e+003,2.775201e+003,8.691658e-005,0.000000e+000;...
1.942800e+000,2.823186e+003,2.822498e+003,6.705831e-001,...
 1.735754e-002,0.000000e+000,0.000000e+000,...
 2.808655e+003,2.815538e+003,8.340252e-005,0.000000e+000,...
 2.773617e+003,2.773617e+003,8.695138e-005,0.000000e+000;...
1.956500e+000,2.768683e+003,2.767653e+003,1.034304e+000,...
 1.748125e-002,0.000000e+000,0.000000e+000,...
 2.753198e+003,2.759898e+003,8.455287e-005,0.000000e+000,...
 2.719987e+003,2.719987e+003,8.810526e-005,0.000000e+000;...
1.969200e+000,2.717961e+003,2.716587e+003,1.335407e+000,...
 1.759603e-002,0.000000e+000,0.000000e+000,...
 2.703103e+003,2.709638e+003,8.562634e-005,0.000000e+000,...
 2.670256e+003,2.670256e+003,8.918047e-005,0.000000e+000;...
1.992800e+000,2.623321e+003,2.621741e+003,1.570666e+000,...
 1.780909e-002,0.000000e+000,0.000000e+000,...
 2.613236e+003,2.619479e+003,8.763824e-005,0.000000e+000,...
 2.577586e+003,2.577586e+003,9.118061e-005,0.000000e+000;...
2.000000e+000,2.594386e+003,2.592737e+003,1.653416e+000,...
 1.787438e-002,0.000000e+000,0.000000e+000,...
 2.586624e+003,2.592781e+003,8.825665e-005,0.000000e+000,...
 2.549212e+003,2.549212e+003,9.178346e-005,0.000000e+000;...
2.012100e+000,2.552943e+003,2.551018e+003,1.887233e+000,...
 1.798366e-002,0.000000e+000,0.000000e+000,...
 2.544174e+003,2.550194e+003,8.930054e-005,0.000000e+000,...
 2.508446e+003,2.508446e+003,9.280859e-005,0.000000e+000;...
2.012100e+000,3.552470e+003,3.550546e+003,1.887233e+000,...
 1.798366e-002,0.000000e+000,0.000000e+000,...
 3.540964e+003,3.549342e+003,8.930919e-005,0.000000e+000,...
 3.482865e+003,3.482865e+003,9.280859e-005,0.000000e+000;...
2.026000e+000,3.502504e+003,3.500236e+003,2.216720e+000,...
 1.810943e-002,0.000000e+000,0.000000e+000,...
 3.485503e+003,3.493693e+003,9.050729e-005,0.000000e+000,...
 3.434097e+003,3.434097e+003,9.398683e-005,0.000000e+000;...
2.035600e+000,3.468415e+003,3.465940e+003,2.440433e+000,...
 1.819672e-002,0.000000e+000,0.000000e+000,...
 3.447163e+003,3.455225e+003,9.134530e-005,0.000000e+000,...
 3.400688e+003,3.400688e+003,9.480848e-005,0.000000e+000;...
2.100000e+000,3.239822e+003,3.236797e+003,3.010816e+000,...
 1.877885e-002,0.000000e+000,0.000000e+000,...
 3.204889e+003,3.212154e+003,9.706356e-005,0.000000e+000,...
 3.177540e+003,3.177540e+003,1.002512e-004,0.000000e+000;...
2.191000e+000,2.915695e+003,2.912465e+003,3.200646e+000,...
 1.960292e-002,0.000000e+000,0.000000e+000,...
 2.902063e+003,2.908368e+003,1.054322e-004,0.000000e+000,...
 2.861384e+003,2.861384e+003,1.079721e-004,0.000000e+000;...
2.200000e+000,2.883874e+003,2.880574e+003,3.308001e+000,...
 1.968402e-002,0.000000e+000,0.000000e+000,...
 2.874360e+003,2.880579e+003,1.062782e-004,0.000000e+000,...
 2.830172e+003,2.830172e+003,1.087258e-004,0.000000e+000;...
2.200100e+000,3.287245e+003,3.283946e+003,3.309169e+000,...
 1.968470e-002,0.000000e+000,0.000000e+000,...
 2.874054e+003,2.880272e+003,1.062876e-004,0.000000e+000,...
 3.226410e+003,3.226410e+003,1.087352e-004,0.000000e+000;...
2.225400e+000,3.210337e+003,3.206625e+003,3.675908e+000,...
 1.991426e-002,0.000000e+000,0.000000e+000,...
 3.191563e+003,3.198389e+003,1.086836e-004,0.000000e+000,...
 3.149748e+003,3.149748e+003,1.108816e-004,0.000000e+000;...
2.321300e+000,2.925798e+003,2.921537e+003,4.208833e+000,...
 2.078231e-002,0.000000e+000,0.000000e+000,...
 2.881849e+003,2.887757e+003,1.179812e-004,0.000000e+000,...
 2.871728e+003,2.871728e+003,1.190091e-004,0.000000e+000;...
2.414900e+000,2.652394e+003,2.647927e+003,4.434471e+000,...
 2.162974e-002,0.000000e+000,0.000000e+000,...
 2.616287e+003,2.621443e+003,1.273630e-004,0.000000e+000,...
 2.604565e+003,2.604565e+003,1.269530e-004,0.000000e+000;...
2.425300e+000,2.622497e+003,2.618029e+003,4.447942e+000,...
 2.172390e-002,0.000000e+000,0.000000e+000,...
 2.588458e+003,2.593537e+003,1.284268e-004,0.000000e+000,...
 2.575377e+003,2.575377e+003,1.278355e-004,0.000000e+000;...
2.500000e+000,2.407787e+003,2.403182e+003,4.544987e+000,...
 2.235827e-002,0.000000e+000,0.000000e+000,...
 2.400249e+003,2.404817e+003,1.360967e-004,0.000000e+000,...
 2.365197e+003,2.365197e+003,1.369307e-004,0.000000e+000;...
2.645800e+000,2.108197e+003,2.103523e+003,4.655504e+000,...
 2.359058e-002,0.000000e+000,0.000000e+000,...
 2.084465e+003,2.088213e+003,1.514557e-004,0.000000e+000,...
 2.072071e+003,2.072071e+003,1.545906e-004,0.000000e+000;...
2.682600e+000,2.033213e+003,2.028540e+003,4.669112e+000,...
 2.390261e-002,0.000000e+000,0.000000e+000,...
 2.014027e+003,2.017599e+003,1.554541e-004,0.000000e+000,...
