 
function zr =z39(flag,e)

za = [8.000000e-001,6.352595e+003,6.348938e+003,3.595412e+000,...
 6.117214e-003,0.000000e+000,0.000000e+000,...
 3.839059e+003,3.857380e+003,2.181233e-005,0.000000e+000,...
 6.348736e+003,6.348736e+003,1.301662e-005,0.000000e+000;...
1.000000e+000,3.860869e+003,3.857346e+003,3.504375e+000,...
 8.406681e-003,0.000000e+000,0.000000e+000,...
 3.839059e+003,3.857380e+003,2.181233e-005,0.000000e+000,...
 3.857239e+003,3.857239e+003,2.181696e-005,0.000000e+000;...
1.100000e+000,3.074322e+003,3.070867e+003,3.406701e+000,...
 9.470132e-003,0.000000e+000,0.000000e+000,...
 3.069075e+003,3.082385e+003,2.686020e-005,0.000000e+000,...
 3.070852e+003,3.070852e+003,2.705913e-005,0.000000e+000;...
1.250000e+000,2.277140e+003,2.273888e+003,3.217786e+000,...
 1.109308e-002,0.000000e+000,0.000000e+000,...
 2.272950e+003,2.281619e+003,3.545809e-005,0.000000e+000,...
 2.273976e+003,2.273976e+003,3.532961e-005,0.000000e+000;...
1.400000e+000,1.750630e+003,1.747582e+003,3.002183e+000,...
 1.259749e-002,0.000000e+000,0.000000e+000,...
 1.742270e+003,1.748201e+003,4.476596e-005,0.000000e+000,...
 1.747595e+003,1.747595e+003,4.472237e-005,0.000000e+000;...
1.600000e+000,1.267945e+003,1.265303e+003,2.649957e+000,...
 1.454354e-002,0.000000e+000,0.000000e+000,...
 1.265153e+003,1.268920e+003,5.855198e-005,0.000000e+000,...
 1.265300e+003,1.265300e+003,5.905125e-005,0.000000e+000;...
1.800000e+000,9.475551e+002,9.453876e+002,2.148916e+000,...
 1.641237e-002,0.000000e+000,0.000000e+000,...
 9.470020e+002,9.495074e+002,7.376546e-005,0.000000e+000,...
 9.453769e+002,9.453769e+002,7.503170e-005,0.000000e+000;...
1.804600e+000,9.425427e+002,9.404429e+002,2.137265e+000,...
 1.645572e-002,0.000000e+000,0.000000e+000,...
 9.410764e+002,9.435598e+002,7.413558e-005,0.000000e+000,...
 9.404003e+002,9.404003e+002,7.540215e-005,0.000000e+000;...
1.960300e+000,7.752354e+002,7.737452e+002,1.497231e+000,...
 1.791407e-002,0.000000e+000,0.000000e+000,...
 7.677659e+002,7.696306e+002,8.719870e-005,0.000000e+000,...
 7.736816e+002,7.736816e+002,8.788916e-005,0.000000e+000;...
1.998300e+000,7.342553e+002,7.329683e+002,1.250334e+000,...
 1.827104e-002,0.000000e+000,0.000000e+000,...
 7.323533e+002,7.340981e+002,9.054437e-005,0.000000e+000,...
 7.329905e+002,7.329905e+002,9.094999e-005,0.000000e+000;...
2.000000e+000,7.324265e+002,7.312072e+002,1.234213e+000,...
 1.828662e-002,0.000000e+000,0.000000e+000,...
 7.308230e+002,7.325627e+002,9.069550e-005,0.000000e+000,...
 7.311815e+002,7.311815e+002,9.108302e-005,0.000000e+000;...
2.038600e+000,7.026227e+002,7.017421e+002,8.597696e-001,...
 1.864968e-002,0.000000e+000,0.000000e+000,...
 6.972565e+002,6.988846e+002,9.415988e-005,0.000000e+000,...
 7.017176e+002,7.017176e+002,9.419897e-005,0.000000e+000;...
2.051200e+000,6.928010e+002,6.921237e+002,6.906335e-001,...
 1.876754e-002,0.000000e+000,0.000000e+000,...
 6.867688e+002,6.883627e+002,9.530452e-005,0.000000e+000,...
 6.921163e+002,6.921163e+002,9.520975e-005,0.000000e+000;...
2.060900e+000,6.853501e+002,6.847405e+002,5.837398e-001,...
 1.885830e-002,0.000000e+000,0.000000e+000,...
 6.788456e+002,6.804136e+002,9.619034e-005,0.000000e+000,...
 6.847111e+002,6.847111e+002,9.597877e-005,0.000000e+000;...
2.074100e+000,6.753049e+002,6.746953e+002,5.934598e-001,...
 1.898226e-002,0.000000e+000,0.000000e+000,...
 6.682683e+002,6.698021e+002,9.740229e-005,0.000000e+000,...
 6.746571e+002,6.746571e+002,9.703799e-005,0.000000e+000;...
2.081500e+000,6.697641e+002,6.690326e+002,7.158312e-001,...
 1.905203e-002,0.000000e+000,0.000000e+000,...
 6.624395e+002,6.639544e+002,9.808481e-005,0.000000e+000,...
 6.690229e+002,6.690229e+002,9.764334e-005,0.000000e+000;...
2.081500e+000,2.600781e+003,2.600036e+003,7.158312e-001,...
 1.905203e-002,0.000000e+000,0.000000e+000,...
 2.588679e+003,2.594599e+003,9.809405e-005,0.000000e+000,...
 2.551218e+003,2.551218e+003,9.764334e-005,0.000000e+000;...
2.082700e+000,2.596717e+003,2.595972e+003,7.349327e-001,...
 1.906287e-002,0.000000e+000,0.000000e+000,...
 2.584597e+003,2.590504e+003,9.819575e-005,0.000000e+000,...
 2.547170e+003,2.547170e+003,9.773426e-005,0.000000e+000;...
2.096000e+000,2.550250e+003,2.549167e+003,1.083365e+000,...
 1.918818e-002,0.000000e+000,0.000000e+000,...
 2.535916e+003,2.541675e+003,9.942918e-005,0.000000e+000,...
 2.501755e+003,2.501755e+003,9.880513e-005,0.000000e+000;...
2.096600e+000,2.548083e+003,2.546999e+003,1.100638e+000,...
 1.919427e-002,0.000000e+000,0.000000e+000,...
 2.533748e+003,2.539501e+003,9.948501e-005,0.000000e+000,...
 2.499545e+003,2.499545e+003,9.886331e-005,0.000000e+000;...
2.115100e+000,2.483802e+003,2.482243e+003,1.488967e+000,...
 1.936700e-002,0.000000e+000,0.000000e+000,...
 2.468159e+003,2.473714e+003,1.012138e-004,0.000000e+000,...
 2.436423e+003,2.436423e+003,1.003461e-004,0.000000e+000;...
2.150800e+000,2.358626e+003,2.356865e+003,1.783008e+000,...
 1.968604e-002,0.000000e+000,0.000000e+000,...
 2.347856e+003,2.353052e+003,1.045015e-004,0.000000e+000,...
 2.314313e+003,2.314313e+003,1.040686e-004,0.000000e+000;...
2.159700e+000,2.329229e+003,2.327264e+003,1.947876e+000,...
 1.976461e-002,0.000000e+000,0.000000e+000,...
 2.320294e+003,2.325408e+003,1.053219e-004,0.000000e+000,...
 2.285401e+003,2.285401e+003,1.050592e-004,0.000000e+000;...
2.159700e+000,3.244880e+003,3.242916e+003,1.947876e+000,...
 1.976461e-002,0.000000e+000,0.000000e+000,...
 3.233626e+003,3.240753e+003,1.053311e-004,0.000000e+000,...
 3.175917e+003,3.175917e+003,1.050592e-004,0.000000e+000;...
2.175000e+000,3.190624e+003,3.188253e+003,2.314056e+000,...
 1.989873e-002,0.000000e+000,0.000000e+000,...
 3.180128e+003,3.187088e+003,1.067394e-004,0.000000e+000,...
 3.122918e+003,3.122918e+003,1.067687e-004,0.000000e+000;...
2.176900e+000,3.184053e+003,3.181683e+003,2.359777e+000,...
 1.991498e-002,0.000000e+000,0.000000e+000,...
 3.173454e+003,3.180393e+003,1.069160e-004,0.000000e+000,...
 3.116287e+003,3.116287e+003,1.069736e-004,0.000000e+000;...
2.200000e+000,3.103313e+003,3.100535e+003,2.754948e+000,...
 2.011819e-002,0.000000e+000,0.000000e+000,...
 3.093872e+003,3.100565e+003,1.090744e-004,0.000000e+000,...
 3.037694e+003,3.037694e+003,1.095628e-004,0.000000e+000;...
2.276900e+000,2.881139e+003,2.877956e+003,3.192859e+000,...
 2.079080e-002,0.000000e+000,0.000000e+000,...
 2.848394e+003,2.854347e+003,1.164066e-004,0.000000e+000,...
 2.821394e+003,2.821394e+003,1.181076e-004,0.000000e+000;...
2.345200e+000,2.683622e+003,2.680303e+003,3.283286e+000,...
 2.138756e-002,0.000000e+000,0.000000e+000,...
 2.652860e+003,2.658244e+003,1.231069e-004,0.000000e+000,...
 2.629214e+003,2.629214e+003,1.256977e-004,0.000000e+000;...
2.354900e+000,2.656189e+003,2.652802e+003,3.382655e+000,...
 2.147223e-002,0.000000e+000,0.000000e+000,...
 2.626645e+003,2.631953e+003,1.240727e-004,0.000000e+000,...
 2.602421e+003,2.602421e+003,1.267668e-004,0.000000e+000;...
2.354900e+000,3.025213e+003,3.021826e+003,3.382655e+000,...
 2.147223e-002,0.000000e+000,0.000000e+000,...
 2.994670e+003,3.000722e+003,1.240827e-004,0.000000e+000,...
 2.963024e+003,2.963024e+003,1.267668e-004,0.000000e+000;...
2.415400e+000,2.844765e+003,2.840701e+003,4.049039e+000,...
 2.200124e-002,0.000000e+000,0.000000e+000,...
 2.815895e+003,2.821443e+003,1.301781e-004,0.000000e+000,...
 2.786717e+003,2.786717e+003,1.334763e-004,0.000000e+000;...
2.500000e+000,2.593398e+003,2.589063e+003,4.331158e+000,...
 2.274159e-002,0.000000e+000,0.000000e+000,...
 2.585137e+003,2.590058e+003,1.389466e-004,0.000000e+000,...
 2.541508e+003,2.541508e+003,1.428508e-004,0.000000e+000;...
2.645800e+000,2.277614e+003,2.273008e+003,4.583948e+000,...
 2.400961e-002,0.000000e+000,0.000000e+000,...
 2.245646e+003,2.249685e+003,1.546897e-004,0.000000e+000,...
 2.233578e+003,2.233578e+003,1.589299e-004,0.000000e+000;...
2.671900e+000,2.221596e+003,2.216990e+003,4.613616e+000,...
 2.423720e-002,0.000000e+000,0.000000e+000,...
 2.191555e+003,2.195458e+003,1.575919e-004,0.000000e+000,...
