 
function zr =z4(flag,e)

za = [8.000000e-001,1.153691e+003,1.152956e+003,7.110584e-001,...
 1.433877e-002,0.000000e+000,0.000000e+000,...
 6.005673e+002,6.034333e+002,5.572633e-005,0.000000e+000,...
 1.152936e+003,1.152936e+003,3.133794e-005,0.000000e+000;...
1.000000e+000,6.041089e+002,6.034341e+002,6.532034e-001,...
 2.093349e-002,0.000000e+000,0.000000e+000,...
 6.005673e+002,6.034333e+002,5.572633e-005,0.000000e+000,...
 6.034091e+002,6.034091e+002,5.568182e-005,0.000000e+000;...
1.100000e+000,4.536246e+002,4.529764e+002,6.266549e-001,...
 2.426192e-002,0.000000e+000,0.000000e+000,...
 4.510193e+002,4.529751e+002,7.027879e-005,0.000000e+000,...
 4.529614e+002,4.529614e+002,7.131543e-005,0.000000e+000;...
1.235400e+000,3.213094e+002,3.206879e+002,5.921410e-001,...
 2.903772e-002,0.000000e+000,0.000000e+000,...
 3.181982e+002,3.194262e+002,9.322903e-005,0.000000e+000,...
 3.206806e+002,3.206762e+002,9.424362e-005,0.000000e+000;...
1.250000e+000,3.089472e+002,3.083258e+002,5.884858e-001,...
 2.951350e-002,0.000000e+000,0.000000e+000,...
 3.071593e+002,3.083307e+002,9.593393e-005,0.000000e+000,...
 3.083203e+002,3.083203e+002,9.703896e-005,0.000000e+000;...
1.400000e+000,2.198260e+002,2.192380e+002,5.528360e-001,...
 3.451516e-002,0.000000e+000,0.000000e+000,...
 2.184937e+002,2.192374e+002,1.238433e-004,0.000000e+000,...
 2.192332e+002,2.192332e+002,1.266891e-004,0.000000e+000;...
1.582000e+000,1.529166e+002,1.523620e+002,5.132971e-001,...
 4.049445e-002,0.000000e+000,0.000000e+000,...
 1.513179e+002,1.517735e+002,1.626016e-004,0.000000e+000,...
 1.523600e+002,1.523600e+002,1.657855e-004,0.000000e+000;...
1.600000e+000,1.472434e+002,1.466888e+002,5.094816e-001,...
 4.104773e-002,0.000000e+000,0.000000e+000,...
 1.462581e+002,1.466934e+002,1.664095e-004,0.000000e+000,...
 1.466856e+002,1.466856e+002,1.698187e-004,0.000000e+000;...
1.785100e+000,1.058870e+002,1.053657e+002,4.727760e-001,...
 4.685929e-002,0.000000e+000,0.000000e+000,...
 1.049133e+002,1.051930e+002,2.081869e-004,0.000000e+000,...
 1.053605e+002,1.053605e+002,2.123640e-004,0.000000e+000;...
1.800000e+000,1.030203e+002,1.025057e+002,4.698692e-001,...
 4.726691e-002,0.000000e+000,0.000000e+000,...
 1.022355e+002,1.025058e+002,2.117579e-004,0.000000e+000,...
 1.025012e+002,1.025012e+002,2.160113e-004,0.000000e+000;...
2.000000e+000,7.432668e+001,7.383887e+001,4.340456e-001,...
 5.275036e-002,0.000000e+000,0.000000e+000,...
 7.366618e+001,7.384129e+001,2.606388e-004,0.000000e+000,...
 7.383928e+001,7.383657e+001,2.651407e-004,0.000000e+000;...
2.200000e+000,5.534307e+001,5.488334e+001,4.024987e-001,...
 5.774668e-002,0.000000e+000,0.000000e+000,...
 5.476487e+001,5.488305e+001,3.105118e-004,0.000000e+000,...
 5.488243e+001,5.488243e+001,3.157222e-004,0.000000e+000;...
2.345200e+000,4.542260e+001,4.498024e+001,3.818439e-001,...
 6.100628e-002,0.000000e+000,0.000000e+000,...
 4.488996e+001,4.498071e+001,3.491760e-004,0.000000e+000,...
 4.497997e+001,4.497766e+001,3.527745e-004,0.000000e+000;...
2.500000e+000,3.729030e+001,3.686464e+001,3.616768e-001,...
 6.448172e-002,0.000000e+000,0.000000e+000,...
 3.679459e+001,3.686424e+001,3.878477e-004,0.000000e+000,...
 3.686364e+001,3.686364e+001,3.919264e-004,0.000000e+000;...
2.800000e+000,2.630268e+001,2.590508e+001,3.277110e-001,...
 7.005005e-002,0.000000e+000,0.000000e+000,...
 2.586148e+001,2.590496e+001,4.672385e-004,0.000000e+000,...
 2.590445e+001,2.590445e+001,4.702188e-004,0.000000e+000;...
3.065700e+000,1.999062e+001,1.961374e+001,3.025857e-001,...
 7.450042e-002,0.000000e+000,0.000000e+000,...
 1.946462e+001,1.949428e+001,5.422949e-004,0.000000e+000,...
 1.961375e+001,1.961375e+001,5.388662e-004,0.000000e+000;...
3.200000e+000,1.735514e+001,1.698762e+001,2.913395e-001,...
 7.629795e-002,0.000000e+000,0.000000e+000,...
 1.696346e+001,1.698809e+001,5.762211e-004,0.000000e+000,...
 1.698796e+001,1.698796e+001,5.766538e-004,0.000000e+000;...
3.500000e+000,1.309120e+001,1.274172e+001,2.691811e-001,...
 8.018034e-002,0.000000e+000,0.000000e+000,...
 1.272531e+001,1.274195e+001,6.541397e-004,0.000000e+000,...
 1.274196e+001,1.274134e+001,6.569728e-004,0.000000e+000;...
3.763400e+000,1.045304e+001,1.011693e+001,2.525690e-001,...
 8.342791e-002,0.000000e+000,0.000000e+000,...
 1.008274e+001,1.009476e+001,7.248873e-004,0.000000e+000,...
 1.011738e+001,1.011666e+001,7.232166e-004,0.000000e+000;...
4.000000e+000,8.626118e+000,8.300024e+000,2.394785e-001,...
 8.634137e-002,0.000000e+000,0.000000e+000,...
 8.291522e+000,8.300588e+000,7.902190e-004,0.000000e+000,...
 8.300865e+000,8.300054e+000,7.807359e-004,0.000000e+000;...
4.500000e+000,5.994915e+000,5.687665e+000,2.162644e-001,...
 9.097217e-002,0.000000e+000,0.000000e+000,...
 5.682589e+000,5.687658e+000,9.335645e-004,0.000000e+000,...
 5.688432e+000,5.687470e+000,9.588745e-004,0.000000e+000;...
5.000000e+000,4.348542e+000,4.055792e+000,1.974472e-001,...
 9.532231e-002,0.000000e+000,0.000000e+000,...
 4.052993e+000,4.055769e+000,1.076422e-003,0.000000e+000,...
 4.056818e+000,4.055627e+000,1.118939e-003,0.000000e+000;...
5.500000e+000,3.268022e+000,2.986900e+000,1.816904e-001,...
 9.944526e-002,0.000000e+000,0.000000e+000,...
 2.985554e+000,2.986910e+000,1.223229e-003,0.000000e+000,...
 2.988095e+000,2.986816e+000,1.264856e-003,0.000000e+000;...
6.193100e+000,2.311391e+000,2.043232e+000,1.633944e-001,...
 1.047911e-001,0.000000e+000,0.000000e+000,...
 2.035183e+000,2.035310e+000,1.434339e-003,0.000000e+000,...
 2.044588e+000,2.043190e+000,1.447900e-003,0.000000e+000;...
6.300000e+000,2.190242e+000,1.923820e+000,1.608217e-001,...
 1.056197e-001,0.000000e+000,0.000000e+000,...
 1.923781e+000,1.923764e+000,1.467648e-003,0.000000e+000,...
 1.925205e+000,1.923744e+000,1.474954e-003,0.000000e+000;...
7.000000e+000,1.615702e+000,1.359704e+000,1.455728e-001,...
 1.104242e-001,0.000000e+000,0.000000e+000,...
 1.360484e+000,1.359720e+000,1.686734e-003,0.000000e+000,...
 1.361395e+000,1.359694e+000,1.683287e-003,0.000000e+000;...
8.000000e+000,1.119277e+000,8.759095e-001,1.271298e-001,...
 1.162177e-001,0.000000e+000,0.000000e+000,...
 8.773775e-001,8.758962e-001,2.001242e-003,0.000000e+000,...
 8.779761e-001,8.758792e-001,2.051068e-003,0.000000e+000;...
9.000000e+000,8.274632e-001,5.942660e-001,1.116471e-001,...
 1.215702e-001,0.000000e+000,0.000000e+000,...
 5.962805e-001,5.942671e-001,2.326994e-003,0.000000e+000,...
 5.966210e-001,5.942460e-001,2.372836e-003,0.000000e+000;...
1.000000e+001,6.450845e-001,4.200263e-001,9.848302e-002,...
 1.265752e-001,0.000000e+000,0.000000e+000,...
 4.224927e-001,4.200291e-001,2.663072e-003,0.000000e+000,...
 4.226732e-001,4.200162e-001,2.659903e-003,0.000000e+000;...
1.100000e+001,5.242694e-001,3.068623e-001,8.723011e-002,...
 1.301769e-001,0.000000e+000,0.000000e+000,...
 3.096978e-001,3.068686e-001,2.961658e-003,0.000000e+000,...
 3.098878e-001,3.068575e-001,3.033009e-003,0.000000e+000;...
1.167800e+001,4.655190e-001,2.524822e-001,8.059464e-002,...
 1.324422e-001,0.000000e+000,0.000000e+000,...
 2.550637e-001,2.520003e-001,3.165900e-003,0.000000e+000,...
 2.557349e-001,2.524727e-001,3.261395e-003,0.000000e+000;...
1.250000e+001,4.099495e-001,2.014231e-001,7.334439e-002,...
 1.351819e-001,0.000000e+000,0.000000e+000,...
 2.047580e-001,2.014216e-001,3.412970e-003,0.000000e+000,...
 2.049394e-001,2.014199e-001,3.520130e-003,0.000000e+000;...
1.355400e+001,3.576608e-001,1.542798e-001,6.541791e-002,...
 1.379618e-001,0.000000e+000,0.000000e+000,...
 1.579600e-001,1.542818e-001,3.732259e-003,0.000000e+000,...
 1.581097e-001,1.542771e-001,3.833671e-003,0.000000e+000;...
1.400000e+001,3.399863e-001,1.384162e-001,6.242626e-002,...
 1.391378e-001,0.000000e+000,0.000000e+000,...
 1.422321e-001,1.384213e-001,3.857733e-003,0.000000e+000,...
 1.424126e-001,1.384160e-001,3.998531e-003,0.000000e+000;...
1.558900e+001,2.927762e-001,9.732699e-002,5.330098e-002,...
 1.421515e-001,0.000000e+000,0.000000e+000,...
 1.008280e-001,9.655200e-002,4.305431e-003,0.000000e+000,...
