 
function zr =z40(flag,e)

za = [8.000000e-001,6.902708e+003,6.898747e+003,3.795499e+000,...
 5.838650e-003,0.000000e+000,0.000000e+000,...
 4.183182e+003,4.203146e+003,2.114739e-005,0.000000e+000,...
 6.898632e+003,6.898632e+003,1.244140e-005,0.000000e+000;...
1.000000e+000,4.206849e+003,4.203152e+003,3.727634e+000,...
 8.108173e-003,0.000000e+000,0.000000e+000,...
 4.183182e+003,4.203146e+003,2.114739e-005,0.000000e+000,...
 4.203043e+003,4.203043e+003,2.112665e-005,0.000000e+000;...
1.100000e+000,3.352131e+003,3.348500e+003,3.646631e+000,...
 9.179624e-003,0.000000e+000,0.000000e+000,...
 3.346493e+003,3.361006e+003,2.616814e-005,0.000000e+000,...
 3.348518e+003,3.348518e+003,2.636308e-005,0.000000e+000;...
1.250000e+000,2.485265e+003,2.481766e+003,3.472479e+000,...
 1.082542e-002,0.000000e+000,0.000000e+000,...
 2.480703e+003,2.490165e+003,3.476734e-005,0.000000e+000,...
 2.481771e+003,2.481771e+003,3.468921e-005,0.000000e+000;...
1.400000e+000,1.911976e+003,1.908675e+003,3.275750e+000,...
 1.235767e-002,0.000000e+000,0.000000e+000,...
 1.902902e+003,1.909380e+003,4.411255e-005,0.000000e+000,...
 1.908678e+003,1.908678e+003,4.414497e-005,0.000000e+000;...
1.600000e+000,1.386483e+003,1.383446e+003,2.965867e+000,...
 1.433553e-002,0.000000e+000,0.000000e+000,...
 1.382893e+003,1.387011e+003,5.795923e-005,0.000000e+000,...
 1.383435e+003,1.383435e+003,5.851714e-005,0.000000e+000;...
1.800000e+000,1.037915e+003,1.035340e+003,2.558082e+000,...
 1.622625e-002,0.000000e+000,0.000000e+000,...
 1.036065e+003,1.038806e+003,7.321933e-005,0.000000e+000,...
 1.035284e+003,1.035284e+003,7.448509e-005,0.000000e+000;...
2.000000e+000,8.040836e+002,8.021031e+002,1.970995e+000,...
 1.812753e-002,0.000000e+000,0.000000e+000,...
 8.001984e+002,8.021031e+002,9.024513e-005,0.000000e+000,...
 8.021058e+002,8.021058e+002,9.058561e-005,0.000000e+000;...
2.093100e+000,7.253257e+002,7.237413e+002,1.583213e+000,...
 1.901678e-002,0.000000e+000,0.000000e+000,...
 7.152549e+002,7.168816e+002,9.877228e-005,0.000000e+000,...
 7.237487e+002,7.237487e+002,9.812957e-005,0.000000e+000;...
2.152600e+000,6.749549e+002,6.737006e+002,1.192526e+000,...
 1.956141e-002,0.000000e+000,0.000000e+000,...
 6.674750e+002,6.689509e+002,1.042967e-004,0.000000e+000,...
 6.737039e+002,6.737039e+002,1.038286e-004,0.000000e+000;...
2.174500e+000,6.563316e+002,6.553281e+002,9.794240e-001,...
 1.975286e-002,0.000000e+000,0.000000e+000,...
 6.510162e+002,6.524412e+002,1.063177e-004,0.000000e+000,...
 6.552984e+002,6.552984e+002,1.062606e-004,0.000000e+000;...
2.190300e+000,6.427784e+002,6.419796e+002,7.791953e-001,...
 1.989150e-002,0.000000e+000,0.000000e+000,...
 6.394938e+002,6.408835e+002,1.077873e-004,0.000000e+000,...
 6.419749e+002,6.419749e+002,1.080344e-004,0.000000e+000;...
2.199700e+000,6.347441e+002,6.340576e+002,6.643922e-001,...
 1.997402e-002,0.000000e+000,0.000000e+000,...
 6.327743e+002,6.341434e+002,1.086660e-004,0.000000e+000,...
 6.340536e+002,6.340536e+002,1.090820e-004,0.000000e+000;...
2.200000e+000,6.345131e+002,6.338331e+002,6.619496e-001,...
 1.997666e-002,0.000000e+000,0.000000e+000,...
 6.325615e+002,6.339300e+002,1.086941e-004,0.000000e+000,...
 6.338275e+002,6.338275e+002,1.091091e-004,0.000000e+000;...
2.217400e+000,6.235279e+002,6.228611e+002,6.426200e-001,...
 2.012850e-002,0.000000e+000,0.000000e+000,...
 6.203882e+002,6.217198e+002,1.103298e-004,0.000000e+000,...
 6.228580e+002,6.228580e+002,1.110464e-004,0.000000e+000;...
2.224800e+000,6.189727e+002,6.182003e+002,7.545711e-001,...
 2.019319e-002,0.000000e+000,0.000000e+000,...
 6.153102e+002,6.166266e+002,1.110289e-004,0.000000e+000,...
 6.181954e+002,6.181954e+002,1.118653e-004,0.000000e+000;...
2.224800e+000,2.362342e+003,2.361550e+003,7.545711e-001,...
 2.019319e-002,0.000000e+000,0.000000e+000,...
 2.354640e+003,2.359677e+003,1.110383e-004,0.000000e+000,...
 2.313647e+003,2.313647e+003,1.118653e-004,0.000000e+000;...
2.225700e+000,2.359503e+003,2.358711e+003,7.689627e-001,...
 2.020111e-002,0.000000e+000,0.000000e+000,...
 2.352082e+003,2.357112e+003,1.111140e-004,0.000000e+000,...
 2.310916e+003,2.310916e+003,1.119720e-004,0.000000e+000;...
2.240000e+000,2.317517e+003,2.316395e+003,1.116277e+000,...
 2.032589e-002,0.000000e+000,0.000000e+000,...
 2.306964e+003,2.311866e+003,1.124716e-004,0.000000e+000,...
 2.269745e+003,2.269745e+003,1.135627e-004,0.000000e+000;...
2.242500e+000,2.310255e+003,2.309001e+003,1.181699e+000,...
 2.034767e-002,0.000000e+000,0.000000e+000,...
 2.299158e+003,2.304038e+003,1.127098e-004,0.000000e+000,...
 2.262691e+003,2.262691e+003,1.138405e-004,0.000000e+000;...
2.262900e+000,2.250774e+003,2.249189e+003,1.565718e+000,...
 2.052526e-002,0.000000e+000,0.000000e+000,...
 2.236768e+003,2.241472e+003,1.146615e-004,0.000000e+000,...
 2.204460e+003,2.204460e+003,1.160882e-004,0.000000e+000;...
2.302700e+000,2.133990e+003,2.132142e+003,1.838236e+000,...
 2.087251e-002,0.000000e+000,0.000000e+000,...
 2.121376e+003,2.125760e+003,1.185152e-004,0.000000e+000,...
 2.090664e+003,2.090664e+003,1.205097e-004,0.000000e+000;...
2.312200e+000,2.108376e+003,2.106329e+003,2.000240e+000,...
 2.095569e-002,0.000000e+000,0.000000e+000,...
 2.096344e+003,2.100659e+003,1.194439e-004,0.000000e+000,...
 2.065522e+003,2.065522e+003,1.215701e-004,0.000000e+000;...
2.312200e+000,2.935103e+003,2.933057e+003,2.000240e+000,...
 2.095569e-002,0.000000e+000,0.000000e+000,...
 2.921114e+003,2.927127e+003,1.194536e-004,0.000000e+000,...
 2.867347e+003,2.867347e+003,1.215701e-004,0.000000e+000;...
2.312800e+000,2.933453e+003,2.931406e+003,2.010473e+000,...
 2.096097e-002,0.000000e+000,0.000000e+000,...
 2.919593e+003,2.925601e+003,1.195026e-004,0.000000e+000,...
 2.865739e+003,2.865739e+003,1.216449e-004,0.000000e+000;...
2.336400e+000,2.869219e+003,2.866644e+003,2.537022e+000,...
 2.116694e-002,0.000000e+000,0.000000e+000,...
 2.849071e+003,2.854875e+003,1.218254e-004,0.000000e+000,...
 2.803044e+003,2.803044e+003,1.242581e-004,0.000000e+000;...
2.366400e+000,2.787358e+003,2.784387e+003,2.921504e+000,...
 2.142903e-002,0.000000e+000,0.000000e+000,...
 2.762875e+003,2.768432e+003,1.248083e-004,0.000000e+000,...
 2.723535e+003,2.723535e+003,1.275932e-004,0.000000e+000;...
2.431300e+000,2.613140e+003,2.609905e+003,3.227953e+000,...
 2.199545e-002,0.000000e+000,0.000000e+000,...
 2.588614e+003,2.593681e+003,1.313779e-004,0.000000e+000,...
 2.554236e+003,2.554236e+003,1.347765e-004,0.000000e+000;...
2.500000e+000,2.428491e+003,2.425190e+003,3.303674e+000,...
 2.259488e-002,0.000000e+000,0.000000e+000,...
 2.420624e+003,2.425232e+003,1.385050e-004,0.000000e+000,...
 2.374915e+003,2.374915e+003,1.423855e-004,0.000000e+000;...
2.514600e+000,2.397001e+003,2.393502e+003,3.429569e+000,...
 2.272164e-002,0.000000e+000,0.000000e+000,...
 2.386919e+003,2.391436e+003,1.400426e-004,0.000000e+000,...
 2.344195e+003,2.344195e+003,1.439977e-004,0.000000e+000;...
2.514600e+000,2.732696e+003,2.729263e+003,3.429569e+000,...
 2.272164e-002,0.000000e+000,0.000000e+000,...
 2.721803e+003,2.726954e+003,1.400532e-004,0.000000e+000,...
 2.671640e+003,2.671640e+003,1.439977e-004,0.000000e+000;...
2.542800e+000,2.668066e+003,2.664237e+003,3.775034e+000,...
 2.296656e-002,0.000000e+000,0.000000e+000,...
 2.651472e+003,2.656434e+003,1.430353e-004,0.000000e+000,...
 2.608705e+003,2.608705e+003,1.471035e-004,0.000000e+000;...
2.645800e+000,2.435951e+003,2.431660e+003,4.297292e+000,...
 2.386108e-002,0.000000e+000,0.000000e+000,...
 2.402935e+003,2.407256e+003,1.542195e-004,0.000000e+000,...
 2.382829e+003,2.382829e+003,1.584505e-004,0.000000e+000;...
2.759700e+000,2.182116e+003,2.177562e+003,4.524852e+000,...
 2.485133e-002,0.000000e+000,0.000000e+000,...
 2.164552e+003,2.168283e+003,1.670496e-004,0.000000e+000,...
 2.135719e+003,2.135719e+003,1.710035e-004,0.000000e+000;...
2.800000e+000,2.094975e+003,2.090353e+003,4.591991e+000,...
 2.520122e-002,0.000000e+000,0.000000e+000,...
 2.087220e+003,2.090767e+003,1.717049e-004,0.000000e+000,...
