 
function zr =z41(flag,e)

za = [8.000000e-001,7.529339e+003,7.524801e+003,4.011175e+000,...
 4.859586e-003,0.000000e+000,0.000000e+000,...
 4.570366e+003,4.592177e+003,1.797424e-005,0.000000e+000,...
 7.524650e+003,7.524650e+003,1.037398e-005,0.000000e+000;...
1.000000e+000,4.596228e+003,4.592209e+003,3.991470e+000,...
 6.844854e-003,0.000000e+000,0.000000e+000,...
 4.570366e+003,4.592177e+003,1.797424e-005,0.000000e+000,...
 4.591949e+003,4.591949e+003,1.795566e-005,0.000000e+000;...
1.100000e+000,3.667830e+003,3.663876e+003,3.923475e+000,...
 7.835931e-003,0.000000e+000,0.000000e+000,...
 3.661167e+003,3.677044e+003,2.243844e-005,0.000000e+000,...
 3.663838e+003,3.663838e+003,2.258089e-005,0.000000e+000;...
1.250000e+000,2.724200e+003,2.720440e+003,3.767781e+000,...
 9.303426e-003,0.000000e+000,0.000000e+000,...
 2.718877e+003,2.729248e+003,3.007827e-005,0.000000e+000,...
 2.720374e+003,2.720374e+003,3.049615e-005,0.000000e+000;...
1.400000e+000,2.093384e+003,2.089754e+003,3.600743e+000,...
 1.077676e-002,0.000000e+000,0.000000e+000,...
 2.083557e+003,2.090650e+003,3.869860e-005,0.000000e+000,...
 2.089765e+003,2.089765e+003,3.915820e-005,0.000000e+000;...
1.600000e+000,1.514553e+003,1.511248e+003,3.317031e+000,...
 1.271807e-002,0.000000e+000,0.000000e+000,...
 1.510381e+003,1.514878e+003,5.175338e-005,0.000000e+000,...
 1.511231e+003,1.511231e+003,5.248615e-005,0.000000e+000;...
1.800000e+000,1.138087e+003,1.135105e+003,2.950611e+000,...
 1.458485e-002,0.000000e+000,0.000000e+000,...
 1.135750e+003,1.138755e+003,6.623424e-005,0.000000e+000,...
 1.135097e+003,1.135097e+003,6.783353e-005,0.000000e+000;...
2.000000e+000,8.847103e+002,8.821823e+002,2.514641e+000,...
 1.648534e-002,0.000000e+000,0.000000e+000,...
 8.800809e+002,8.821759e+002,8.258963e-005,0.000000e+000,...
 8.821470e+002,8.821470e+002,8.358809e-005,0.000000e+000;...
2.123700e+000,7.676477e+002,7.655087e+002,2.130201e+000,...
 1.767606e-002,0.000000e+000,0.000000e+000,...
 7.569814e+002,7.586781e+002,9.355232e-005,0.000000e+000,...
 7.654350e+002,7.654350e+002,9.351043e-005,0.000000e+000;...
2.200000e+000,6.953101e+002,6.934303e+002,1.827563e+000,...
 1.835341e-002,0.000000e+000,0.000000e+000,...
 6.927799e+002,6.942787e+002,1.004917e-004,0.000000e+000,...
 6.934338e+002,6.934338e+002,1.012783e-004,0.000000e+000;...
2.251000e+000,6.609562e+002,6.593357e+002,1.579891e+000,...
 1.880844e-002,0.000000e+000,0.000000e+000,...
 6.540408e+002,6.554236e+002,1.051977e-004,0.000000e+000,...
 6.593206e+002,6.593206e+002,1.064897e-004,0.000000e+000;...
2.313800e+000,6.184610e+002,6.173526e+002,1.089148e+000,...
 1.936912e-002,0.000000e+000,0.000000e+000,...
 6.103769e+002,6.116323e+002,1.111404e-004,0.000000e+000,...
 6.173199e+002,6.173199e+002,1.129240e-004,0.000000e+000;...
2.330000e+000,6.074159e+002,6.065084e+002,8.893124e-001,...
 1.951366e-002,0.000000e+000,0.000000e+000,...
 5.997767e+002,6.010016e+002,1.126998e-004,0.000000e+000,...
 6.064673e+002,6.064673e+002,1.145928e-004,0.000000e+000;...
2.342400e+000,5.989571e+002,5.982052e+002,7.352384e-001,...
 1.962451e-002,0.000000e+000,0.000000e+000,...
 5.918359e+002,5.930383e+002,1.139008e-004,0.000000e+000,...
 5.982256e+002,5.982256e+002,1.158642e-004,0.000000e+000;...
2.359400e+000,5.884824e+002,5.877888e+002,6.770312e-001,...
 1.977618e-002,0.000000e+000,0.000000e+000,...
 5.811864e+002,5.823586e+002,1.155575e-004,0.000000e+000,...
 5.877333e+002,5.877333e+002,1.176159e-004,0.000000e+000;...
2.369100e+000,5.827654e+002,5.819422e+002,8.034924e-001,...
 1.986239e-002,0.000000e+000,0.000000e+000,...
 5.752292e+002,5.763846e+002,1.165085e-004,0.000000e+000,...
 5.819283e+002,5.819283e+002,1.186070e-004,0.000000e+000;...
2.369100e+000,2.174861e+003,2.174019e+003,8.034924e-001,...
 1.986239e-002,0.000000e+000,0.000000e+000,...
 2.163895e+003,2.168241e+003,1.165183e-004,0.000000e+000,...
 2.125479e+003,2.125479e+003,1.186070e-004,0.000000e+000;...
2.369900e+000,2.172787e+003,2.171945e+003,8.144468e-001,...
 1.987017e-002,0.000000e+000,0.000000e+000,...
 2.162056e+003,2.166398e+003,1.165870e-004,0.000000e+000,...
 2.123531e+003,2.123531e+003,1.186950e-004,0.000000e+000;...
2.386000e+000,2.133896e+003,2.132665e+003,1.186182e+000,...
 2.001342e-002,0.000000e+000,0.000000e+000,...
 2.120353e+003,2.124582e+003,1.181740e-004,0.000000e+000,...
 2.085483e+003,2.085483e+003,1.203393e-004,0.000000e+000;...
2.394600e+000,2.113154e+003,2.111793e+003,1.390102e+000,...
 2.008990e-002,0.000000e+000,0.000000e+000,...
 2.098505e+003,2.102676e+003,1.190264e-004,0.000000e+000,...
 2.065178e+003,2.065178e+003,1.212228e-004,0.000000e+000;...
2.434500e+000,2.016056e+003,2.014241e+003,1.769680e+000,...
 2.044641e-002,0.000000e+000,0.000000e+000,...
 2.001020e+003,2.004931e+003,1.230197e-004,0.000000e+000,...
 1.970603e+003,1.970603e+003,1.253327e-004,0.000000e+000;...
2.466600e+000,1.938014e+003,1.935940e+003,2.078346e+000,...
 2.073291e-002,0.000000e+000,0.000000e+000,...
 1.926972e+003,1.930690e+003,1.262806e-004,0.000000e+000,...
 1.894624e+003,1.894624e+003,1.286357e-004,0.000000e+000;...
2.466600e+000,2.693346e+003,2.691272e+003,2.078346e+000,...
 2.073291e-002,0.000000e+000,0.000000e+000,...
 2.680603e+003,2.685774e+003,1.262908e-004,0.000000e+000,...
 2.624657e+003,2.624657e+003,1.286357e-004,0.000000e+000;...
2.466900e+000,2.692374e+003,2.690300e+003,2.082948e+000,...
 2.073550e-002,0.000000e+000,0.000000e+000,...
 2.679997e+003,2.685167e+003,1.263113e-004,0.000000e+000,...
 2.623723e+003,2.623723e+003,1.286627e-004,0.000000e+000;...
2.484000e+000,2.637991e+003,2.635528e+003,2.438998e+000,...
 2.088782e-002,0.000000e+000,0.000000e+000,...
 2.628936e+003,2.633972e+003,1.280657e-004,0.000000e+000,...
 2.570759e+003,2.570759e+003,1.304216e-004,0.000000e+000;...
2.500000e+000,2.595924e+003,2.593201e+003,2.717718e+000,...
 2.103042e-002,0.000000e+000,0.000000e+000,...
 2.588276e+003,2.593203e+003,1.297185e-004,0.000000e+000,...
 2.529895e+003,2.529895e+003,1.320700e-004,0.000000e+000;...
2.580800e+000,2.420783e+003,2.417478e+003,3.254416e+000,...
 2.175769e-002,0.000000e+000,0.000000e+000,...
 2.395920e+003,2.400337e+003,1.382260e-004,0.000000e+000,...
 2.360353e+003,2.360353e+003,1.404456e-004,0.000000e+000;...
2.673500e+000,2.219521e+003,2.216021e+003,3.453410e+000,...
 2.259126e-002,0.000000e+000,0.000000e+000,...
 2.199194e+003,2.203107e+003,1.483189e-004,0.000000e+000,...
 2.165469e+003,2.165469e+003,1.500618e-004,0.000000e+000;...
2.676300e+000,2.213493e+003,2.209993e+003,3.484782e+000,...
 2.261589e-002,0.000000e+000,0.000000e+000,...
 2.193609e+003,2.197509e+003,1.486293e-004,0.000000e+000,...
 2.159628e+003,2.159628e+003,1.503495e-004,0.000000e+000;...
2.676300e+000,2.526114e+003,2.522614e+003,3.484782e+000,...
 2.261589e-002,0.000000e+000,0.000000e+000,...
 2.505473e+003,2.509927e+003,1.486404e-004,0.000000e+000,...
 2.463693e+003,2.463693e+003,1.503495e-004,0.000000e+000;...
2.733200e+000,2.398032e+003,2.393948e+003,4.066076e+000,...
 2.312731e-002,0.000000e+000,0.000000e+000,...
 2.380952e+003,2.385097e+003,1.550068e-004,0.000000e+000,...
 2.339187e+003,2.339187e+003,1.562617e-004,0.000000e+000;...
2.800000e+000,2.249273e+003,2.244930e+003,4.331120e+000,...
 2.372883e-002,0.000000e+000,0.000000e+000,...
 2.241869e+003,2.245678e+003,1.625966e-004,0.000000e+000,...
 2.194824e+003,2.194824e+003,1.632189e-004,0.000000e+000;...
2.832700e+000,2.192233e+003,2.187760e+003,4.418042e+000,...
 2.401597e-002,0.000000e+000,0.000000e+000,...
 2.177912e+003,2.181570e+003,1.662920e-004,0.000000e+000,...
 2.139500e+003,2.139500e+003,1.669492e-004,0.000000e+000;...
2.993300e+000,1.912022e+003,1.907290e+003,4.667658e+000,...
 2.535059e-002,0.000000e+000,0.000000e+000,...
 1.898182e+003,1.901199e+003,1.849428e-004,0.000000e+000,...
 1.867414e+003,1.867414e+003,1.882852e-004,0.000000e+000;...
3.042600e+000,1.839943e+003,1.835211e+003,4.726579e+000,...
 2.576024e-002,0.000000e+000,0.000000e+000,...
 1.821845e+003,1.824693e+003,1.908144e-004,0.000000e+000,...
