 
function zr =z44(flag,e)

za = [8.000000e-001,9.174589e+003,9.170443e+003,4.351505e+000,...
 4.013690e-003,0.000000e+000,0.000000e+000,...
 5.648079e+003,5.675034e+003,1.525402e-005,0.000000e+000,...
 9.169924e+003,9.169924e+003,8.616842e-006,0.000000e+000;...
1.000000e+000,5.679493e+003,5.675052e+003,4.460399e+000,...
 5.763222e-003,0.000000e+000,0.000000e+000,...
 5.648079e+003,5.675034e+003,1.525402e-005,0.000000e+000,...
 5.674698e+003,5.674698e+003,1.523932e-005,0.000000e+000;...
1.100000e+000,4.546851e+003,4.542410e+003,4.432154e+000,...
 6.660370e-003,0.000000e+000,0.000000e+000,...
 4.538312e+003,4.557993e+003,1.917978e-005,0.000000e+000,...
 4.541938e+003,4.541938e+003,1.935096e-005,0.000000e+000;...
1.250000e+000,3.390761e+003,3.386438e+003,4.337471e+000,...
 8.012221e-003,0.000000e+000,0.000000e+000,...
 3.384088e+003,3.396996e+003,2.607608e-005,0.000000e+000,...
 3.386108e+003,3.386108e+003,2.653215e-005,0.000000e+000;...
1.400000e+000,2.610145e+003,2.605941e+003,4.220701e+000,...
 9.391903e-003,0.000000e+000,0.000000e+000,...
 2.598212e+003,2.607057e+003,3.389349e-005,0.000000e+000,...
 2.605733e+003,2.605733e+003,3.454357e-005,0.000000e+000;...
1.600000e+000,1.888684e+003,1.884657e+003,4.011440e+000,...
 1.124470e-002,0.000000e+000,0.000000e+000,...
 1.883587e+003,1.889196e+003,4.606697e-005,0.000000e+000,...
 1.884519e+003,1.884519e+003,4.671032e-005,0.000000e+000;...
1.800000e+000,1.423441e+003,1.419651e+003,3.750070e+000,...
 1.306790e-002,0.000000e+000,0.000000e+000,...
 1.420483e+003,1.424241e+003,5.980341e-005,0.000000e+000,...
 1.419599e+003,1.419599e+003,6.052467e-005,0.000000e+000;...
2.000000e+000,1.109667e+003,1.106233e+003,3.447369e+000,...
 1.487570e-002,0.000000e+000,0.000000e+000,...
 1.103564e+003,1.106191e+003,7.509426e-005,0.000000e+000,...
 1.106164e+003,1.106164e+003,7.613215e-005,0.000000e+000;...
2.200000e+000,8.745288e+002,8.713905e+002,3.116009e+000,...
 1.661895e-002,0.000000e+000,0.000000e+000,...
 8.717515e+002,8.736375e+002,9.168578e-005,0.000000e+000,...
 8.713648e+002,8.713648e+002,9.381364e-005,0.000000e+000;...
2.414300e+000,7.018021e+002,6.991375e+002,2.683748e+000,...
 1.852208e-002,0.000000e+000,0.000000e+000,...
 6.926487e+002,6.940140e+002,1.113915e-004,0.000000e+000,...
 6.990646e+002,6.990646e+002,1.132188e-004,0.000000e+000;...
2.500000e+000,6.382065e+002,6.357195e+002,2.448254e+000,...
 1.928298e-002,0.000000e+000,0.000000e+000,...
 6.353749e+002,6.365842e+002,1.198119e-004,0.000000e+000,...
 6.356809e+002,6.356809e+002,1.210508e-004,0.000000e+000;...
2.670200e+000,5.447138e+002,5.428130e+002,1.881756e+000,...
 2.074201e-002,0.000000e+000,0.000000e+000,...
 5.382891e+002,5.392481e+002,1.370525e-004,0.000000e+000,...
 5.427739e+002,5.427739e+002,1.385875e-004,0.000000e+000;...
2.751800e+000,5.028733e+002,5.014226e+002,1.427586e+000,...
 2.141290e-002,0.000000e+000,0.000000e+000,...
 4.980710e+002,4.989320e+002,1.455129e-004,0.000000e+000,...
 5.014079e+002,5.014079e+002,1.477459e-004,0.000000e+000;...
2.778100e+000,4.892838e+002,4.880580e+002,1.201211e+000,...
 2.162962e-002,0.000000e+000,0.000000e+000,...
 4.859980e+002,4.868302e+002,1.482934e-004,0.000000e+000,...
 4.880465e+002,4.880465e+002,1.507068e-004,0.000000e+000;...
2.797300e+000,4.793773e+002,4.783706e+002,9.871535e-001,...
 2.178713e-002,0.000000e+000,0.000000e+000,...
 4.774392e+002,4.782511e+002,1.503399e-004,0.000000e+000,...
 4.783593e+002,4.783593e+002,1.528497e-004,0.000000e+000;...
2.800000e+000,4.779502e+002,4.769732e+002,9.557702e-001,...
 2.180963e-002,0.000000e+000,0.000000e+000,...
 4.762524e+002,4.770615e+002,1.506288e-004,0.000000e+000,...
 4.769483e+002,4.769483e+002,1.531657e-004,0.000000e+000;...
2.815400e+000,4.722006e+002,4.713597e+002,8.166769e-001,...
 2.193753e-002,0.000000e+000,0.000000e+000,...
 4.695612e+002,4.703545e+002,1.522821e-004,0.000000e+000,...
 4.713628e+002,4.713628e+002,1.549123e-004,0.000000e+000;...
2.838700e+000,4.638336e+002,4.628981e+002,9.107677e-001,...
 2.212998e-002,0.000000e+000,0.000000e+000,...
 4.596829e+002,4.604532e+002,1.548003e-004,0.000000e+000,...
 4.628669e+002,4.628669e+002,1.575354e-004,0.000000e+000;...
2.838700e+000,1.624590e+003,1.623643e+003,9.107677e-001,...
 2.212998e-002,0.000000e+000,0.000000e+000,...
 1.618396e+003,1.621108e+003,1.548111e-004,0.000000e+000,...
 1.578079e+003,1.578079e+003,1.575354e-004,0.000000e+000;...
2.858100e+000,1.598418e+003,1.597174e+003,1.267827e+000,...
 2.229045e-002,0.000000e+000,0.000000e+000,...
 1.589305e+003,1.591951e+003,1.569127e-004,0.000000e+000,...
 1.552594e+003,1.552594e+003,1.597168e-004,0.000000e+000;...
2.885000e+000,1.562001e+003,1.560225e+003,1.727978e+000,...
 2.251309e-002,0.000000e+000,0.000000e+000,...
 1.549944e+003,1.552500e+003,1.598651e-004,0.000000e+000,...
 1.517114e+003,1.517114e+003,1.627636e-004,0.000000e+000;...
2.953500e+000,1.468384e+003,1.466371e+003,1.959622e+000,...
 2.308036e-002,0.000000e+000,0.000000e+000,...
 1.455573e+003,1.457917e+003,1.675073e-004,0.000000e+000,...
 1.426871e+003,1.426844e+003,1.705130e-004,0.000000e+000;...
2.971800e+000,1.443455e+003,1.441264e+003,2.167699e+000,...
 2.323195e-002,0.000000e+000,0.000000e+000,...
 1.431701e+003,1.433993e+003,1.695789e-004,0.000000e+000,...
 1.402683e+003,1.402683e+003,1.725839e-004,0.000000e+000;...
2.971800e+000,1.969807e+003,1.967616e+003,2.167699e+000,...
 2.323195e-002,0.000000e+000,0.000000e+000,...
 1.957148e+003,1.960281e+003,1.695902e-004,0.000000e+000,...
 1.905963e+003,1.905963e+003,1.725839e-004,0.000000e+000;...
3.000000e+000,1.946180e+003,1.943516e+003,2.598953e+000,...
 2.346525e-002,0.000000e+000,0.000000e+000,...
 1.935698e+003,1.938767e+003,1.727960e-004,0.000000e+000,...
 1.882890e+003,1.882890e+003,1.757776e-004,0.000000e+000;...
3.024600e+000,1.927587e+003,1.924627e+003,2.911543e+000,...
 2.366895e-002,0.000000e+000,0.000000e+000,...
 1.914529e+003,1.917540e+003,1.756274e-004,0.000000e+000,...
 1.864805e+003,1.864805e+003,1.785600e-004,0.000000e+000;...
3.108800e+000,1.796014e+003,1.792698e+003,3.293650e+000,...
 2.436589e-002,0.000000e+000,0.000000e+000,...
 1.779471e+003,1.782193e+003,1.854909e-004,0.000000e+000,...
 1.738586e+003,1.738586e+003,1.881120e-004,0.000000e+000;...
3.200000e+000,1.653427e+003,1.649993e+003,3.440204e+000,...
 2.512087e-002,0.000000e+000,0.000000e+000,...
 1.647534e+003,1.649983e+003,1.964764e-004,0.000000e+000,...
 1.601657e+003,1.601657e+003,1.984614e-004,0.000000e+000;...
3.203900e+000,1.648453e+003,1.644960e+003,3.469278e+000,...
 2.515284e-002,0.000000e+000,0.000000e+000,...
 1.642196e+003,1.644634e+003,1.969533e-004,0.000000e+000,...
 1.596916e+003,1.596890e+003,1.989039e-004,0.000000e+000;...
3.203900e+000,1.885782e+003,1.882289e+003,3.469278e+000,...
 2.515284e-002,0.000000e+000,0.000000e+000,...
 1.879041e+003,1.881830e+003,1.969655e-004,0.000000e+000,...
 1.825711e+003,1.825711e+003,1.989039e-004,0.000000e+000;...
3.227000e+000,1.854044e+003,1.850313e+003,3.693225e+000,...
 2.534529e-002,0.000000e+000,0.000000e+000,...
 1.845533e+003,1.848253e+003,1.997891e-004,0.000000e+000,...
 1.795113e+003,1.795113e+003,2.015354e-004,0.000000e+000;...
3.393600e+000,1.653013e+003,1.648631e+003,4.360446e+000,...
 2.666812e-002,0.000000e+000,0.000000e+000,...
 1.640765e+003,1.643064e+003,2.203175e-004,0.000000e+000,...
 1.601750e+003,1.601750e+003,2.227756e-004,0.000000e+000;...
3.500000e+000,1.526118e+003,1.521558e+003,4.541936e+000,...
 2.747876e-002,0.000000e+000,0.000000e+000,...
 1.519536e+003,1.521601e+003,2.336328e-004,0.000000e+000,...
 1.479544e+003,1.479544e+003,2.375964e-004,0.000000e+000;...
3.647200e+000,1.383472e+003,1.378794e+003,4.656752e+000,...
 2.859731e-002,0.000000e+000,0.000000e+000,...
 1.367939e+003,1.369723e+003,2.526634e-004,0.000000e+000,...
 1.342259e+003,1.342259e+003,2.580545e-004,0.000000e+000;...
3.756000e+000,1.279611e+003,1.274873e+003,4.678069e+000,...
 2.942334e-002,0.000000e+000,0.000000e+000,...
 1.268555e+003,1.270161e+003,2.671827e-004,0.000000e+000,...
