 
function zr =z45(flag,e)

za = [8.000000e-001,9.919901e+003,9.915805e+003,4.470041e+000,...
 3.829859e-003,0.000000e+000,0.000000e+000,...
 6.104743e+003,6.133877e+003,1.467974e-005,0.000000e+000,...
 9.914687e+003,9.914687e+003,8.313155e-006,0.000000e+000;...
1.000000e+000,6.138495e+003,6.133813e+003,4.616335e+000,...
 5.535471e-003,0.000000e+000,0.000000e+000,...
 6.104743e+003,6.133877e+003,1.467974e-005,0.000000e+000,...
 6.133199e+003,6.133199e+003,1.466317e-005,0.000000e+000;...
1.100000e+000,4.946141e+003,4.941518e+003,4.593397e+000,...
 6.410602e-003,0.000000e+000,0.000000e+000,...
 4.930623e+003,4.952005e+003,1.847497e-005,0.000000e+000,...
 4.941030e+003,4.941030e+003,1.866310e-005,0.000000e+000;...
1.250000e+000,3.716510e+003,3.711946e+003,4.545705e+000,...
 7.736610e-003,0.000000e+000,0.000000e+000,...
 3.698670e+003,3.712778e+003,2.514936e-005,0.000000e+000,...
 3.711652e+003,3.711652e+003,2.566640e-005,0.000000e+000;...
1.400000e+000,2.851386e+003,2.846939e+003,4.446107e+000,...
 9.094804e-003,0.000000e+000,0.000000e+000,...
 2.838678e+003,2.848341e+003,3.295137e-005,0.000000e+000,...
 2.846725e+003,2.846725e+003,3.350294e-005,0.000000e+000;...
1.600000e+000,2.063213e+003,2.058941e+003,4.247909e+000,...
 1.092699e-002,0.000000e+000,0.000000e+000,...
 2.057962e+003,2.064090e+003,4.487642e-005,0.000000e+000,...
 2.058773e+003,2.058773e+003,4.547845e-005,0.000000e+000;...
1.800000e+000,1.555163e+003,1.551126e+003,4.000789e+000,...
 1.273811e-002,0.000000e+000,0.000000e+000,...
 1.552105e+003,1.556211e+003,5.824161e-005,0.000000e+000,...
 1.551034e+003,1.551034e+003,5.916376e-005,0.000000e+000;...
2.000000e+000,1.212484e+003,1.208739e+003,3.727395e+000,...
 1.453752e-002,0.000000e+000,0.000000e+000,...
 1.205904e+003,1.208775e+003,7.348561e-005,0.000000e+000,...
 1.208662e+003,1.208662e+003,7.463336e-005,0.000000e+000;...
2.200000e+000,9.757222e+002,9.722697e+002,3.421523e+000,...
 1.627784e-002,0.000000e+000,0.000000e+000,...
 9.722629e+002,9.743664e+002,9.000051e-005,0.000000e+000,...
 9.722365e+002,9.722365e+002,9.217640e-005,0.000000e+000;...
2.449500e+000,7.685115e+002,7.654686e+002,3.013363e+000,...
 1.849390e-002,0.000000e+000,0.000000e+000,...
 7.623436e+002,7.638245e+002,1.129946e-004,0.000000e+000,...
 7.654377e+002,7.654377e+002,1.146841e-004,0.000000e+000;...
2.500000e+000,7.288365e+002,7.259106e+002,2.917979e+000,...
 1.894273e-002,0.000000e+000,0.000000e+000,...
 7.246252e+002,7.260044e+002,1.179853e-004,0.000000e+000,...
 7.258663e+002,7.258663e+002,1.192845e-004,0.000000e+000;...
2.576800e+000,6.797403e+002,6.769315e+002,2.745060e+000,...
 1.963499e-002,0.000000e+000,0.000000e+000,...
 6.720975e+002,6.733384e+002,1.256424e-004,0.000000e+000,...
 6.769636e+002,6.769636e+002,1.263740e-004,0.000000e+000;...
2.645800e+000,6.354424e+002,6.328677e+002,2.578695e+000,...
 2.020203e-002,0.000000e+000,0.000000e+000,...
 6.284627e+002,6.295928e+002,1.326485e-004,0.000000e+000,...
 6.328124e+002,6.328124e+002,1.340485e-004,0.000000e+000;...
2.800000e+000,5.408020e+002,5.386837e+002,2.093467e+000,...
 2.146893e-002,0.000000e+000,0.000000e+000,...
 5.378541e+002,5.387679e+002,1.486174e-004,0.000000e+000,...
 5.386497e+002,5.386497e+002,1.513238e-004,0.000000e+000;...
2.874500e+000,5.042168e+002,5.024261e+002,1.768460e+000,...
 2.208629e-002,0.000000e+000,0.000000e+000,...
 4.981891e+002,4.990135e+002,1.566587e-004,0.000000e+000,...
 5.024032e+002,5.024032e+002,1.597307e-004,0.000000e+000;...
2.915400e+000,4.840575e+002,4.825243e+002,1.510749e+000,...
 2.242452e-002,0.000000e+000,0.000000e+000,...
 4.778745e+002,4.786542e+002,1.611635e-004,0.000000e+000,...
 4.825026e+002,4.825026e+002,1.643416e-004,0.000000e+000;...
2.952300e+000,4.657064e+002,4.645185e+002,1.169181e+000,...
 2.273057e-002,0.000000e+000,0.000000e+000,...
 4.604115e+002,4.611532e+002,1.652830e-004,0.000000e+000,...
 4.644899e+002,4.644899e+002,1.685216e-004,0.000000e+000;...
2.974600e+000,4.545646e+002,4.536166e+002,9.271526e-001,...
 2.291549e-002,0.000000e+000,0.000000e+000,...
 4.502465e+002,4.509664e+002,1.677977e-004,0.000000e+000,...
 4.535852e+002,4.535852e+002,1.710453e-004,0.000000e+000;...
3.004500e+000,4.400288e+002,4.390341e+002,9.716845e-001,...
 2.316302e-002,0.000000e+000,0.000000e+000,...
 4.370825e+002,4.377744e+002,1.711996e-004,0.000000e+000,...
 4.390138e+002,4.390138e+002,1.744335e-004,0.000000e+000;...
3.004500e+000,1.507530e+003,1.506535e+003,9.716845e-001,...
 2.316302e-002,0.000000e+000,0.000000e+000,...
 1.502786e+003,1.505165e+003,1.712111e-004,0.000000e+000,...
 1.461064e+003,1.461064e+003,1.744335e-004,0.000000e+000;...
3.025000e+000,1.481080e+003,1.479734e+003,1.327413e+000,...
 2.333272e-002,0.000000e+000,0.000000e+000,...
 1.475736e+003,1.478056e+003,1.735515e-004,0.000000e+000,...
 1.435393e+003,1.435393e+003,1.767490e-004,0.000000e+000;...
3.026600e+000,1.479325e+003,1.477979e+003,1.357550e+000,...
 2.334559e-002,0.000000e+000,0.000000e+000,...
 1.473722e+003,1.476038e+003,1.737357e-004,0.000000e+000,...
 1.433675e+003,1.433675e+003,1.769217e-004,0.000000e+000;...
3.045500e+000,1.457849e+003,1.456152e+003,1.694494e+000,...
 2.350242e-002,0.000000e+000,0.000000e+000,...
 1.450234e+003,1.452499e+003,1.759198e-004,0.000000e+000,...
 1.412740e+003,1.412740e+003,1.790729e-004,0.000000e+000;...
3.130300e+000,1.360534e+003,1.358486e+003,2.046770e+000,...
 2.420522e-002,0.000000e+000,0.000000e+000,...
 1.350999e+003,1.353052e+003,1.858872e-004,0.000000e+000,...
 1.319097e+003,1.319097e+003,1.886966e-004,0.000000e+000;...
3.151500e+000,1.336308e+003,1.334084e+003,2.242804e+000,...
 2.438077e-002,0.000000e+000,0.000000e+000,...
 1.327668e+003,1.329672e+003,1.884219e-004,0.000000e+000,...
 1.295650e+003,1.295650e+003,1.911066e-004,0.000000e+000;...
3.151500e+000,1.842485e+003,1.840203e+003,2.242804e+000,...
 2.438077e-002,0.000000e+000,0.000000e+000,...
 1.832927e+003,1.835693e+003,1.884339e-004,0.000000e+000,...
 1.777597e+003,1.777597e+003,1.911066e-004,0.000000e+000;...
3.168900e+000,1.815742e+003,1.813226e+003,2.492322e+000,...
 2.452531e-002,0.000000e+000,0.000000e+000,...
 1.807376e+003,1.810089e+003,1.905154e-004,0.000000e+000,...
 1.751943e+003,1.751943e+003,1.930883e-004,0.000000e+000;...
3.200000e+000,1.768050e+003,1.765125e+003,2.903467e+000,...
 2.478220e-002,0.000000e+000,0.000000e+000,...
 1.762675e+003,1.765295e+003,1.942860e-004,0.000000e+000,...
 1.705983e+003,1.705983e+003,1.966131e-004,0.000000e+000;...
3.304800e+000,1.641886e+003,1.638551e+003,3.322570e+000,...
 2.565587e-002,0.000000e+000,0.000000e+000,...
 1.622871e+003,1.625207e+003,2.072303e-004,0.000000e+000,...
 1.585392e+003,1.585392e+003,2.085873e-004,0.000000e+000;...
3.391200e+000,1.537725e+003,1.534214e+003,3.500815e+000,...
 2.631477e-002,0.000000e+000,0.000000e+000,...
 1.518945e+003,1.521075e+003,2.177621e-004,0.000000e+000,...
 1.485715e+003,1.485715e+003,2.205381e-004,0.000000e+000;...
3.391200e+000,1.758571e+003,1.755059e+003,3.500815e+000,...
 2.631477e-002,0.000000e+000,0.000000e+000,...
 1.739375e+003,1.741814e+003,2.177743e-004,0.000000e+000,...
 1.697953e+003,1.697953e+003,2.205381e-004,0.000000e+000;...
3.431900e+000,1.706139e+003,1.702218e+003,3.868012e+000,...
 2.662492e-002,0.000000e+000,0.000000e+000,...
 1.690288e+003,1.692630e+003,2.227926e-004,0.000000e+000,...
 1.647504e+003,1.647504e+003,2.261688e-004,0.000000e+000;...
3.500000e+000,1.618070e+003,1.613798e+003,4.196121e+000,...
 2.714397e-002,0.000000e+000,0.000000e+000,...
 1.612254e+003,1.614444e+003,2.313327e-004,0.000000e+000,...
 1.562910e+003,1.562910e+003,2.355704e-004,0.000000e+000;...
3.590900e+000,1.530469e+003,1.526022e+003,4.412109e+000,...
 2.783565e-002,0.000000e+000,0.000000e+000,...
 1.515818e+003,1.517826e+003,2.429702e-004,0.000000e+000,...
 1.479072e+003,1.479072e+003,2.481203e-004,0.000000e+000;...
3.741700e+000,1.384877e+003,1.380254e+003,4.595327e+000,...
 2.898318e-002,0.000000e+000,0.000000e+000,...
 1.372998e+003,1.374743e+003,2.628780e-004,0.000000e+000,...
