 
function zr =z46(flag,e)

za = [8.000000e-001,1.048481e+004,1.048028e+004,4.496328e+000,...
 2.841568e-003,0.000000e+000,0.000000e+000,...
 6.500181e+003,6.531202e+003,1.152063e-005,0.000000e+000,...
 1.047941e+004,1.047941e+004,6.298668e-006,0.000000e+000;...
1.000000e+000,6.542748e+003,6.538220e+003,4.754925e+000,...
 4.276727e-003,0.000000e+000,0.000000e+000,...
 6.500181e+003,6.531202e+003,1.152063e-005,0.000000e+000,...
 6.537521e+003,6.537521e+003,1.151248e-005,0.000000e+000;...
1.100000e+000,5.252819e+003,5.248008e+003,4.781300e+000,...
 5.038086e-003,0.000000e+000,0.000000e+000,...
 5.230472e+003,5.253155e+003,1.481536e-005,0.000000e+000,...
 5.247542e+003,5.247542e+003,1.513538e-005,0.000000e+000;...
1.250000e+000,3.928932e+003,3.924177e+003,4.742587e+000,...
 6.276171e-003,0.000000e+000,0.000000e+000,...
 3.907225e+003,3.922128e+003,2.075979e-005,0.000000e+000,...
 3.923860e+003,3.923860e+003,2.120732e-005,0.000000e+000;...
1.400000e+000,3.022625e+003,3.017984e+003,4.661821e+000,...
 7.573401e-003,0.000000e+000,0.000000e+000,...
 3.006661e+003,3.016896e+003,2.787425e-005,0.000000e+000,...
 3.017768e+003,3.017768e+003,2.843534e-005,0.000000e+000;...
1.600000e+000,2.195217e+003,2.190689e+003,4.495932e+000,...
 9.346621e-003,0.000000e+000,0.000000e+000,...
 2.187269e+003,2.193781e+003,3.893872e-005,0.000000e+000,...
 2.190516e+003,2.190516e+003,3.986325e-005,0.000000e+000;...
1.800000e+000,1.655213e+003,1.650912e+003,4.282104e+000,...
 1.116908e-002,0.000000e+000,0.000000e+000,...
 1.650042e+003,1.654408e+003,5.188715e-005,0.000000e+000,...
 1.650813e+003,1.650813e+003,5.303198e-005,0.000000e+000;...
2.000000e+000,1.290721e+003,1.286646e+003,4.032733e+000,...
 1.297230e-002,0.000000e+000,0.000000e+000,...
 1.282286e+003,1.285339e+003,6.640685e-005,0.000000e+000,...
 1.286564e+003,1.286564e+003,6.798252e-005,0.000000e+000;...
2.200000e+000,1.015880e+003,1.012088e+003,3.768249e+000,...
 1.479193e-002,0.000000e+000,0.000000e+000,...
 1.012131e+003,1.014321e+003,8.280561e-005,0.000000e+000,...
 1.012025e+003,1.012025e+003,8.429134e-005,0.000000e+000;...
2.500000e+000,7.403040e+002,7.370214e+002,3.263903e+000,...
 1.741073e-002,0.000000e+000,0.000000e+000,...
 7.369093e+002,7.383119e+002,1.096589e-004,0.000000e+000,...
 7.369717e+002,7.369717e+002,1.116439e-004,0.000000e+000;...
2.710800e+000,6.080341e+002,6.052042e+002,2.846209e+000,...
 1.920715e-002,0.000000e+000,0.000000e+000,...
 6.027371e+002,6.037949e+002,1.304848e-004,0.000000e+000,...
 6.051470e+002,6.051470e+002,1.326088e-004,0.000000e+000;...
2.800000e+000,5.582220e+002,5.555789e+002,2.619646e+000,...
 1.993897e-002,0.000000e+000,0.000000e+000,...
 5.544028e+002,5.553447e+002,1.396036e-004,0.000000e+000,...
 5.555621e+002,5.555621e+002,1.419063e-004,0.000000e+000;...
2.980300e+000,4.802468e+002,4.781640e+002,2.060060e+000,...
 2.143769e-002,0.000000e+000,0.000000e+000,...
 4.718997e+002,4.726528e+002,1.590168e-004,0.000000e+000,...
 4.781537e+002,4.781537e+002,1.609655e-004,0.000000e+000;...
3.044900e+000,4.547210e+002,4.529382e+002,1.760882e+000,...
 2.197481e-002,0.000000e+000,0.000000e+000,...
 4.464814e+002,4.471788e+002,1.662934e-004,0.000000e+000,...
 4.529272e+002,4.529272e+002,1.678347e-004,0.000000e+000;...
3.107100e+000,4.305988e+002,4.292688e+002,1.308380e+000,...
 2.246325e-002,0.000000e+000,0.000000e+000,...
 4.237672e+002,4.244158e+002,1.732203e-004,0.000000e+000,...
 4.292407e+002,4.292407e+002,1.751718e-004,0.000000e+000;...
3.127200e+000,4.226978e+002,4.215828e+002,1.094326e+000,...
 2.261493e-002,0.000000e+000,0.000000e+000,...
 4.167701e+002,4.174038e+002,1.754376e-004,0.000000e+000,...
 4.215601e+002,4.215601e+002,1.776959e-004,0.000000e+000;...
3.154100e+000,4.122441e+002,4.113102e+002,9.078912e-001,...
 2.281868e-002,0.000000e+000,0.000000e+000,...
 4.076540e+002,4.082686e+002,1.784267e-004,0.000000e+000,...
 4.112915e+002,4.112915e+002,1.810891e-004,0.000000e+000;...
3.170600e+000,4.060579e+002,4.050391e+002,9.977125e-001,...
 2.294320e-002,0.000000e+000,0.000000e+000,...
 4.021986e+002,4.028018e+002,1.802726e-004,0.000000e+000,...
 4.050315e+002,4.050315e+002,1.831616e-004,0.000000e+000;...
3.170600e+000,1.354281e+003,1.353262e+003,9.977125e-001,...
 2.294320e-002,0.000000e+000,0.000000e+000,...
 1.348957e+003,1.350980e+003,1.802839e-004,0.000000e+000,...
 1.309425e+003,1.309425e+003,1.831616e-004,0.000000e+000;...
3.197100e+000,1.326548e+003,1.325076e+003,1.427802e+000,...
 2.314356e-002,0.000000e+000,0.000000e+000,...
 1.322526e+003,1.324494e+003,1.832568e-004,0.000000e+000,...
 1.282516e+003,1.282516e+003,1.864939e-004,0.000000e+000;...
3.200000e+000,1.323492e+003,1.322020e+003,1.474722e+000,...
 2.316563e-002,0.000000e+000,0.000000e+000,...
 1.319668e+003,1.321629e+003,1.835847e-004,0.000000e+000,...
 1.279560e+003,1.279560e+003,1.868656e-004,0.000000e+000;...
3.225700e+000,1.302097e+003,1.300230e+003,1.830272e+000,...
 2.335976e-002,0.000000e+000,0.000000e+000,...
 1.294715e+003,1.296624e+003,1.865042e-004,0.000000e+000,...
 1.258765e+003,1.258765e+003,1.900940e-004,0.000000e+000;...
3.311700e+000,1.229256e+003,1.227161e+003,2.063400e+000,...
 2.401177e-002,0.000000e+000,0.000000e+000,...
 1.215916e+003,1.217663e+003,1.964398e-004,0.000000e+000,...
 1.188973e+003,1.188973e+003,2.009489e-004,0.000000e+000;...
3.332600e+000,1.211654e+003,1.209390e+003,2.238457e+000,...
 2.417025e-002,0.000000e+000,0.000000e+000,...
 1.197798e+003,1.199508e+003,1.988927e-004,0.000000e+000,...
 1.172030e+003,1.172030e+003,2.035880e-004,0.000000e+000;...
3.332600e+000,1.660251e+003,1.657987e+003,2.238457e+000,...
 2.417025e-002,0.000000e+000,0.000000e+000,...
 1.645645e+003,1.647994e+003,1.989044e-004,0.000000e+000,...
 1.597240e+003,1.597240e+003,2.035880e-004,0.000000e+000;...
3.379600e+000,1.607558e+003,1.604728e+003,2.841058e+000,...
 2.452682e-002,0.000000e+000,0.000000e+000,...
 1.592324e+003,1.594565e+003,2.044635e-004,0.000000e+000,...
 1.546693e+003,1.546693e+003,2.095326e-004,0.000000e+000;...
3.493400e+000,1.479363e+003,1.476024e+003,3.299730e+000,...
 2.538881e-002,0.000000e+000,0.000000e+000,...
 1.472735e+003,1.474740e+003,2.182663e-004,0.000000e+000,...
 1.424245e+003,1.424245e+003,2.239140e-004,0.000000e+000;...
3.500000e+000,1.471835e+003,1.468496e+003,3.299107e+000,...
 2.543918e-002,0.000000e+000,0.000000e+000,...
 1.466197e+003,1.468189e+003,2.190804e-004,0.000000e+000,...
 1.417162e+003,1.417162e+003,2.247563e-004,0.000000e+000;...
3.580000e+000,1.400012e+003,1.396503e+003,3.453733e+000,...
 2.604874e-002,0.000000e+000,0.000000e+000,...
 1.390123e+003,1.391970e+003,2.290676e-004,0.000000e+000,...
 1.348683e+003,1.348683e+003,2.349204e-004,0.000000e+000;...
3.580000e+000,1.604671e+003,1.601162e+003,3.453733e+000,...
 2.604874e-002,0.000000e+000,0.000000e+000,...
 1.594422e+003,1.596540e+003,2.290802e-004,0.000000e+000,...
 1.544632e+003,1.544632e+003,2.349204e-004,0.000000e+000;...
3.609700e+000,1.576089e+003,1.572354e+003,3.716462e+000,...
 2.627513e-002,0.000000e+000,0.000000e+000,...
 1.564754e+003,1.566815e+003,2.328311e-004,0.000000e+000,...
 1.517219e+003,1.517219e+003,2.386802e-004,0.000000e+000;...
3.729900e+000,1.463798e+003,1.459497e+003,4.260653e+000,...
 2.719089e-002,0.000000e+000,0.000000e+000,...
 1.444345e+003,1.446187e+003,2.483719e-004,0.000000e+000,...
 1.409953e+003,1.409953e+003,2.539847e-004,0.000000e+000;...
3.816200e+000,1.384674e+003,1.380203e+003,4.438259e+000,...
 2.784800e-002,0.000000e+000,0.000000e+000,...
 1.365297e+003,1.366998e+003,2.598349e-004,0.000000e+000,...
 1.334359e+003,1.334359e+003,2.649620e-004,0.000000e+000;...
4.000000e+000,1.218842e+003,1.214200e+003,4.619882e+000,...
 2.924767e-002,0.000000e+000,0.000000e+000,...
 1.212719e+003,1.214161e+003,2.848479e-004,0.000000e+000,...
 1.175686e+003,1.175686e+003,2.883735e-004,0.000000e+000;...
4.229500e+000,1.073271e+003,1.068573e+003,4.652709e+000,...
 3.091958e-002,0.000000e+000,0.000000e+000,...
 1.052741e+003,1.053925e+003,3.174162e-004,0.000000e+000,...
