 
function zr =z48(flag,e)

za = [8.000000e-001,1.169905e+004,1.169423e+004,4.456849e+000,...
 3.728096e-003,0.000000e+000,0.000000e+000,...
 7.305761e+003,7.340627e+003,1.428332e-005,0.000000e+000,...
 1.169306e+004,1.169306e+004,8.022833e-006,0.000000e+000;...
1.000000e+000,7.345930e+003,7.340573e+003,4.899823e+000,...
 5.383944e-003,0.000000e+000,0.000000e+000,...
 7.305761e+003,7.340627e+003,1.428332e-005,0.000000e+000,...
 7.340116e+003,7.340116e+003,1.427283e-005,0.000000e+000;...
1.100000e+000,5.922392e+003,5.917570e+003,4.962347e+000,...
 6.220279e-003,0.000000e+000,0.000000e+000,...
 5.903527e+003,5.929128e+003,1.803177e-005,0.000000e+000,...
 5.916763e+003,5.916763e+003,1.822176e-005,0.000000e+000;...
1.250000e+000,4.454545e+003,4.449563e+003,4.961811e+000,...
 7.538807e-003,0.000000e+000,0.000000e+000,...
 4.433344e+003,4.450254e+003,2.463389e-005,0.000000e+000,...
 4.449203e+003,4.449203e+003,2.470289e-005,0.000000e+000;...
1.400000e+000,3.429619e+003,3.424690e+003,4.914503e+000,...
 8.819831e-003,0.000000e+000,0.000000e+000,...
 3.414667e+003,3.426292e+003,3.203773e-005,0.000000e+000,...
 3.424443e+003,3.424443e+003,3.228324e-005,0.000000e+000;...
1.600000e+000,2.492344e+003,2.487522e+003,4.771345e+000,...
 1.052465e-002,0.000000e+000,0.000000e+000,...
 2.485970e+003,2.493372e+003,4.324816e-005,0.000000e+000,...
 2.487356e+003,2.487356e+003,4.372110e-005,0.000000e+000;...
1.800000e+000,1.882800e+003,1.878246e+003,4.578254e+000,...
 1.220482e-002,0.000000e+000,0.000000e+000,...
 1.879167e+003,1.884139e+003,5.584385e-005,0.000000e+000,...
 1.878099e+003,1.878099e+003,5.640912e-005,0.000000e+000;...
2.000000e+000,1.470847e+003,1.466507e+003,4.364482e+000,...
 1.384910e-002,0.000000e+000,0.000000e+000,...
 1.462982e+003,1.466464e+003,7.018998e-005,0.000000e+000,...
 1.466416e+003,1.466416e+003,7.090173e-005,0.000000e+000;...
2.200000e+000,1.155975e+003,1.151850e+003,4.137959e+000,...
 1.543444e-002,0.000000e+000,0.000000e+000,...
 1.153282e+003,1.155777e+003,8.550791e-005,0.000000e+000,...
 1.151760e+003,1.151760e+003,8.707304e-005,0.000000e+000;...
2.478600e+000,8.618918e+002,8.581414e+002,3.766832e+000,...
 1.767824e-002,0.000000e+000,0.000000e+000,...
 8.564201e+002,8.580643e+002,1.094610e-004,0.000000e+000,...
 8.580734e+002,8.580734e+002,1.100939e-004,0.000000e+000;...
2.500000e+000,8.409968e+002,8.372464e+002,3.732275e+000,...
 1.784968e-002,0.000000e+000,0.000000e+000,...
 8.382388e+002,8.398342e+002,1.114274e-004,0.000000e+000,...
 8.372255e+002,8.372255e+002,1.118659e-004,0.000000e+000;...
2.645800e+000,7.360932e+002,7.325571e+002,3.517485e+000,...
 1.899034e-002,0.000000e+000,0.000000e+000,...
 7.276471e+002,7.289556e+002,1.249895e-004,0.000000e+000,...
 7.324949e+002,7.324949e+002,1.257441e-004,0.000000e+000;...
2.800000e+000,6.366008e+002,6.332791e+002,3.260637e+000,...
 2.014278e-002,0.000000e+000,0.000000e+000,...
 6.324153e+002,6.334897e+002,1.397763e-004,0.000000e+000,...
 6.332784e+002,6.332784e+002,1.424443e-004,0.000000e+000;...
2.946000e+000,5.652364e+002,5.622361e+002,3.021363e+000,...
 2.123789e-002,0.000000e+000,0.000000e+000,...
 5.580428e+002,5.589438e+002,1.545281e-004,0.000000e+000,...
 5.621809e+002,5.621809e+002,1.583179e-004,0.000000e+000;...
3.081300e+000,5.046088e+002,5.018442e+002,2.743567e+000,...
 2.225317e-002,0.000000e+000,0.000000e+000,...
 4.981113e+002,4.988801e+002,1.688500e-004,0.000000e+000,...
 5.018151e+002,5.018151e+002,1.730521e-004,0.000000e+000;...
3.200000e+000,4.545519e+002,4.520820e+002,2.450554e+000,...
 2.314362e-002,0.000000e+000,0.000000e+000,...
 4.518815e+002,4.525531e+002,1.819301e-004,0.000000e+000,...
 4.520593e+002,4.520593e+002,1.860007e-004,0.000000e+000;...
3.323900e+000,4.157997e+002,4.136941e+002,2.080820e+000,...
 2.407693e-002,0.000000e+000,0.000000e+000,...
 4.097422e+002,4.103283e+002,1.960970e-004,0.000000e+000,...
 4.136794e+002,4.136794e+002,1.995601e-004,0.000000e+000;...
3.442100e+000,3.785745e+002,3.770314e+002,1.517834e+000,...
 2.496845e-002,0.000000e+000,0.000000e+000,...
 3.744584e+002,3.749756e+002,2.100998e-004,0.000000e+000,...
 3.770047e+002,3.770047e+002,2.125366e-004,0.000000e+000;...
3.476800e+000,3.675483e+002,3.662893e+002,1.230233e+000,...
 2.522937e-002,0.000000e+000,0.000000e+000,...
 3.649032e+002,3.654021e+002,2.143013e-004,0.000000e+000,...
 3.662593e+002,3.662593e+002,2.163374e-004,0.000000e+000;...
3.496100e+000,3.613923e+002,3.603208e+002,1.050590e+000,...
 2.537456e-002,0.000000e+000,0.000000e+000,...
 3.597346e+002,3.602238e+002,2.166556e-004,0.000000e+000,...
 3.603024e+002,3.603024e+002,2.184499e-004,0.000000e+000;...
3.500000e+000,3.601440e+002,3.590992e+002,1.019086e+000,...
 2.540457e-002,0.000000e+000,0.000000e+000,...
 3.587025e+002,3.591897e+002,2.171330e-004,0.000000e+000,...
 3.590751e+002,3.590751e+002,2.188835e-004,0.000000e+000;...
3.535400e+000,3.524396e+002,3.513627e+002,1.052197e+000,...
 2.567191e-002,0.000000e+000,0.000000e+000,...
 3.495196e+002,3.499896e+002,2.214893e-004,0.000000e+000,...
 3.513269e+002,3.513269e+002,2.227774e-004,0.000000e+000;...
3.535400e+000,1.148796e+003,1.147725e+003,1.052197e+000,...
 2.567191e-002,0.000000e+000,0.000000e+000,...
 1.144724e+003,1.146264e+003,2.215017e-004,0.000000e+000,...
 1.104567e+003,1.104567e+003,2.227774e-004,0.000000e+000;...
3.537000e+000,1.147725e+003,1.146653e+003,1.063180e+000,...
 2.568370e-002,0.000000e+000,0.000000e+000,...
 1.143505e+003,1.145042e+003,2.216872e-004,0.000000e+000,...
 1.103545e+003,1.103545e+003,2.229446e-004,0.000000e+000;...
3.560000e+000,1.132562e+003,1.131169e+003,1.392839e+000,...
 2.585782e-002,0.000000e+000,0.000000e+000,...
 1.125027e+003,1.126530e+003,2.245417e-004,0.000000e+000,...
 1.088913e+003,1.088913e+003,2.254855e-004,0.000000e+000;...
3.572500e+000,1.124312e+003,1.122704e+003,1.598199e+000,...
 2.595212e-002,0.000000e+000,0.000000e+000,...
 1.115166e+003,1.116651e+003,2.261006e-004,0.000000e+000,...
 1.080929e+003,1.080929e+003,2.268582e-004,0.000000e+000;...
3.607400e+000,1.101220e+003,1.099237e+003,1.965040e+000,...
 2.621518e-002,0.000000e+000,0.000000e+000,...
 1.088269e+003,1.089703e+003,2.304812e-004,0.000000e+000,...
 1.058678e+003,1.058678e+003,2.306851e-004,0.000000e+000;...
3.723600e+000,1.023105e+003,1.020854e+003,2.206297e+000,...
 2.702687e-002,0.000000e+000,0.000000e+000,...
 1.004977e+003,1.006260e+003,2.447641e-004,0.000000e+000,...
 9.844101e+002,9.844101e+002,2.464673e-004,0.000000e+000;...
3.730900e+000,1.018336e+003,1.016033e+003,2.279055e+000,...
 2.707723e-002,0.000000e+000,0.000000e+000,...
 1.000046e+003,1.001320e+003,2.456715e-004,0.000000e+000,...
 9.797882e+002,9.797882e+002,2.474662e-004,0.000000e+000;...
3.730900e+000,1.393053e+003,1.390750e+003,2.279055e+000,...
 2.707723e-002,0.000000e+000,0.000000e+000,...
 1.374236e+003,1.375987e+003,2.456839e-004,0.000000e+000,...
 1.331576e+003,1.331576e+003,2.474662e-004,0.000000e+000;...
3.761500e+000,1.366586e+003,1.363907e+003,2.618679e+000,...
 2.728886e-002,0.000000e+000,0.000000e+000,...
 1.346616e+003,1.348318e+003,2.494917e-004,0.000000e+000,...
 1.306329e+003,1.306329e+003,2.516798e-004,0.000000e+000;...
3.837100e+000,1.301330e+003,1.298169e+003,3.134356e+000,...
 2.781284e-002,0.000000e+000,0.000000e+000,...
 1.281422e+003,1.283010e+003,2.590484e-004,0.000000e+000,...
 1.244407e+003,1.244407e+003,2.621139e-004,0.000000e+000;...
3.983400e+000,1.174352e+003,1.170977e+003,3.353539e+000,...
 2.882652e-002,0.000000e+000,0.000000e+000,...
 1.167254e+003,1.168647e+003,2.780218e-004,0.000000e+000,...
 1.124261e+003,1.124261e+003,2.822697e-004,0.000000e+000;...
3.994100e+000,1.165137e+003,1.161708e+003,3.423457e+000,...
 2.890046e-002,0.000000e+000,0.000000e+000,...
 1.159471e+003,1.160851e+003,2.794344e-004,0.000000e+000,...
 1.115460e+003,1.115460e+003,2.837422e-004,0.000000e+000;...
3.994100e+000,1.350460e+003,1.347031e+003,3.423457e+000,...
 2.890046e-002,0.000000e+000,0.000000e+000,...
 1.344453e+003,1.346054e+003,2.794476e-004,0.000000e+000,...
