 
function zr =z49(flag,e)

za = [8.112400e-001,1.197171e+004,1.196804e+004,4.052109e+000,...
 3.870850e-003,0.000000e+000,0.000000e+000,...
 7.763079e+003,7.800127e+003,1.448100e-005,0.000000e+000,...
 1.196628e+004,1.196628e+004,8.453560e-006,0.000000e+000;...
1.000000e+000,7.805267e+003,7.800546e+003,4.920591e+000,...
 5.458756e-003,0.000000e+000,0.000000e+000,...
 7.763079e+003,7.800127e+003,1.448100e-005,0.000000e+000,...
 7.799453e+003,7.799453e+003,1.447059e-005,0.000000e+000;...
1.100000e+000,6.293724e+003,6.289004e+003,5.021972e+000,...
 6.312081e-003,0.000000e+000,0.000000e+000,...
 6.272949e+003,6.300152e+003,1.830122e-005,0.000000e+000,...
 6.288148e+003,6.288148e+003,1.851262e-005,0.000000e+000;...
1.250000e+000,4.734454e+003,4.729419e+003,5.040906e+000,...
 7.658413e-003,0.000000e+000,0.000000e+000,...
 4.712571e+003,4.730545e+003,2.501184e-005,0.000000e+000,...
 4.728974e+003,4.728974e+003,2.515239e-005,0.000000e+000;...
1.400000e+000,3.658699e+003,3.653664e+003,5.008336e+000,...
 8.976948e-003,0.000000e+000,0.000000e+000,...
 3.643050e+003,3.655452e+003,3.252266e-005,0.000000e+000,...
 3.653410e+003,3.653410e+003,3.294215e-005,0.000000e+000;...
1.600000e+000,2.665812e+003,2.660934e+003,4.891115e+000,...
 1.073499e-002,0.000000e+000,0.000000e+000,...
 2.659211e+003,2.667128e+003,4.409626e-005,0.000000e+000,...
 2.660739e+003,2.660739e+003,4.469905e-005,0.000000e+000;...
1.800000e+000,2.015408e+003,2.010635e+003,4.713789e+000,...
 1.247101e-002,0.000000e+000,0.000000e+000,...
 2.011557e+003,2.016879e+003,5.692243e-005,0.000000e+000,...
 2.010564e+003,2.010564e+003,5.774586e-005,0.000000e+000;...
2.000000e+000,1.575319e+003,1.570809e+003,4.521044e+000,...
 1.415878e-002,0.000000e+000,0.000000e+000,...
 1.567052e+003,1.570782e+003,7.152708e-005,0.000000e+000,...
 1.570725e+003,1.570725e+003,7.257182e-005,0.000000e+000;...
2.200000e+000,1.238185e+003,1.233832e+003,4.301655e+000,...
 1.577102e-002,0.000000e+000,0.000000e+000,...
 1.237334e+003,1.240011e+003,8.730899e-005,0.000000e+000,...
 1.233740e+003,1.233740e+003,8.901256e-005,0.000000e+000;...
2.500000e+000,9.008417e+002,8.969081e+002,3.923141e+000,...
 1.822505e-002,0.000000e+000,0.000000e+000,...
 9.012980e+002,9.030134e+002,1.136333e-004,0.000000e+000,...
 8.967989e+002,8.967989e+002,1.142107e-004,0.000000e+000;...
2.800000e+000,6.826068e+002,6.790928e+002,3.508489e+000,...
 2.051807e-002,0.000000e+000,0.000000e+000,...
 6.805394e+002,6.816956e+002,1.422531e-004,0.000000e+000,...
 6.790112e+002,6.790112e+002,1.448359e-004,0.000000e+000;...
3.160500e+000,5.060784e+002,5.031308e+002,2.927578e+000,...
 2.319971e-002,0.000000e+000,0.000000e+000,...
 5.013971e+002,5.021516e+002,1.800852e-004,0.000000e+000,...
 5.030893e+002,5.030893e+002,1.838356e-004,0.000000e+000;...
3.200000e+000,4.883930e+002,4.855294e+002,2.840463e+000,...
 2.349342e-002,0.000000e+000,0.000000e+000,...
 4.855872e+002,4.863088e+002,1.844935e-004,0.000000e+000,...
 4.855079e+002,4.855079e+002,1.881156e-004,0.000000e+000;...
3.406900e+000,4.188001e+002,4.163875e+002,2.383801e+000,...
 2.503486e-002,0.000000e+000,0.000000e+000,...
 4.131212e+002,4.136978e+002,2.084312e-004,0.000000e+000,...
 4.163515e+002,4.163515e+002,2.105488e-004,0.000000e+000;...
3.500000e+000,3.874049e+002,3.852808e+002,2.100111e+000,...
 2.572822e-002,0.000000e+000,0.000000e+000,...
 3.853656e+002,3.858891e+002,2.196654e-004,0.000000e+000,...
 3.852570e+002,3.852570e+002,2.206527e-004,0.000000e+000;...
3.506600e+000,3.858315e+002,3.837231e+002,2.081597e+000,...
 2.577752e-002,0.000000e+000,0.000000e+000,...
 3.834973e+002,3.840172e+002,2.204727e-004,0.000000e+000,...
 3.837009e+002,3.837009e+002,2.213688e-004,0.000000e+000;...
3.617400e+000,3.592143e+002,3.575884e+002,1.599183e+000,...
 2.660410e-002,0.000000e+000,0.000000e+000,...
 3.539236e+002,3.543887e+002,2.341892e-004,0.000000e+000,...
 3.575778e+002,3.575778e+002,2.334060e-004,0.000000e+000;...
3.655100e+000,3.500937e+002,3.487195e+002,1.346857e+000,...
 2.686004e-002,0.000000e+000,0.000000e+000,...
 3.445828e+002,3.450309e+002,2.388043e-004,0.000000e+000,...
 3.486985e+002,3.486985e+002,2.385850e-004,0.000000e+000;...
3.677300e+000,3.446496e+002,3.434748e+002,1.151332e+000,...
 2.701109e-002,0.000000e+000,0.000000e+000,...
 3.392419e+002,3.396803e+002,2.415107e-004,0.000000e+000,...
 3.434537e+002,3.434537e+002,2.416460e-004,0.000000e+000;...
3.709000e+000,3.369922e+002,3.359957e+002,9.684992e-001,...
 2.722665e-002,0.000000e+000,0.000000e+000,...
 3.318124e+002,3.322376e+002,2.453997e-004,0.000000e+000,...
 3.359742e+002,3.359742e+002,2.460057e-004,0.000000e+000;...
3.728400e+000,3.325027e+002,3.314275e+002,1.050527e+000,...
 2.735882e-002,0.000000e+000,0.000000e+000,...
 3.273766e+002,3.277939e+002,2.477941e-004,0.000000e+000,...
 3.314045e+002,3.314045e+002,2.486736e-004,0.000000e+000;...
3.728400e+000,1.045755e+003,1.044653e+003,1.050527e+000,...
 2.735882e-002,0.000000e+000,0.000000e+000,...
 1.039642e+003,1.040968e+003,2.478065e-004,0.000000e+000,...
 1.003060e+003,1.003060e+003,2.486736e-004,0.000000e+000;...
3.729300e+000,1.045230e+003,1.044129e+003,1.055458e+000,...
 2.736459e-002,0.000000e+000,0.000000e+000,...
 1.039141e+003,1.040466e+003,2.479054e-004,0.000000e+000,...
 1.002561e+003,1.002561e+003,2.487896e-004,0.000000e+000;...
3.754000e+000,1.031069e+003,1.029653e+003,1.378588e+000,...
 2.753242e-002,0.000000e+000,0.000000e+000,...
 1.023841e+003,1.025138e+003,2.509696e-004,0.000000e+000,...
 9.888950e+002,9.888950e+002,2.521815e-004,0.000000e+000;...
3.758900e+000,1.028342e+003,1.026821e+003,1.452539e+000,...
 2.756599e-002,0.000000e+000,0.000000e+000,...
 1.020844e+003,1.022135e+003,2.515797e-004,0.000000e+000,...
 9.862593e+002,9.862593e+002,2.528645e-004,0.000000e+000;...
3.796800e+000,1.007048e+003,1.005108e+003,1.887383e+000,...
 2.782403e-002,0.000000e+000,0.000000e+000,...
 9.980847e+002,9.993345e+002,2.563212e-004,0.000000e+000,...
 9.657135e+002,9.657135e+002,2.580725e-004,0.000000e+000;...
3.941300e+000,9.246530e+002,9.224501e+002,2.222681e+000,...
 2.880638e-002,0.000000e+000,0.000000e+000,...
 9.177191e+002,9.188260e+002,2.747737e-004,0.000000e+000,...
 8.874071e+002,8.874071e+002,2.778601e-004,0.000000e+000;...
3.942500e+000,9.240236e+002,9.217684e+002,2.234272e+000,...
 2.881424e-002,0.000000e+000,0.000000e+000,...
 9.170907e+002,9.181967e+002,2.749295e-004,0.000000e+000,...
 8.867900e+002,8.867900e+002,2.780254e-004,0.000000e+000;...
3.942500e+000,1.249042e+003,1.246787e+003,2.234272e+000,...
 2.881424e-002,0.000000e+000,0.000000e+000,...
 1.241684e+003,1.243181e+003,2.749424e-004,0.000000e+000,...
 1.190367e+003,1.190367e+003,2.780254e-004,0.000000e+000;...
3.981600e+000,1.232521e+003,1.229846e+003,2.645305e+000,...
 2.908015e-002,0.000000e+000,0.000000e+000,...
 1.227198e+003,1.228663e+003,2.800258e-004,0.000000e+000,...
 1.174452e+003,1.174452e+003,2.833726e-004,0.000000e+000;...
4.000000e+000,1.224759e+003,1.221927e+003,2.798137e+000,...
 2.920550e-002,0.000000e+000,0.000000e+000,...
 1.220471e+003,1.221921e+003,2.824389e-004,0.000000e+000,...
 1.166997e+003,1.166997e+003,2.858892e-004,0.000000e+000;...
4.054400e+000,1.193972e+003,1.190877e+003,3.093995e+000,...
 2.957264e-002,0.000000e+000,0.000000e+000,...
 1.184473e+003,1.185862e+003,2.896296e-004,0.000000e+000,...
 1.137978e+003,1.137978e+003,2.932957e-004,0.000000e+000;...
4.196500e+000,1.097153e+003,1.093902e+003,3.270744e+000,...
 3.053086e-002,0.000000e+000,0.000000e+000,...
 1.082716e+003,1.083943e+003,3.088061e-004,0.000000e+000,...
 1.046961e+003,1.046961e+003,3.125822e-004,0.000000e+000;...
4.213800e+000,1.085405e+003,1.082048e+003,3.359800e+000,...
 3.064781e-002,0.000000e+000,0.000000e+000,...
 1.071164e+003,1.072372e+003,3.111800e-004,0.000000e+000,...
 1.035845e+003,1.035845e+003,3.149413e-004,0.000000e+000;...
4.213800e+000,1.243955e+003,1.240598e+003,3.359800e+000,...
 3.064781e-002,0.000000e+000,0.000000e+000,...
 1.229469e+003,1.230857e+003,3.111937e-004,0.000000e+000,...
