 function zr =z5(flag,e)

za = [9.736000e-001,1.333417e+003,1.332470e+003,9.271755e-001,...
 1.540743e-002,0.000000e+000,0.000000e+000,...
 1.212642e+003,1.218429e+003,4.323456e-005,0.000000e+000,...
 1.332477e+003,1.332477e+003,4.047920e-005,0.000000e+000;...
1.000000e+000,1.219337e+003,1.218391e+003,9.175389e-001,...
 1.613213e-002,0.000000e+000,0.000000e+000,...
 1.212642e+003,1.218429e+003,4.323456e-005,0.000000e+000,...
 1.218397e+003,1.218397e+003,4.320253e-005,0.000000e+000;...
1.100000e+000,9.293479e+002,9.284567e+002,8.828917e-001,...
 1.887049e-002,0.000000e+000,0.000000e+000,...
 9.244720e+002,9.284811e+002,5.496541e-005,0.000000e+000,...
 9.284619e+002,9.284619e+002,5.630226e-005,0.000000e+000;...
1.250000e+000,6.423663e+002,6.415308e+002,8.338174e-001,...
 2.328606e-002,0.000000e+000,0.000000e+000,...
 6.391234e+002,6.415610e+002,7.584457e-005,0.000000e+000,...
 6.415190e+002,6.415190e+002,7.800844e-005,0.000000e+000;...
1.390600e+000,4.708514e+002,4.700326e+002,7.910932e-001,...
 2.755903e-002,0.000000e+000,0.000000e+000,...
 4.661787e+002,4.677764e+002,9.905062e-005,0.000000e+000,...
 4.700336e+002,4.700336e+002,1.014558e-004,0.000000e+000;...
1.400000e+000,4.593376e+002,4.585243e+002,7.881966e-001,...
 2.783754e-002,0.000000e+000,0.000000e+000,...
 4.569735e+002,4.585290e+002,1.005923e-004,0.000000e+000,...
 4.585293e+002,4.585293e+002,1.031525e-004,0.000000e+000;...
1.594300e+000,3.130840e+002,3.123208e+002,7.323823e-001,...
 3.361394e-002,0.000000e+000,0.000000e+000,...
 3.109151e+002,3.118440e+002,1.355067e-004,0.000000e+000,...
 3.123204e+002,3.123204e+002,1.414956e-004,0.000000e+000;...
1.600000e+000,3.093185e+002,3.085553e+002,7.307112e-001,...
 3.377993e-002,0.000000e+000,0.000000e+000,...
 3.076409e+002,3.085567e+002,1.366200e-004,0.000000e+000,...
 3.085443e+002,3.085443e+002,1.427136e-004,0.000000e+000;...
1.800000e+000,2.182051e+002,2.174921e+002,6.768464e-001,...
 3.977023e-002,0.000000e+000,0.000000e+000,...
 2.169190e+002,2.174927e+002,1.789715e-004,0.000000e+000,...
 2.174895e+002,2.174871e+002,1.868073e-004,0.000000e+000;...
2.000000e+000,1.597393e+002,1.590653e+002,6.273265e-001,...
 4.560456e-002,0.000000e+000,0.000000e+000,...
 1.586872e+002,1.590648e+002,2.267210e-004,0.000000e+000,...
 1.590633e+002,1.590633e+002,2.355907e-004,0.000000e+000;...
2.200000e+000,1.193770e+002,1.187420e+002,5.822071e-001,...
 5.115702e-002,0.000000e+000,0.000000e+000,...
 1.184889e+002,1.187450e+002,2.759378e-004,0.000000e+000,...
 1.187438e+002,1.187438e+002,2.882048e-004,0.000000e+000;...
2.449500e+000,8.646768e+001,8.587723e+001,5.316010e-001,...
 5.775281e-002,0.000000e+000,0.000000e+000,...
 8.524638e+001,8.541165e+001,3.443313e-004,0.000000e+000,...
 8.587820e+001,8.587820e+001,3.574483e-004,0.000000e+000;...
2.500000e+000,8.080269e+001,8.022337e+001,5.218084e-001,...
 5.897271e-002,0.000000e+000,0.000000e+000,...
 8.007023e+001,8.022227e+001,3.577349e-004,0.000000e+000,...
 8.022110e+001,8.021941e+001,3.720169e-004,0.000000e+000;...
2.756800e+000,6.019817e+001,5.965228e+001,4.771347e-001,...
 6.518915e-002,0.000000e+000,0.000000e+000,...
 5.930804e+001,5.940997e+001,4.295638e-004,0.000000e+000,...
 5.965456e+001,5.965303e+001,4.463073e-004,0.000000e+000;...
2.800000e+000,5.717350e+001,5.663875e+001,4.700716e-001,...
 6.623637e-002,0.000000e+000,0.000000e+000,...
 5.654362e+001,5.663925e+001,4.422465e-004,0.000000e+000,...
 5.663955e+001,5.663955e+001,4.588307e-004,0.000000e+000;...
2.993300e+000,4.664899e+001,4.613763e+001,4.410392e-001,...
 7.018014e-002,0.000000e+000,0.000000e+000,...
 4.606600e+001,4.613871e+001,5.001611e-004,0.000000e+000,...
 4.613820e+001,4.613680e+001,5.170901e-004,0.000000e+000;...
3.200000e+000,3.807018e+001,3.758278e+001,4.125583e-001,...
 7.437456e-002,0.000000e+000,0.000000e+000,...
 3.752767e+001,3.758290e+001,5.591403e-004,0.000000e+000,...
 3.758307e+001,3.758307e+001,5.788899e-004,0.000000e+000;...
3.500000e+000,2.899617e+001,2.853996e+001,3.765519e-001,...
 7.956052e-002,0.000000e+000,0.000000e+000,...
 2.850165e+001,2.853974e+001,6.493654e-004,0.000000e+000,...
 2.854008e+001,2.854008e+001,6.711633e-004,0.000000e+000;...
3.951100e+000,2.006587e+001,1.964698e+001,3.320397e-001,...
 8.662365e-002,0.000000e+000,0.000000e+000,...
 1.952442e+001,1.954713e+001,7.860027e-004,0.000000e+000,...
 1.964736e+001,1.964736e+001,8.062488e-004,0.000000e+000;...
4.000000e+000,1.921362e+001,1.879863e+001,3.277729e-001,...
 8.739235e-002,0.000000e+000,0.000000e+000,...
 1.877719e+001,1.879871e+001,8.004222e-004,0.000000e+000,...
 1.879958e+001,1.879852e+001,8.206118e-004,0.000000e+000;...
4.379800e+000,1.456632e+001,1.417640e+001,2.979550e-001,...
 9.202683e-002,0.000000e+000,0.000000e+000,...
 1.408161e+001,1.409598e+001,9.152520e-004,0.000000e+000,...
 1.417709e+001,1.417613e+001,9.367516e-004,0.000000e+000;...
4.500000e+000,1.331857e+001,1.293534e+001,2.895718e-001,...
 9.347511e-002,0.000000e+000,0.000000e+000,...
 1.292258e+001,1.293528e+001,9.526171e-004,0.000000e+000,...
 1.293671e+001,1.293577e+001,9.725270e-004,0.000000e+000;...
4.955300e+000,9.942975e+000,9.583134e+000,2.615977e-001,...
 9.822657e-002,0.000000e+000,0.000000e+000,...
 9.515874e+000,9.523903e+000,1.098450e-003,0.000000e+000,...
 9.584418e+000,9.583568e+000,1.112988e-003,0.000000e+000;...
5.000000e+000,9.613214e+000,9.255601e+000,2.591524e-001,...
 9.862206e-002,0.000000e+000,0.000000e+000,...
 9.248152e+000,9.255833e+000,1.111432e-003,0.000000e+000,...
 9.256541e+000,9.255696e+000,1.127426e-003,0.000000e+000;...
5.500000e+000,7.173982e+000,6.836422e+000,2.345818e-001,...
 1.029335e-001,0.000000e+000,0.000000e+000,...
 6.831559e+000,6.836204e+000,1.259024e-003,0.000000e+000,...
 6.837668e+000,6.836364e+000,1.282470e-003,0.000000e+000;...
6.194300e+000,5.028917e+000,4.712692e+000,2.076550e-001,...
 1.085762e-001,0.000000e+000,0.000000e+000,...
 4.682434e+000,4.684555e+000,1.470880e-003,0.000000e+000,...
 4.714079e+000,4.712649e+000,1.477675e-003,0.000000e+000;...
6.300000e+000,4.752185e+000,4.439190e+000,2.037279e-001,...
 1.092725e-001,0.000000e+000,0.000000e+000,...
 4.437368e+000,4.439210e+000,1.503801e-003,0.000000e+000,...
 4.440694e+000,4.439154e+000,1.517112e-003,0.000000e+000;...
6.964700e+000,3.536524e+000,3.239405e+000,1.836359e-001,...
 1.134780e-001,0.000000e+000,0.000000e+000,...
 3.226588e+000,3.227074e+000,1.714665e-003,0.000000e+000,...
 3.241119e+000,3.239362e+000,1.749207e-003,0.000000e+000;...
7.000000e+000,3.471965e+000,3.175625e+000,1.826722e-001,...
 1.137008e-001,0.000000e+000,0.000000e+000,...
 3.175190e+000,3.175619e+000,1.726043e-003,0.000000e+000,...
 3.177336e+000,3.175588e+000,1.761061e-003,0.000000e+000;...
7.939300e+000,2.403916e+000,2.124510e+000,1.601515e-001,...
 1.192210e-001,0.000000e+000,0.000000e+000,...
 2.117617e+000,2.116858e+000,2.025398e-003,0.000000e+000,...
 2.126579e+000,2.124506e+000,2.050368e-003,0.000000e+000;...
8.000000e+000,2.343367e+000,2.064908e+000,1.588592e-001,...
 1.195775e-001,0.000000e+000,0.000000e+000,...
 2.065749e+000,2.064931e+000,2.044330e-003,0.000000e+000,...
 2.066983e+000,2.064926e+000,2.067932e-003,0.000000e+000;...
9.000000e+000,1.670754e+000,1.406388e+000,1.399314e-001,...
 1.244237e-001,0.000000e+000,0.000000e+000,...
 1.408000e+000,1.406382e+000,2.360689e-003,0.000000e+000,...
 1.408720e+000,1.406376e+000,2.378387e-003,0.000000e+000;...
1.000000e+001,1.250030e+000,9.974726e-001,1.242844e-001,...
 1.282950e-001,0.000000e+000,0.000000e+000,...
 9.996672e-001,9.974559e-001,2.684947e-003,0.000000e+000,...
 1.000127e+000,9.974262e-001,2.692616e-003,0.000000e+000;...
1.100000e+001,9.744673e-001,7.307112e-001,1.110995e-001,...
 1.326120e-001,0.000000e+000,0.000000e+000,...
 7.334033e-001,7.307246e-001,2.994184e-003,0.000000e+000,...
 7.337554e-001,7.307250e-001,3.040161e-003,0.000000e+000;...
1.201400e+001,7.873054e-001,5.514703e-001,9.969156e-002,...
 1.361380e-001,0.000000e+000,0.000000e+000,...
 5.510286e-001,5.479333e-001,3.311907e-003,0.000000e+000,...
