 
function zr =z50(flag,e)

za = [8.690500e-001,1.090960e+004,1.090554e+004,4.152263e+000,...
 4.173370e-003,0.000000e+000,0.000000e+000,...
 8.104907e+003,8.143587e+003,1.404492e-005,0.000000e+000,...
 1.090377e+004,1.090377e+004,9.873826e-006,0.000000e+000;...
1.000000e+000,8.148458e+003,8.143384e+003,4.933520e+000,...
 5.279247e-003,0.000000e+000,0.000000e+000,...
 8.104907e+003,8.143587e+003,1.404492e-005,0.000000e+000,...
 8.142544e+003,8.142544e+003,1.403283e-005,0.000000e+000;...
1.100000e+000,6.588784e+003,6.583710e+003,5.049507e+000,...
 6.124535e-003,0.000000e+000,0.000000e+000,...
 6.562840e+003,6.591300e+003,1.779561e-005,0.000000e+000,...
 6.583137e+003,6.583137e+003,1.801766e-005,0.000000e+000;...
1.250000e+000,4.983903e+003,4.978829e+003,5.112827e+000,...
 7.464515e-003,0.000000e+000,0.000000e+000,...
 4.960751e+003,4.979672e+003,2.444168e-005,0.000000e+000,...
 4.978386e+003,4.978386e+003,2.460082e-005,0.000000e+000;...
1.400000e+000,3.856818e+003,3.851694e+003,5.109783e+000,...
 8.786228e-003,0.000000e+000,0.000000e+000,...
 3.839906e+003,3.852978e+003,3.192404e-005,0.000000e+000,...
 3.851378e+003,3.851378e+003,3.236662e-005,0.000000e+000;...
1.600000e+000,2.810102e+003,2.805079e+003,5.006989e+000,...
 1.055951e-002,0.000000e+000,0.000000e+000,...
 2.803155e+003,2.811501e+003,4.346479e-005,0.000000e+000,...
 2.804720e+003,2.804720e+003,4.415270e-005,0.000000e+000;...
1.800000e+000,2.126007e+003,2.121136e+003,4.830523e+000,...
 1.232112e-002,0.000000e+000,0.000000e+000,...
 2.122067e+003,2.127681e+003,5.643313e-005,0.000000e+000,...
 2.120915e+003,2.120915e+003,5.730278e-005,0.000000e+000;...
2.000000e+000,1.662874e+003,1.658206e+003,4.639040e+000,...
 1.405381e-002,0.000000e+000,0.000000e+000,...
 1.654273e+003,1.658211e+003,7.128051e-005,0.000000e+000,...
 1.658071e+003,1.658071e+003,7.198358e-005,0.000000e+000;...
2.200000e+000,1.308421e+003,1.303956e+003,4.441417e+000,...
 1.573068e-002,0.000000e+000,0.000000e+000,...
 1.305554e+003,1.308379e+003,8.718765e-005,0.000000e+000,...
 1.303818e+003,1.303818e+003,8.804253e-005,0.000000e+000;...
2.500000e+000,9.533594e+002,9.492496e+002,4.071945e+000,...
 1.815949e-002,0.000000e+000,0.000000e+000,...
 9.503553e+002,9.521641e+002,1.133675e-004,0.000000e+000,...
 9.491656e+002,9.491656e+002,1.148783e-004,0.000000e+000;...
2.800000e+000,7.226555e+002,7.189517e+002,3.691211e+000,...
 2.049545e-002,0.000000e+000,0.000000e+000,...
 7.180004e+002,7.192202e+002,1.421803e-004,0.000000e+000,...
 7.189271e+002,7.189271e+002,1.439418e-004,0.000000e+000;...
3.200000e+000,5.165594e+002,5.134137e+002,3.110113e+000,...
 2.351586e-002,0.000000e+000,0.000000e+000,...
 5.138157e+002,5.145793e+002,1.847385e-004,0.000000e+000,...
 5.133807e+002,5.133807e+002,1.865168e-004,0.000000e+000;...
3.500000e+000,4.101170e+002,4.075497e+002,2.540431e+000,...
 2.562553e-002,0.000000e+000,0.000000e+000,...
 4.082061e+002,4.087607e+002,2.188243e-004,0.000000e+000,...
 4.075435e+002,4.075044e+002,2.227516e-004,0.000000e+000;...
3.705500e+000,3.584053e+002,3.563555e+002,2.022248e+000,...
 2.706394e-002,0.000000e+000,0.000000e+000,...
 3.525770e+002,3.530292e+002,2.437344e-004,0.000000e+000,...
 3.563306e+002,3.563306e+002,2.474342e-004,0.000000e+000;...
3.788400e+000,3.387851e+002,3.370498e+002,1.708335e+000,...
 2.764336e-002,0.000000e+000,0.000000e+000,...
 3.331041e+002,3.335220e+002,2.541402e-004,0.000000e+000,...
 3.370177e+002,3.370177e+002,2.573592e-004,0.000000e+000;...
3.851800e+000,3.243959e+002,3.230412e+002,1.327904e+000,...
 2.808732e-002,0.000000e+000,0.000000e+000,...
 3.192062e+002,3.196000e+002,2.622369e-004,0.000000e+000,...
 3.230213e+002,3.230213e+002,2.649604e-004,0.000000e+000;...
3.882400e+000,3.173941e+002,3.162880e+002,1.079087e+000,...
 2.830143e-002,0.000000e+000,0.000000e+000,...
 3.127856e+002,3.131685e+002,2.661871e-004,0.000000e+000,...
 3.162682e+002,3.162682e+002,2.686226e-004,0.000000e+000;...
3.910600e+000,3.110367e+002,3.100422e+002,9.662974e-001,...
 2.849931e-002,0.000000e+000,0.000000e+000,...
 3.070265e+002,3.073996e+002,2.698523e-004,0.000000e+000,...
 3.100276e+002,3.100241e+002,2.720131e-004,0.000000e+000;...
3.926800e+000,3.075459e+002,3.064703e+002,1.042657e+000,...
 2.861245e-002,0.000000e+000,0.000000e+000,...
 3.037845e+002,3.041521e+002,2.719684e-004,0.000000e+000,...
 3.064563e+002,3.064528e+002,2.739462e-004,0.000000e+000;...
3.926800e+000,9.281935e+002,9.271281e+002,1.042657e+000,...
 2.861245e-002,0.000000e+000,0.000000e+000,...
 9.236898e+002,9.248080e+002,2.719815e-004,0.000000e+000,...
 8.883846e+002,8.883846e+002,2.739462e-004,0.000000e+000;...
3.927800e+000,9.281935e+002,9.271281e+002,1.047275e+000,...
 2.861905e-002,0.000000e+000,0.000000e+000,...
 9.237285e+002,9.248465e+002,2.720993e-004,0.000000e+000,...
 8.883327e+002,8.883327e+002,2.740645e-004,0.000000e+000;...
3.961500e+000,9.290053e+002,9.275339e+002,1.454799e+000,...
 2.885498e-002,0.000000e+000,0.000000e+000,...
 9.251716e+002,9.262818e+002,2.765277e-004,0.000000e+000,...
 8.886146e+002,8.886146e+002,2.780939e-004,0.000000e+000;...
3.994900e+000,9.297156e+002,9.278384e+002,1.834316e+000,...
 2.908888e-002,0.000000e+000,0.000000e+000,...
 9.265919e+002,9.276945e+002,2.809498e-004,0.000000e+000,...
 8.888557e+002,8.888557e+002,2.820902e-004,0.000000e+000;...
4.000000e+000,9.297664e+002,9.278891e+002,1.861664e+000,...
 2.912490e-002,0.000000e+000,0.000000e+000,...
 9.268079e+002,9.279095e+002,2.816278e-004,0.000000e+000,...
 8.888851e+002,8.888851e+002,2.827120e-004,0.000000e+000;...
4.107700e+000,8.762382e+002,8.741072e+002,2.112206e+000,...
 2.987632e-002,0.000000e+000,0.000000e+000,...
 8.696473e+002,8.706537e+002,2.960620e-004,0.000000e+000,...
 8.382708e+002,8.382708e+002,2.955678e-004,0.000000e+000;...
4.160800e+000,8.447809e+002,8.424977e+002,2.250973e+000,...
 3.020662e-002,0.000000e+000,0.000000e+000,...
 8.385209e+002,8.394789e+002,3.030260e-004,0.000000e+000,...
 8.084050e+002,8.084050e+002,3.039935e-004,0.000000e+000;...
4.160800e+000,1.143625e+003,1.141342e+003,2.250973e+000,...
 3.020662e-002,0.000000e+000,0.000000e+000,...
 1.136972e+003,1.138271e+003,3.030391e-004,0.000000e+000,...
 1.086060e+003,1.086060e+003,3.039935e-004,0.000000e+000;...
4.202200e+000,1.116075e+003,1.113386e+003,2.644799e+000,...
 3.046437e-002,0.000000e+000,0.000000e+000,...
 1.109154e+003,1.110409e+003,3.084534e-004,0.000000e+000,...
 1.059995e+003,1.059995e+003,3.105565e-004,0.000000e+000;...
4.321600e+000,1.048137e+003,1.045042e+003,3.103974e+000,...
 3.120869e-002,0.000000e+000,0.000000e+000,...
 1.038042e+003,1.039184e+003,3.243439e-004,0.000000e+000,...
 9.961731e+002,9.961731e+002,3.294304e-004,0.000000e+000;...
4.440300e+000,9.806562e+002,9.773582e+002,3.269378e+000,...
 3.194794e-002,0.000000e+000,0.000000e+000,...
 9.735966e+002,9.746388e+002,3.404901e-004,0.000000e+000,...
 9.327884e+002,9.327884e+002,3.481050e-004,0.000000e+000;...
4.440300e+000,1.127947e+003,1.124649e+003,3.269378e+000,...
 3.194794e-002,0.000000e+000,0.000000e+000,...
 1.120662e+003,1.121862e+003,3.405040e-004,0.000000e+000,...
 1.071149e+003,1.071149e+003,3.481050e-004,0.000000e+000;...
4.476700e+000,1.105521e+003,1.101970e+003,3.513020e+000,...
 3.217474e-002,0.000000e+000,0.000000e+000,...
 1.099844e+003,1.101012e+003,3.455108e-004,0.000000e+000,...
 1.049942e+003,1.049942e+003,3.538308e-004,0.000000e+000;...
4.500000e+000,1.090706e+003,1.087053e+003,3.656354e+000,...
 3.231985e-002,0.000000e+000,0.000000e+000,...
 1.085957e+003,1.087104e+003,3.487415e-004,0.000000e+000,...
 1.035963e+003,1.035963e+003,3.574708e-004,0.000000e+000;...
4.685800e+000,9.984651e+002,9.943553e+002,4.087674e+000,...
 3.346144e-002,0.000000e+000,0.000000e+000,...
 9.835610e+002,9.845585e+002,3.749801e-004,0.000000e+000,...
 9.493713e+002,9.493713e+002,3.862997e-004,0.000000e+000;...
4.815100e+000,9.346879e+002,9.304260e+002,4.223498e+000,...
 3.425650e-002,0.000000e+000,0.000000e+000,...
 9.201609e+002,9.210690e+002,3.937345e-004,0.000000e+000,...
