 
function zr =z51(flag,e)

za = [9.289800e-001,1.002652e+004,1.002207e+004,4.241795e+000,...
 4.455671e-003,0.000000e+000,0.000000e+000,...
 8.530182e+003,8.570892e+003,1.340526e-005,0.000000e+000,...
 1.002058e+004,1.002058e+004,1.106116e-005,0.000000e+000;...
1.000000e+000,8.575788e+003,8.570842e+003,4.830051e+000,...
 5.031808e-003,0.000000e+000,0.000000e+000,...
 8.530182e+003,8.570892e+003,1.340526e-005,0.000000e+000,...
 8.569570e+003,8.569570e+003,1.339605e-005,0.000000e+000;...
1.100000e+000,6.953422e+003,6.948476e+003,5.055056e+000,...
 5.849916e-003,0.000000e+000,0.000000e+000,...
 6.930224e+003,6.960277e+003,1.701342e-005,0.000000e+000,...
 6.947596e+003,6.947596e+003,1.724161e-005,0.000000e+000;...
1.250000e+000,5.262303e+003,5.257357e+003,5.160411e+000,...
 7.149788e-003,0.000000e+000,0.000000e+000,...
 5.239678e+003,5.259664e+003,2.328579e-005,0.000000e+000,...
 5.256375e+003,5.256375e+003,2.361022e-005,0.000000e+000;...
1.400000e+000,4.074167e+003,4.068974e+003,5.165852e+000,...
 8.442240e-003,0.000000e+000,0.000000e+000,...
 4.059893e+003,4.073713e+003,3.074299e-005,0.000000e+000,...
 4.068365e+003,4.068365e+003,3.114632e-005,0.000000e+000;...
1.600000e+000,2.979861e+003,2.974767e+003,5.090668e+000,...
 1.018777e-002,0.000000e+000,0.000000e+000,...
 2.972987e+003,2.981839e+003,4.197441e-005,0.000000e+000,...
 2.974331e+003,2.974331e+003,4.268981e-005,0.000000e+000;...
1.800000e+000,2.255287e+003,2.250341e+003,4.933873e+000,...
 1.193676e-002,0.000000e+000,0.000000e+000,...
 2.251556e+003,2.257513e+003,5.467826e-005,0.000000e+000,...
 2.250120e+003,2.250120e+003,5.570252e-005,0.000000e+000;...
2.000000e+000,1.764818e+003,1.760020e+003,4.757737e+000,...
 1.367289e-002,0.000000e+000,0.000000e+000,...
 1.755860e+003,1.760040e+003,6.926816e-005,0.000000e+000,...
 1.759827e+003,1.759827e+003,7.033253e-005,0.000000e+000;...
2.200000e+000,1.389448e+003,1.384848e+003,4.565329e+000,...
 1.537093e-002,0.000000e+000,0.000000e+000,...
 1.386585e+003,1.389585e+003,8.501159e-005,0.000000e+000,...
 1.384696e+003,1.384696e+003,8.644583e-005,0.000000e+000;...
2.500000e+000,1.013187e+003,1.008983e+003,4.214788e+000,...
 1.784702e-002,0.000000e+000,0.000000e+000,...
 1.010178e+003,1.012101e+003,1.114336e-004,0.000000e+000,...
 1.008878e+003,1.008878e+003,1.135197e-004,0.000000e+000;...
2.800000e+000,7.686949e+002,7.647874e+002,3.855741e+000,...
 2.024594e-002,0.000000e+000,0.000000e+000,...
 7.637728e+002,7.650704e+002,1.404373e-004,0.000000e+000,...
 7.647266e+002,7.647266e+002,1.430226e-004,0.000000e+000;...
3.200000e+000,5.499228e+002,5.465593e+002,3.334061e+000,...
 2.334278e-002,0.000000e+000,0.000000e+000,...
 5.470764e+002,5.478894e+002,1.833424e-004,0.000000e+000,...
 5.465364e+002,5.465364e+002,1.861222e-004,0.000000e+000;...
3.480700e+000,4.441722e+002,4.412292e+002,2.914521e+000,...
 2.534650e-002,0.000000e+000,0.000000e+000,...
 4.410964e+002,4.416989e+002,2.152653e-004,0.000000e+000,...
 4.411885e+002,4.411885e+002,2.200919e-004,0.000000e+000;...
3.500000e+000,4.368963e+002,4.339978e+002,2.876287e+000,...
 2.548450e-002,0.000000e+000,0.000000e+000,...
 4.348941e+002,4.354848e+002,2.175497e-004,0.000000e+000,...
 4.339731e+002,4.339731e+002,2.224182e-004,0.000000e+000;...
3.741700e+000,3.722935e+002,3.698599e+002,2.403971e+000,...
 2.720530e-002,0.000000e+000,0.000000e+000,...
 3.665325e+002,3.669981e+002,2.471281e-004,0.000000e+000,...
 3.698277e+002,3.698277e+002,2.515766e-004,0.000000e+000;...
3.889200e+000,3.373483e+002,3.352808e+002,2.038197e+000,...
 2.825588e-002,0.000000e+000,0.000000e+000,...
 3.319779e+002,3.323835e+002,2.660582e-004,0.000000e+000,...
 3.352543e+002,3.352504e+002,2.693617e-004,0.000000e+000;...
3.976100e+000,3.166780e+002,3.149072e+002,1.739938e+000,...
 2.887465e-002,0.000000e+000,0.000000e+000,...
 3.137113e+002,3.140863e+002,2.775222e-004,0.000000e+000,...
 3.148840e+002,3.148802e+002,2.798330e-004,0.000000e+000;...
4.000000e+000,3.109502e+002,3.092982e+002,1.622564e+000,...
 2.904530e-002,0.000000e+000,0.000000e+000,...
 3.089332e+002,3.093001e+002,2.807156e-004,0.000000e+000,...
 3.092736e+002,3.092736e+002,2.827193e-004,0.000000e+000;...
4.047800e+000,3.028878e+002,3.014980e+002,1.358583e+000,...
 2.938461e-002,0.000000e+000,0.000000e+000,...
 2.997597e+002,3.001115e+002,2.871543e-004,0.000000e+000,...
 3.014751e+002,3.014751e+002,2.884563e-004,0.000000e+000;...
4.073900e+000,2.984214e+002,2.972343e+002,1.159497e+000,...
 2.957059e-002,0.000000e+000,0.000000e+000,...
 2.949103e+002,2.952543e+002,2.906995e-004,0.000000e+000,...
 2.972104e+002,2.972104e+002,2.916085e-004,0.000000e+000;...
4.105400e+000,2.931042e+002,2.920853e+002,9.858842e-001,...
 2.979466e-002,0.000000e+000,0.000000e+000,...
 2.892022e+002,2.895369e+002,2.949839e-004,0.000000e+000,...
 2.920722e+002,2.920722e+002,2.954032e-004,0.000000e+000;...
4.130500e+000,2.890779e+002,2.879898e+002,1.057902e+000,...
 2.995590e-002,0.000000e+000,0.000000e+000,...
 2.847633e+002,2.850908e+002,2.982933e-004,0.000000e+000,...
 2.879672e+002,2.879672e+002,2.989850e-004,0.000000e+000;...
4.130500e+000,8.701917e+002,8.691035e+002,1.057902e+000,...
 2.995590e-002,0.000000e+000,0.000000e+000,...
 8.651678e+002,8.661635e+002,2.983063e-004,0.000000e+000,...
 8.299691e+002,8.299691e+002,2.989850e-004,0.000000e+000;...
4.159000e+000,8.595573e+002,8.581229e+002,1.366497e+000,...
 3.013644e-002,0.000000e+000,0.000000e+000,...
 8.535909e+002,8.545665e+002,3.020274e-004,0.000000e+000,...
 8.196819e+002,8.196819e+002,3.031098e-004,0.000000e+000;...
4.160300e+000,8.590627e+002,8.576283e+002,1.382622e+000,...
 3.014485e-002,0.000000e+000,0.000000e+000,...
 8.530661e+002,8.540408e+002,3.021982e-004,0.000000e+000,...
 8.192102e+002,8.192102e+002,3.033025e-004,0.000000e+000;...
4.193000e+000,8.468455e+002,8.450648e+002,1.751908e+000,...
 3.035259e-002,0.000000e+000,0.000000e+000,...
 8.400400e+002,8.409923e+002,3.065088e-004,0.000000e+000,...
 8.074392e+002,8.074392e+002,3.080409e-004,0.000000e+000;...
4.367900e+000,7.800712e+002,7.779444e+002,2.086274e+000,...
 3.146302e-002,0.000000e+000,0.000000e+000,...
 7.752078e+002,7.760513e+002,3.300288e-004,0.000000e+000,...
 7.443127e+002,7.443127e+002,3.332692e-004,0.000000e+000;...
4.386000e+000,7.728992e+002,7.706734e+002,2.192222e+000,...
 3.157778e-002,0.000000e+000,0.000000e+000,...
 7.685150e+002,7.693478e+002,3.325072e-004,0.000000e+000,...
 7.374587e+002,7.374587e+002,3.358637e-004,0.000000e+000;...
4.386000e+000,1.046179e+003,1.043953e+003,2.192222e+000,...
 3.157778e-002,0.000000e+000,0.000000e+000,...
 1.041458e+003,1.042587e+003,3.325210e-004,0.000000e+000,...
 9.899230e+002,9.899230e+002,3.358637e-004,0.000000e+000;...
4.470400e+000,1.000327e+003,9.974584e+002,2.840377e+000,...
 3.211296e-002,0.000000e+000,0.000000e+000,...
 9.957907e+002,9.968495e+002,3.441728e-004,0.000000e+000,...
 9.466945e+002,9.466945e+002,3.479604e-004,0.000000e+000;...
4.500000e+000,9.843015e+002,9.813337e+002,2.931339e+000,...
 3.230141e-002,0.000000e+000,0.000000e+000,...
 9.803737e+002,9.814091e+002,3.483070e-004,0.000000e+000,...
 9.316662e+002,9.316662e+002,3.522145e-004,0.000000e+000;...
4.669000e+000,9.094154e+002,9.062003e+002,3.176623e+000,...
 3.336139e-002,0.000000e+000,0.000000e+000,...
 8.985342e+002,8.994487e+002,3.723313e-004,0.000000e+000,...
 8.618041e+002,8.618041e+002,3.762450e-004,0.000000e+000;...
4.673700e+000,9.072390e+002,9.039745e+002,3.198980e+000,...
 3.339107e-002,0.000000e+000,0.000000e+000,...
 8.962127e+002,8.971240e+002,3.730096e-004,0.000000e+000,...
 8.597543e+002,8.597543e+002,3.769220e-004,0.000000e+000;...
4.673700e+000,1.044101e+003,1.040837e+003,3.198980e+000,...
 3.339107e-002,0.000000e+000,0.000000e+000,...
 1.032888e+003,1.033939e+003,3.730240e-004,0.000000e+000,...
 9.876973e+002,9.876973e+002,3.769220e-004,0.000000e+000;...
4.824700e+000,9.679788e+002,9.640713e+002,3.856384e+000,...
 3.433827e-002,0.000000e+000,0.000000e+000,...
 9.552620e+002,9.562029e+002,3.950966e-004,0.000000e+000,...
