 
function zr =z52(flag,e)

za = [9.910799e-001,8.957556e+003,8.953309e+003,4.304535e+000,...
 4.680300e-003,0.000000e+000,0.000000e+000,...
 8.729241e+003,8.770901e+003,1.269404e-005,0.000000e+000,...
 8.951806e+003,8.951806e+003,1.240343e-005,0.000000e+000;...
1.000000e+000,8.775385e+003,8.771137e+003,4.397367e+000,...
 4.750147e-003,0.000000e+000,0.000000e+000,...
 8.729241e+003,8.770901e+003,1.269404e-005,0.000000e+000,...
 8.769551e+003,8.769551e+003,1.268606e-005,0.000000e+000;...
1.100000e+000,7.146223e+003,7.141032e+003,4.876630e+000,...
 5.543491e-003,0.000000e+000,0.000000e+000,...
 7.122420e+003,7.153308e+003,1.618268e-005,0.000000e+000,...
 7.139860e+003,7.139860e+003,1.639860e-005,0.000000e+000;...
1.250000e+000,5.431639e+003,5.426920e+003,5.054082e+000,...
 6.810197e-003,0.000000e+000,0.000000e+000,...
 5.407756e+003,5.428383e+003,2.227747e-005,0.000000e+000,...
 5.425898e+003,5.425898e+003,2.258205e-005,0.000000e+000;...
1.400000e+000,4.206842e+003,4.201745e+003,5.103164e+000,...
 8.080207e-003,0.000000e+000,0.000000e+000,...
 4.189323e+003,4.203584e+003,2.946393e-005,0.000000e+000,...
 4.201122e+003,4.201122e+003,2.993934e-005,0.000000e+000;...
1.600000e+000,3.089035e+003,3.083938e+003,5.057857e+000,...
 9.802814e-003,0.000000e+000,0.000000e+000,...
 3.082240e+003,3.091417e+003,4.045976e-005,0.000000e+000,...
 3.083534e+003,3.083534e+003,4.125802e-005,0.000000e+000;...
1.800000e+000,2.338026e+003,2.333071e+003,4.925240e+000,...
 1.153580e-002,0.000000e+000,0.000000e+000,...
 2.334500e+003,2.340677e+003,5.279943e-005,0.000000e+000,...
 2.332799e+003,2.332799e+003,5.407140e-005,0.000000e+000;...
2.000000e+000,1.829786e+003,1.825020e+003,4.761946e+000,...
 1.325983e-002,0.000000e+000,0.000000e+000,...
 1.820685e+003,1.825020e+003,6.699499e-005,0.000000e+000,...
 1.824840e+003,1.824840e+003,6.847356e-005,0.000000e+000;...
2.200000e+000,1.441515e+003,1.436937e+003,4.575763e+000,...
 1.494751e-002,0.000000e+000,0.000000e+000,...
 1.438702e+003,1.441815e+003,8.284434e-005,0.000000e+000,...
 1.436772e+003,1.436772e+003,8.433130e-005,0.000000e+000;...
2.500000e+000,1.052064e+003,1.047817e+003,4.246580e+000,...
 1.740871e-002,0.000000e+000,0.000000e+000,...
 1.049053e+003,1.051050e+003,1.083753e-004,0.000000e+000,...
 1.047692e+003,1.047692e+003,1.111026e-004,0.000000e+000;...
2.800000e+000,7.987705e+002,7.948533e+002,3.911639e+000,...
 1.979204e-002,0.000000e+000,0.000000e+000,...
 7.937856e+002,7.951342e+002,1.373640e-004,0.000000e+000,...
 7.947574e+002,7.947574e+002,1.403961e-004,0.000000e+000;...
3.200000e+000,5.720471e+002,5.686019e+002,3.441297e+000,...
 2.290737e-002,0.000000e+000,0.000000e+000,...
 5.691025e+002,5.699484e+002,1.799856e-004,0.000000e+000,...
 5.685597e+002,5.685597e+002,1.820713e-004,0.000000e+000;...
3.500000e+000,4.548060e+002,4.517383e+002,3.040331e+000,...
 2.511231e-002,0.000000e+000,0.000000e+000,...
 4.526728e+002,4.532877e+002,2.141114e-004,0.000000e+000,...
 4.516987e+002,4.516987e+002,2.158562e-004,0.000000e+000;...
3.646200e+000,4.142421e+002,4.113774e+002,2.840791e+000,...
 2.610717e-002,0.000000e+000,0.000000e+000,...
 4.077441e+002,4.082757e+002,2.315414e-004,0.000000e+000,...
 4.113389e+002,4.113389e+002,2.341611e-004,0.000000e+000;...
3.794200e+000,3.748534e+002,3.722341e+002,2.589621e+000,...
 2.708269e-002,0.000000e+000,0.000000e+000,...
 3.683398e+002,3.688012e+002,2.492236e-004,0.000000e+000,...
 3.722027e+002,3.722027e+002,2.533852e-004,0.000000e+000;...
3.958100e+000,3.347332e+002,3.324207e+002,2.286395e+000,...
 2.816203e-002,0.000000e+000,0.000000e+000,...
 3.306225e+002,3.310194e+002,2.695011e-004,0.000000e+000,...
 3.323921e+002,3.323921e+002,2.745830e-004,0.000000e+000;...
4.000000e+000,3.244353e+002,3.222266e+002,2.178366e+000,...
 2.843859e-002,0.000000e+000,0.000000e+000,...
 3.218476e+002,3.222299e+002,2.748016e-004,0.000000e+000,...
 3.222035e+002,3.222035e+002,2.800040e-004,0.000000e+000;...
4.181200e+000,2.927252e+002,2.910215e+002,1.676120e+000,...
 2.962129e-002,0.000000e+000,0.000000e+000,...
 2.878133e+002,2.881404e+002,2.982686e-004,0.000000e+000,...
 2.909965e+002,2.909965e+002,3.032461e-004,0.000000e+000;...
4.252800e+000,2.800534e+002,2.786989e+002,1.324756e+000,...
 3.008852e-002,0.000000e+000,0.000000e+000,...
 2.757453e+002,2.760533e+002,3.077849e-004,0.000000e+000,...
 2.786777e+002,2.786777e+002,3.123998e-004,0.000000e+000;...
4.280200e+000,2.751310e+002,2.739653e+002,1.133145e+000,...
 3.026786e-002,0.000000e+000,0.000000e+000,...
 2.713138e+002,2.716149e+002,3.114625e-004,0.000000e+000,...
 2.739470e+002,2.739470e+002,3.159225e-004,0.000000e+000;...
4.312500e+000,2.694157e+002,2.684152e+002,9.671612e-001,...
 3.047835e-002,0.000000e+000,0.000000e+000,...
 2.662166e+002,2.665097e+002,3.158236e-004,0.000000e+000,...
 2.683947e+002,2.683947e+002,3.200335e-004,0.000000e+000;...
4.339700e+000,2.647906e+002,2.637240e+002,1.036868e+000,...
 3.065580e-002,0.000000e+000,0.000000e+000,...
 2.620271e+002,2.623139e+002,3.195181e-004,0.000000e+000,...
 2.637028e+002,2.637028e+002,3.235077e-004,0.000000e+000;...
4.339700e+000,7.884348e+002,7.873494e+002,1.036868e+000,...
 3.065580e-002,0.000000e+000,0.000000e+000,...
 7.850311e+002,7.858908e+002,3.195317e-004,0.000000e+000,...
 7.497490e+002,7.497490e+002,3.235077e-004,0.000000e+000;...
4.340000e+000,7.882933e+002,7.872078e+002,1.038000e+000,...
 3.065768e-002,0.000000e+000,0.000000e+000,...
 7.849581e+002,7.858177e+002,3.195589e-004,0.000000e+000,...
 7.496234e+002,7.496234e+002,3.235407e-004,0.000000e+000;...
4.370000e+000,7.772969e+002,7.758810e+002,1.341415e+000,...
 3.085401e-002,0.000000e+000,0.000000e+000,...
 7.740906e+002,7.749324e+002,3.236563e-004,0.000000e+000,...
 7.390497e+002,7.390497e+002,3.273815e-004,0.000000e+000;...
4.391100e+000,7.699817e+002,7.683771e+002,1.579041e+000,...
 3.099135e-002,0.000000e+000,0.000000e+000,...
 7.664590e+002,7.672886e+002,3.265530e-004,0.000000e+000,...
 7.320315e+002,7.320315e+002,3.300674e-004,0.000000e+000;...
4.482600e+000,7.377477e+002,7.357183e+002,1.987416e+000,...
 3.158883e-002,0.000000e+000,0.000000e+000,...
 7.346244e+002,7.354033e+002,3.392501e-004,0.000000e+000,...
 7.014302e+002,7.014302e+002,3.417417e-004,0.000000e+000;...
4.500000e+000,7.315180e+002,7.294886e+002,2.004359e+000,...
 3.170257e-002,0.000000e+000,0.000000e+000,...
 7.287937e+002,7.295633e+002,3.416897e-004,0.000000e+000,...
 6.955485e+002,6.955485e+002,3.439637e-004,0.000000e+000;...
4.618200e+000,6.950837e+002,6.929600e+002,2.111208e+000,...
 3.244825e-002,0.000000e+000,0.000000e+000,...
 6.906022e+002,6.913129e+002,3.582524e-004,0.000000e+000,...
 6.613674e+002,6.613674e+002,3.598847e-004,0.000000e+000;...
4.618200e+000,9.412041e+002,9.390804e+002,2.111208e+000,...
 3.244825e-002,0.000000e+000,0.000000e+000,...
 9.364167e+002,9.373805e+002,3.582660e-004,0.000000e+000,...
 8.873407e+002,8.873407e+002,3.598847e-004,0.000000e+000;...
4.642400e+000,9.308685e+002,9.285559e+002,2.298666e+000,...
 3.258653e-002,0.000000e+000,0.000000e+000,...
 9.249059e+002,9.258528e+002,3.615340e-004,0.000000e+000,...
 8.776406e+002,8.776406e+002,3.637735e-004,0.000000e+000;...
4.717800e+000,8.984929e+002,8.957084e+002,2.764194e+000,...
 3.301695e-002,0.000000e+000,0.000000e+000,...
 8.901641e+002,8.910608e+002,3.718403e-004,0.000000e+000,...
 8.473094e+002,8.473094e+002,3.758610e-004,0.000000e+000;...
4.910000e+000,8.167516e+002,8.136840e+002,3.034478e+000,...
 3.411328e-002,0.000000e+000,0.000000e+000,...
 8.095781e+002,8.103615e+002,3.986686e-004,0.000000e+000,...
 7.712870e+002,7.712870e+002,4.064507e-004,0.000000e+000;...
4.914200e+000,8.149111e+002,8.117962e+002,3.050241e+000,...
 3.413735e-002,0.000000e+000,0.000000e+000,...
 8.077917e+002,8.085728e+002,3.992638e-004,0.000000e+000,...
 7.695190e+002,7.695190e+002,4.071143e-004,0.000000e+000;...
4.914200e+000,9.393163e+002,9.362015e+002,3.050241e+000,...
 3.413735e-002,0.000000e+000,0.000000e+000,...
 9.320388e+002,9.329401e+002,3.992780e-004,0.000000e+000,...
