 
function zr =z53(flag,e)

za = [9.272000e-001,1.059007e+004,1.058627e+004,3.829859e+000,...
 4.115254e-003,0.000000e+000,0.000000e+000,...
 9.002584e+003,9.045548e+003,1.257554e-005,0.000000e+000,...
 1.058411e+004,1.058411e+004,1.039904e-005,0.000000e+000;...
1.000000e+000,9.050626e+003,9.045881e+003,4.397374e+000,...
 4.693731e-003,0.000000e+000,0.000000e+000,...
 9.002584e+003,9.045548e+003,1.257554e-005,0.000000e+000,...
 9.044422e+003,9.044422e+003,1.258986e-005,0.000000e+000;...
1.055400e+000,8.132371e+003,8.127625e+003,4.518812e+000,...
 5.137958e-003,0.000000e+000,0.000000e+000,...
 8.079739e+003,8.116265e+003,1.445229e-005,0.000000e+000,...
 8.126275e+003,8.126275e+003,1.463198e-005,0.000000e+000;...
1.055400e+000,8.473572e+003,8.468827e+003,4.518812e+000,...
 5.137958e-003,0.000000e+000,0.000000e+000,...
 8.417975e+003,8.456026e+003,1.445582e-005,0.000000e+000,...
 8.467416e+003,8.467416e+003,1.463198e-005,0.000000e+000;...
1.100000e+000,7.727105e+003,7.722359e+003,4.960476e+000,...
 5.495294e-003,0.000000e+000,0.000000e+000,...
 7.698196e+003,7.731580e+003,1.608084e-005,0.000000e+000,...
 7.720818e+003,7.720818e+003,1.631532e-005,0.000000e+000;...
1.250000e+000,5.819412e+003,5.814192e+003,5.247104e+000,...
 6.781326e-003,0.000000e+000,0.000000e+000,...
 5.806881e+003,5.829030e+003,2.220495e-005,0.000000e+000,...
 5.813063e+003,5.813063e+003,2.256065e-005,0.000000e+000;...
1.400000e+000,4.545908e+003,4.540593e+003,5.319710e+000,...
 8.079221e-003,0.000000e+000,0.000000e+000,...
 4.525908e+003,4.541314e+003,2.943246e-005,0.000000e+000,...
 4.539844e+003,4.539844e+003,3.007824e-005,0.000000e+000;...
1.600000e+000,3.358156e+003,3.352794e+003,5.339167e+000,...
 9.849768e-003,0.000000e+000,0.000000e+000,...
 3.350969e+003,3.360946e+003,4.069964e-005,0.000000e+000,...
 3.352308e+003,3.352308e+003,4.166329e-005,0.000000e+000;...
1.800000e+000,2.545156e+003,2.539889e+003,5.221953e+000,...
 1.164215e-002,0.000000e+000,0.000000e+000,...
 2.541486e+003,2.548210e+003,5.341480e-005,0.000000e+000,...
 2.539441e+003,2.539441e+003,5.480844e-005,0.000000e+000;...
2.000000e+000,1.994393e+003,1.989315e+003,5.072470e+000,...
 1.343073e-002,0.000000e+000,0.000000e+000,...
 1.984524e+003,1.989248e+003,6.812080e-005,0.000000e+000,...
 1.988945e+003,1.988945e+003,6.964401e-005,0.000000e+000;...
2.200000e+000,1.572423e+003,1.567488e+003,4.884548e+000,...
 1.518609e-002,0.000000e+000,0.000000e+000,...
 1.569349e+003,1.572745e+003,8.400223e-005,0.000000e+000,...
 1.567306e+003,1.567306e+003,8.602895e-005,0.000000e+000;...
2.500000e+000,1.148744e+003,1.144189e+003,4.554972e+000,...
 1.775341e-002,0.000000e+000,0.000000e+000,...
 1.145475e+003,1.147655e+003,1.104736e-004,0.000000e+000,...
 1.144016e+003,1.144016e+003,1.137607e-004,0.000000e+000;...
2.800000e+000,8.727457e+002,8.685222e+002,4.210544e+000,...
 2.024717e-002,0.000000e+000,0.000000e+000,...
 8.673236e+002,8.687972e+002,1.405596e-004,0.000000e+000,...
 8.684440e+002,8.684440e+002,1.441901e-004,0.000000e+000;...
3.200000e+000,6.255049e+002,6.217560e+002,3.745626e+000,...
 2.351350e-002,0.000000e+000,0.000000e+000,...
 6.223318e+002,6.232567e+002,1.847825e-004,0.000000e+000,...
 6.216785e+002,6.216785e+002,1.875951e-004,0.000000e+000;...
3.500000e+000,4.978983e+002,4.944816e+002,3.373532e+000,...
 2.582551e-002,0.000000e+000,0.000000e+000,...
 4.955338e+002,4.962070e+002,2.204932e-004,0.000000e+000,...
 4.944422e+002,4.944422e+002,2.227934e-004,0.000000e+000;...
4.000000e+000,3.559650e+002,3.533028e+002,2.630718e+000,...
 2.929115e-002,0.000000e+000,0.000000e+000,...
 3.528748e+002,3.532940e+002,2.829680e-004,0.000000e+000,...
 3.532657e+002,3.532657e+002,2.889858e-004,0.000000e+000;...
4.393900e+000,2.816172e+002,2.798803e+002,1.705677e+000,...
 3.197189e-002,0.000000e+000,0.000000e+000,...
 2.775558e+002,2.778557e+002,3.369249e-004,0.000000e+000,...
 2.798597e+002,2.798597e+002,3.410777e-004,0.000000e+000;...
4.467500e+000,2.684152e+002,2.670390e+002,1.341839e+000,...
 3.247254e-002,0.000000e+000,0.000000e+000,...
 2.660160e+002,2.662988e+002,3.474868e-004,0.000000e+000,...
 2.670129e+002,2.670129e+002,3.507732e-004,0.000000e+000;...
4.500000e+000,2.625213e+002,2.613681e+002,1.119749e+000,...
 3.269368e-002,0.000000e+000,0.000000e+000,...
 2.611324e+002,2.614079e+002,3.521989e-004,0.000000e+000,...
 2.613433e+002,2.613433e+002,3.550597e-004,0.000000e+000;...
4.535800e+000,2.576429e+002,2.566084e+002,9.985016e-001,...
 3.293570e-002,0.000000e+000,0.000000e+000,...
 2.558959e+002,2.561638e+002,3.574230e-004,0.000000e+000,...
 2.565884e+002,2.565840e+002,3.597434e-004,0.000000e+000;...
4.554500e+000,2.552654e+002,2.541550e+002,1.075901e+000,...
 3.306288e-002,0.000000e+000,0.000000e+000,...
 2.532111e+002,2.534750e+002,3.601663e-004,0.000000e+000,...
 2.541320e+002,2.541320e+002,3.622123e-004,0.000000e+000;...
4.554500e+000,7.541081e+002,7.530166e+002,1.075901e+000,...
 3.306288e-002,0.000000e+000,0.000000e+000,...
 7.514752e+002,7.522593e+002,3.601809e-004,0.000000e+000,...
 7.148493e+002,7.148493e+002,3.622123e-004,0.000000e+000;...
4.555300e+000,7.538234e+002,7.527319e+002,1.079270e+000,...
 3.306857e-002,0.000000e+000,0.000000e+000,...
 7.512311e+002,7.520148e+002,3.602838e-004,0.000000e+000,...
 7.145902e+002,7.145902e+002,3.623268e-004,0.000000e+000;...
4.586000e+000,7.445696e+002,7.431460e+002,1.383979e+000,...
 3.327642e-002,0.000000e+000,0.000000e+000,...
 7.406420e+002,7.414095e+002,3.648082e-004,0.000000e+000,...
 7.056931e+002,7.056931e+002,3.663500e-004,0.000000e+000;...
4.591000e+000,7.430511e+002,7.415800e+002,1.440735e+000,...
 3.330964e-002,0.000000e+000,0.000000e+000,...
 7.389352e+002,7.397001e+002,3.655471e-004,0.000000e+000,...
 7.042176e+002,7.042176e+002,3.669893e-004,0.000000e+000;...
4.632200e+000,7.305704e+002,7.287197e+002,1.829060e+000,...
 3.354929e-002,0.000000e+000,0.000000e+000,...
 7.250881e+002,7.258320e+002,3.712515e-004,0.000000e+000,...
 6.922615e+002,6.922615e+002,3.737748e-004,0.000000e+000;...
4.837500e+000,6.667433e+002,6.646079e+002,2.082802e+000,...
 3.474326e-002,0.000000e+000,0.000000e+000,...
 6.614716e+002,6.621213e+002,4.002312e-004,0.000000e+000,...
 6.324827e+002,6.324827e+002,4.073652e-004,0.000000e+000;...
4.857500e+000,6.604793e+002,6.582489e+002,2.181698e+000,...
 3.485953e-002,0.000000e+000,0.000000e+000,...
 6.554801e+002,6.561212e+002,4.031039e-004,0.000000e+000,...
 6.265378e+002,6.265378e+002,4.106112e-004,0.000000e+000;...
4.857500e+000,8.925345e+002,8.903041e+002,2.181698e+000,...
 3.485953e-002,0.000000e+000,0.000000e+000,...
 8.872606e+002,8.881285e+002,4.031183e-004,0.000000e+000,...
 8.382930e+002,8.382930e+002,4.106112e-004,0.000000e+000;...
4.904700e+000,8.718915e+002,8.692815e+002,2.540411e+000,...
 3.513429e-002,0.000000e+000,0.000000e+000,...
 8.663901e+002,8.672295e+002,4.099166e-004,0.000000e+000,...
 8.190182e+002,8.189768e+002,4.182766e-004,0.000000e+000;...
5.000000e+000,8.299413e+002,8.269990e+002,2.922377e+000,...
 3.568809e-002,0.000000e+000,0.000000e+000,...
 8.261974e+002,8.269825e+002,4.238196e-004,0.000000e+000,...
 7.800001e+002,7.800001e+002,4.337120e-004,0.000000e+000;...
5.161700e+000,7.712868e+002,7.681548e+002,3.119932e+000,...
 3.661251e-002,0.000000e+000,0.000000e+000,...
 7.637665e+002,7.644695e+002,4.478564e-004,0.000000e+000,...
 7.258171e+002,7.258171e+002,4.595794e-004,0.000000e+000;...
5.161900e+000,8.838027e+002,8.806707e+002,3.120786e+000,...
 3.661346e-002,0.000000e+000,0.000000e+000,...
 7.636931e+002,7.643960e+002,4.478864e-004,0.000000e+000,...
 8.321229e+002,8.321229e+002,4.596009e-004,0.000000e+000;...
5.294700e+000,8.327411e+002,8.290396e+002,3.671312e+000,...
 3.737227e-002,0.000000e+000,0.000000e+000,...
 8.248818e+002,8.256220e+002,4.680458e-004,0.000000e+000,...
 7.824427e+002,7.824427e+002,4.806751e-004,0.000000e+000;...
5.497700e+000,7.567656e+002,7.527794e+002,3.939908e+000,...
 3.853254e-002,0.000000e+000,0.000000e+000,...
 7.522691e+002,7.529190e+002,4.995841e-004,0.000000e+000,...
