 
function zr =z54(flag,e)

za = [9.894701e-001,9.638482e+003,9.634813e+003,3.852503e+000,...
 4.342936e-003,0.000000e+000,0.000000e+000,...
 9.341462e+003,9.386043e+003,1.186267e-005,0.000000e+000,...
 9.632772e+003,9.632772e+003,1.157320e-005,0.000000e+000;...
1.000000e+000,9.389895e+003,9.385768e+003,4.068664e+000,...
 4.422419e-003,0.000000e+000,0.000000e+000,...
 9.341462e+003,9.386043e+003,1.186267e-005,0.000000e+000,...
 9.383896e+003,9.383896e+003,1.187804e-005,0.000000e+000;...
1.100000e+000,7.694733e+003,7.690146e+003,4.391231e+000,...
 5.196479e-003,0.000000e+000,0.000000e+000,...
 7.657927e+003,7.691137e+003,1.522206e-005,0.000000e+000,...
 7.688744e+003,7.688744e+003,1.535880e-005,0.000000e+000;...
1.122000e+000,7.397071e+003,7.392484e+003,4.441865e+000,...
 5.374893e-003,0.000000e+000,0.000000e+000,...
 7.356807e+003,7.388082e+003,1.603148e-005,0.000000e+000,...
 7.391282e+003,7.391282e+003,1.617056e-005,0.000000e+000;...
1.122000e+000,7.707575e+003,7.702989e+003,4.441865e+000,...
 5.374893e-003,0.000000e+000,0.000000e+000,...
 7.664772e+003,7.697354e+003,1.603522e-005,0.000000e+000,...
 7.701643e+003,7.701643e+003,1.617056e-005,0.000000e+000;...
1.250000e+000,6.068827e+003,6.063782e+003,5.132727e+000,...
 6.395384e-003,0.000000e+000,0.000000e+000,...
 6.059204e+003,6.082314e+003,2.108415e-005,0.000000e+000,...
 6.062307e+003,6.062307e+003,2.157296e-005,0.000000e+000;...
1.400000e+000,4.736455e+003,4.730951e+003,5.260689e+000,...
 7.651620e-003,0.000000e+000,0.000000e+000,...
 4.726673e+003,4.742763e+003,2.801201e-005,0.000000e+000,...
 4.730035e+003,4.730035e+003,2.869034e-005,0.000000e+000;...
1.600000e+000,3.501821e+003,3.496501e+003,5.302426e+000,...
 9.376136e-003,0.000000e+000,0.000000e+000,...
 3.494732e+003,3.505137e+003,3.877706e-005,0.000000e+000,...
 3.495839e+003,3.495839e+003,3.972206e-005,0.000000e+000;...
1.800000e+000,2.657588e+003,2.652360e+003,5.206569e+000,...
 1.110799e-002,0.000000e+000,0.000000e+000,...
 2.654119e+003,2.661140e+003,5.111475e-005,0.000000e+000,...
 2.651888e+003,2.651888e+003,5.246967e-005,0.000000e+000;...
2.000000e+000,2.085013e+003,2.079922e+003,5.082275e+000,...
 1.285635e-002,0.000000e+000,0.000000e+000,...
 2.074991e+003,2.079931e+003,6.526655e-005,0.000000e+000,...
 2.079582e+003,2.079582e+003,6.680143e-005,0.000000e+000;...
2.200000e+000,1.646270e+003,1.641317e+003,4.916704e+000,...
 1.457078e-002,0.000000e+000,0.000000e+000,...
 1.643430e+003,1.646985e+003,8.068806e-005,0.000000e+000,...
 1.641058e+003,1.641058e+003,8.283275e-005,0.000000e+000;...
2.500000e+000,1.205189e+003,1.200602e+003,4.608492e+000,...
 1.711077e-002,0.000000e+000,0.000000e+000,...
 1.202036e+003,1.204324e+003,1.065555e-004,0.000000e+000,...
 1.200408e+003,1.200408e+003,1.098964e-004,0.000000e+000;...
2.800000e+000,9.156902e+002,9.113789e+002,4.292209e+000,...
 1.958930e-002,0.000000e+000,0.000000e+000,...
 9.100958e+002,9.116420e+002,1.359447e-004,0.000000e+000,...
 9.112087e+002,9.112087e+002,1.400058e-004,0.000000e+000;...
3.200000e+000,6.555452e+002,6.516467e+002,3.854521e+000,...
 2.283653e-002,0.000000e+000,0.000000e+000,...
 6.522476e+002,6.532170e+002,1.794898e-004,0.000000e+000,...
 6.515947e+002,6.515947e+002,1.836037e-004,0.000000e+000;...
3.500000e+000,5.230877e+002,5.195562e+002,3.499665e+000,...
 2.512426e-002,0.000000e+000,0.000000e+000,...
 5.206083e+002,5.213156e+002,2.145235e-004,0.000000e+000,...
 5.194981e+002,5.194981e+002,2.195831e-004,0.000000e+000;...
4.000000e+000,3.753986e+002,3.725091e+002,2.862787e+000,...
 2.875721e-002,0.000000e+000,0.000000e+000,...
 3.720652e+002,3.725073e+002,2.777971e-004,0.000000e+000,...
 3.724690e+002,3.724690e+002,2.837396e-004,0.000000e+000;...
4.500000e+000,2.760096e+002,2.739962e+002,1.982688e+000,...
 3.207874e-002,0.000000e+000,0.000000e+000,...
 2.740316e+002,2.743208e+002,3.455238e-004,0.000000e+000,...
 2.739672e+002,2.739672e+002,3.525584e-004,0.000000e+000;...
4.774700e+000,2.380382e+002,2.369374e+002,1.069016e+000,...
 3.389132e-002,0.000000e+000,0.000000e+000,...
 2.349527e+002,2.351863e+002,3.856069e-004,0.000000e+000,...
 2.369163e+002,2.369163e+002,3.900222e-004,0.000000e+000;...
4.774700e+000,6.948054e+002,6.937047e+002,1.069016e+000,...
 3.389132e-002,0.000000e+000,0.000000e+000,...
 6.912501e+002,6.919380e+002,3.856220e-004,0.000000e+000,...
 6.543536e+002,6.543536e+002,3.900222e-004,0.000000e+000;...
5.000000e+000,6.180278e+002,6.159639e+002,2.035708e+000,...
 3.522048e-002,0.000000e+000,0.000000e+000,...
 6.153993e+002,6.159839e+002,4.181652e-004,0.000000e+000,...
 5.825379e+002,5.825379e+002,4.254120e-004,0.000000e+000;...
5.103900e+000,5.906924e+002,5.885367e+002,2.117668e+000,...
 3.579929e-002,0.000000e+000,0.000000e+000,...
 5.842872e+002,5.848309e+002,4.332440e-004,0.000000e+000,...
 5.572333e+002,5.572333e+002,4.423454e-004,0.000000e+000;...
5.103900e+000,8.054772e+002,8.033215e+002,2.117668e+000,...
 3.579929e-002,0.000000e+000,0.000000e+000,...
 7.988061e+002,7.995497e+002,4.332586e-004,0.000000e+000,...
 7.506658e+002,7.506658e+002,4.423454e-004,0.000000e+000;...
5.382900e+000,7.112709e+002,7.083356e+002,2.877556e+000,...
 3.735273e-002,0.000000e+000,0.000000e+000,...
 7.038738e+002,7.044949e+002,4.748373e-004,0.000000e+000,...
 6.641709e+002,6.641709e+002,4.874226e-004,0.000000e+000;...
5.416900e+000,6.998047e+002,6.967776e+002,2.983871e+000,...
 3.754169e-002,0.000000e+000,0.000000e+000,...
 6.934131e+002,6.940212e+002,4.800153e-004,0.000000e+000,...
 6.535737e+002,6.535737e+002,4.928614e-004,0.000000e+000;...
5.416900e+000,8.083666e+002,8.053395e+002,2.983871e+000,...
 3.754169e-002,0.000000e+000,0.000000e+000,...
 8.018541e+002,8.025573e+002,4.800307e-004,0.000000e+000,...
 7.529487e+002,7.529487e+002,4.928614e-004,0.000000e+000;...
5.500000e+000,7.775455e+002,7.741057e+002,3.381013e+000,...
 3.800447e-002,0.000000e+000,0.000000e+000,...
 7.735107e+002,7.741788e+002,4.927688e-004,0.000000e+000,...
 7.244623e+002,7.244623e+002,5.061693e-004,0.000000e+000;...
5.592100e+000,7.501183e+002,7.464951e+002,3.584424e+000,...
 3.850531e-002,0.000000e+000,0.000000e+000,...
 7.429410e+002,7.435720e+002,5.070674e-004,0.000000e+000,...
 6.993778e+002,6.993778e+002,5.207059e-004,0.000000e+000;...
5.886400e+000,6.622415e+002,6.583430e+002,3.861126e+000,...
 4.010599e-002,0.000000e+000,0.000000e+000,...
 6.559460e+002,6.564751e+002,5.539010e-004,0.000000e+000,...
 6.187301e+002,6.187301e+002,5.668158e-004,0.000000e+000;...
6.000000e+000,6.342181e+002,6.302278e+002,3.914421e+000,...
 4.072379e-002,0.000000e+000,0.000000e+000,...
 6.261962e+002,6.266917e+002,5.724411e-004,0.000000e+000,...
 5.930015e+002,5.930015e+002,5.844517e-004,0.000000e+000;...
6.300000e+000,5.606051e+002,5.566149e+002,3.987025e+000,...
 4.235520e-002,0.000000e+000,0.000000e+000,...
 5.563021e+002,5.567211e+002,6.226266e-004,0.000000e+000,...
 5.251550e+002,5.251550e+002,6.307953e-004,0.000000e+000;...
6.597700e+000,5.027697e+002,4.987794e+002,3.964918e+000,...
 4.394396e-002,0.000000e+000,0.000000e+000,...
 4.954912e+002,4.958474e+002,6.741642e-004,0.000000e+000,...
 4.717994e+002,4.717994e+002,6.758896e-004,0.000000e+000;...
6.645100e+000,4.938260e+002,4.898358e+002,3.961386e+000,...
 4.419713e-002,0.000000e+000,0.000000e+000,...
 4.862467e+002,4.865938e+002,6.825277e-004,0.000000e+000,...
 4.635260e+002,4.635260e+002,6.830574e-004,0.000000e+000;...
6.928200e+000,4.411090e+002,4.371234e+002,3.940380e+000,...
 4.550887e-002,0.000000e+000,0.000000e+000,...
 4.357011e+002,4.359993e+002,7.304467e-004,0.000000e+000,...
 4.146244e+002,4.146244e+002,7.424550e-004,0.000000e+000;...
7.000000e+000,4.277395e+002,4.237584e+002,3.935060e+000,...
 4.584184e-002,0.000000e+000,0.000000e+000,...
 4.240410e+002,4.243282e+002,7.427982e-004,0.000000e+000,...
 4.021694e+002,4.021694e+002,7.573102e-004,0.000000e+000;...
7.483300e+000,3.602861e+002,3.564381e+002,3.802923e+000,...
 4.802042e-002,0.000000e+000,0.000000e+000,...
 3.557296e+002,3.559547e+002,8.279958e-004,0.000000e+000,...
