 
function zr =z55(flag,e)

za = [9.906800e-001,9.530789e+003,9.527617e+003,3.212422e+000,...
 5.817701e-003,0.000000e+000,0.000000e+000,...
 9.265766e+003,9.309985e+003,1.515111e-005,0.000000e+000,...
 9.525511e+003,9.525511e+003,1.482800e-005,0.000000e+000;...
1.000000e+000,9.313305e+003,9.309680e+003,3.555503e+000,...
 5.889742e-003,0.000000e+000,0.000000e+000,...
 9.265766e+003,9.309985e+003,1.515111e-005,0.000000e+000,...
 9.308061e+003,9.308061e+003,1.513187e-005,0.000000e+000;...
1.059500e+000,8.308347e+003,8.304269e+003,4.045476e+000,...
 6.342834e-003,0.000000e+000,0.000000e+000,...
 8.216290e+003,8.253290e+003,1.722251e-005,0.000000e+000,...
 8.302579e+003,8.302579e+003,1.761300e-005,0.000000e+000;...
1.059500e+000,8.781375e+003,8.777297e+003,4.045476e+000,...
 6.342834e-003,0.000000e+000,0.000000e+000,...
 8.685947e+003,8.725059e+003,1.722611e-005,0.000000e+000,...
 8.775760e+003,8.775760e+003,1.761300e-005,0.000000e+000;...
1.100000e+000,8.089957e+003,8.085425e+003,4.502148e+000,...
 6.651390e-003,0.000000e+000,0.000000e+000,...
 8.053338e+003,8.088262e+003,1.871606e-005,0.000000e+000,...
 8.083774e+003,8.083774e+003,1.932437e-005,0.000000e+000;...
1.196400e+000,6.838063e+003,6.833532e+003,4.654160e+000,...
 7.408506e-003,0.000000e+000,0.000000e+000,...
 6.789285e+003,6.816346e+003,2.254769e-005,0.000000e+000,...
 6.832207e+003,6.832207e+003,2.353073e-005,0.000000e+000;...
1.196400e+000,7.148884e+003,7.144354e+003,4.654160e+000,...
 7.408506e-003,0.000000e+000,0.000000e+000,...
 7.097993e+003,7.126282e+003,2.255187e-005,0.000000e+000,...
 7.142355e+003,7.142355e+003,2.353073e-005,0.000000e+000;...
1.250000e+000,6.476496e+003,6.471512e+003,5.181106e+000,...
 7.829881e-003,0.000000e+000,0.000000e+000,...
 6.453444e+003,6.478059e+003,2.484856e-005,0.000000e+000,...
 6.470048e+003,6.470048e+003,2.590667e-005,0.000000e+000;...
1.400000e+000,5.037023e+003,5.031586e+003,5.454321e+000,...
 9.047792e-003,0.000000e+000,0.000000e+000,...
 5.022681e+003,5.039779e+003,3.190709e-005,0.000000e+000,...
 5.030509e+003,5.030509e+003,3.280452e-005,0.000000e+000;...
1.600000e+000,3.719885e+003,3.714357e+003,5.519113e+000,...
 1.068663e-002,0.000000e+000,0.000000e+000,...
 3.712506e+003,3.723560e+003,4.272730e-005,0.000000e+000,...
 3.713628e+003,3.713628e+003,4.388348e-005,0.000000e+000;...
1.800000e+000,2.828698e+003,2.823261e+003,5.425776e+000,...
 1.231912e-002,0.000000e+000,0.000000e+000,...
 2.825195e+003,2.832669e+003,5.506047e-005,0.000000e+000,...
 2.822774e+003,2.822774e+003,5.730557e-005,0.000000e+000;...
2.000000e+000,2.223231e+003,2.217885e+003,5.316581e+000,...
 1.398967e-002,0.000000e+000,0.000000e+000,...
 2.212719e+003,2.217987e+003,6.897522e-005,0.000000e+000,...
 2.217539e+003,2.217539e+003,7.118526e-005,0.000000e+000;...
2.200000e+000,1.755958e+003,1.750747e+003,5.163888e+000,...
 1.565115e-002,0.000000e+000,0.000000e+000,...
 1.750139e+003,1.753925e+003,8.455844e-005,0.000000e+000,...
 1.750425e+003,1.750425e+003,8.680532e-005,0.000000e+000;...
2.500000e+000,1.285512e+003,1.280664e+003,4.843553e+000,...
 1.803351e-002,0.000000e+000,0.000000e+000,...
 1.279049e+003,1.281483e+003,1.098850e-004,0.000000e+000,...
 1.280448e+003,1.280448e+003,1.152974e-004,0.000000e+000;...
2.800000e+000,9.778630e+002,9.732867e+002,4.525845e+000,...
 2.044713e-002,0.000000e+000,0.000000e+000,...
 9.731675e+002,9.748210e+002,1.385850e-004,0.000000e+000,...
 9.731714e+002,9.731714e+002,1.443483e-004,0.000000e+000;...
3.200000e+000,7.050563e+002,7.009332e+002,4.093640e+000,...
 2.359658e-002,0.000000e+000,0.000000e+000,...
 7.010132e+002,7.020551e+002,1.813550e-004,0.000000e+000,...
 7.008309e+002,7.008309e+002,1.871496e-004,0.000000e+000;...
3.500000e+000,5.637370e+002,5.599310e+002,3.744578e+000,...
 2.579543e-002,0.000000e+000,0.000000e+000,...
 5.600889e+002,5.608498e+002,2.157381e-004,0.000000e+000,...
 5.598810e+002,5.598810e+002,2.246053e-004,0.000000e+000;...
3.981300e+000,4.077918e+002,4.045703e+002,3.189586e+000,...
 2.932094e-002,0.000000e+000,0.000000e+000,...
 4.033189e+002,4.038004e+002,2.768395e-004,0.000000e+000,...
 4.045206e+002,4.045206e+002,2.846328e-004,0.000000e+000;...
4.000000e+000,4.021055e+002,3.989112e+002,3.162491e+000,...
 2.945822e-002,0.000000e+000,0.000000e+000,...
 3.984555e+002,3.989290e+002,2.793616e-004,0.000000e+000,...
 3.988654e+002,3.988654e+002,2.869727e-004,0.000000e+000;...
4.234100e+000,3.488536e+002,3.459719e+002,2.852440e+000,...
 3.106761e-002,0.000000e+000,0.000000e+000,...
 3.430105e+002,3.433954e+002,3.108497e-004,0.000000e+000,...
 3.459316e+002,3.459316e+002,3.186192e-004,0.000000e+000;...
4.242600e+000,3.469098e+002,3.440417e+002,2.839255e+000,...
 3.112198e-002,0.000000e+000,0.000000e+000,...
 3.412030e+002,3.415851e+002,3.119808e-004,0.000000e+000,...
 3.440052e+002,3.440052e+002,3.198811e-004,0.000000e+000;...
4.500000e+000,2.946140e+002,2.921628e+002,2.418831e+000,...
 3.276081e-002,0.000000e+000,0.000000e+000,...
 2.921606e+002,2.924690e+002,3.470991e-004,0.000000e+000,...
 2.921279e+002,2.921279e+002,3.574776e-004,0.000000e+000;...
4.699500e+000,2.638943e+002,2.618237e+002,2.036965e+000,...
 3.401542e-002,0.000000e+000,0.000000e+000,...
 2.606089e+002,2.608721e+002,3.754665e-004,0.000000e+000,...
 2.617993e+002,2.617993e+002,3.862460e-004,0.000000e+000;...
4.789700e+000,2.516654e+002,2.498349e+002,1.797823e+000,...
 3.458224e-002,0.000000e+000,0.000000e+000,...
 2.484459e+002,2.486922e+002,3.886189e-004,0.000000e+000,...
 2.498131e+002,2.498019e+002,3.991926e-004,0.000000e+000;...
4.902600e+000,2.372344e+002,2.358344e+002,1.363716e+000,...
 3.529269e-002,0.000000e+000,0.000000e+000,...
 2.346307e+002,2.348578e+002,4.053661e-004,0.000000e+000,...
 2.358054e+002,2.358054e+002,4.153848e-004,0.000000e+000;...
4.937500e+000,2.326989e+002,2.315119e+002,1.152711e+000,...
 3.551199e-002,0.000000e+000,0.000000e+000,...
 2.305789e+002,2.308006e+002,4.106072e-004,0.000000e+000,...
 2.314894e+002,2.314894e+002,4.203640e-004,0.000000e+000;...
4.974700e+000,2.279279e+002,2.269039e+002,9.889638e-001,...
 3.574624e-002,0.000000e+000,0.000000e+000,...
 2.263678e+002,2.265837e+002,4.162267e-004,0.000000e+000,...
 2.268822e+002,2.268822e+002,4.256777e-004,0.000000e+000;...
5.000000e+000,2.248514e+002,2.237685e+002,1.045963e+000,...
 3.590527e-002,0.000000e+000,0.000000e+000,...
 2.235653e+002,2.237775e+002,4.200680e-004,0.000000e+000,...
 2.237480e+002,2.237480e+002,4.292899e-004,0.000000e+000;...
5.006100e+000,2.242714e+002,2.231659e+002,1.071381e+000,...
 3.594333e-002,0.000000e+000,0.000000e+000,...
 2.228969e+002,2.231082e+002,4.209967e-004,0.000000e+000,...
 2.231447e+002,2.231447e+002,4.301639e-004,0.000000e+000;...
5.006100e+000,6.644593e+002,6.633266e+002,1.071381e+000,...
 3.594333e-002,0.000000e+000,0.000000e+000,...
 6.626337e+002,6.632625e+002,4.210120e-004,0.000000e+000,...
 6.232439e+002,6.232439e+002,4.301639e-004,0.000000e+000;...
5.007600e+000,6.640062e+002,6.629188e+002,1.077770e+000,...
 3.595284e-002,0.000000e+000,0.000000e+000,...
 6.621678e+002,6.627961e+002,4.212250e-004,0.000000e+000,...
 6.228440e+002,6.228440e+002,4.303762e-004,0.000000e+000;...
5.041000e+000,6.547178e+002,6.532679e+002,1.389724e+000,...
 3.616081e-002,0.000000e+000,0.000000e+000,...
 6.511837e+002,6.517973e+002,4.263270e-004,0.000000e+000,...
 6.140677e+002,6.140677e+002,4.351080e-004,0.000000e+000;...
5.045500e+000,6.534492e+002,6.519993e+002,1.437797e+000,...
 3.618890e-002,0.000000e+000,0.000000e+000,...
 6.497035e+002,6.503152e+002,4.270165e-004,0.000000e+000,...
 6.128851e+002,6.128851e+002,4.357464e-004,0.000000e+000;...
5.093900e+000,6.399017e+002,6.379987e+002,1.848932e+000,...
 3.649067e-002,0.000000e+000,0.000000e+000,...
 6.340718e+002,6.346631e+002,4.344634e-004,0.000000e+000,...
 6.001337e+002,6.001337e+002,4.426219e-004,0.000000e+000;...
5.259100e+000,5.925083e+002,5.904241e+002,2.083362e+000,...
 3.743627e-002,0.000000e+000,0.000000e+000,...
 5.844940e+002,5.850219e+002,4.593481e-004,0.000000e+000,...
