 
function zr =z56(flag,e)

za = [8.066400e-001,1.426498e+004,1.426235e+004,2.941173e+000,...
 5.177538e-003,0.000000e+000,0.000000e+000,...
 8.442457e+003,8.482748e+003,1.762142e-005,0.000000e+000,...
 1.425950e+004,1.425950e+004,1.097710e-005,0.000000e+000;...
1.000000e+000,8.485410e+003,8.481464e+003,3.746217e+000,...
 6.871376e-003,0.000000e+000,0.000000e+000,...
 8.442457e+003,8.482748e+003,1.762142e-005,0.000000e+000,...
 8.480285e+003,8.480285e+003,1.759943e-005,0.000000e+000;...
1.057000e+000,7.553646e+003,7.550138e+003,3.612745e+000,...
 7.332653e-003,0.000000e+000,0.000000e+000,...
 7.454926e+003,7.488576e+003,1.980654e-005,0.000000e+000,...
 7.549128e+003,7.549128e+003,2.001595e-005,0.000000e+000;...
1.057000e+000,8.640631e+003,8.637123e+003,3.612745e+000,...
 7.332653e-003,0.000000e+000,0.000000e+000,...
 8.535472e+003,8.573995e+003,1.981049e-005,0.000000e+000,...
 8.635221e+003,8.635221e+003,2.001595e-005,0.000000e+000;...
1.100000e+000,7.898728e+003,7.894342e+003,4.338030e+000,...
 7.680366e-003,0.000000e+000,0.000000e+000,...
 7.861524e+003,7.895617e+003,2.154407e-005,0.000000e+000,...
 7.892987e+003,7.892987e+003,2.185247e-005,0.000000e+000;...
1.132200e+000,7.468143e+003,7.463319e+003,4.477290e+000,...
 7.945645e-003,0.000000e+000,0.000000e+000,...
 7.406292e+003,7.437493e+003,2.289554e-005,0.000000e+000,...
 7.462084e+003,7.462084e+003,2.324930e-005,0.000000e+000;...
1.132200e+000,7.902674e+003,7.897851e+003,4.477290e+000,...
 7.945645e-003,0.000000e+000,0.000000e+000,...
 7.837404e+003,7.870418e+003,2.289980e-005,0.000000e+000,...
 7.895879e+003,7.895879e+003,2.324930e-005,0.000000e+000;...
1.250000e+000,6.416236e+003,6.411413e+003,4.971454e+000,...
 8.916872e-003,0.000000e+000,0.000000e+000,...
 6.388313e+003,6.412679e+003,2.820966e-005,0.000000e+000,...
 6.409600e+003,6.409600e+003,2.840914e-005,0.000000e+000;...
1.273400e+000,6.182528e+003,6.177266e+003,5.041172e+000,...
 9.112870e-003,0.000000e+000,0.000000e+000,...
 6.147367e+003,6.170382e+003,2.933483e-005,0.000000e+000,...
 6.176042e+003,6.176042e+003,2.945321e-005,0.000000e+000;...
1.273400e+000,6.457453e+003,6.452191e+003,5.041172e+000,...
 9.112870e-003,0.000000e+000,0.000000e+000,...
 6.420041e+003,6.444075e+003,2.933969e-005,0.000000e+000,...
 6.450896e+003,6.450896e+003,2.945321e-005,0.000000e+000;...
1.400000e+000,5.232786e+003,5.227086e+003,5.670386e+000,...
 1.013365e-002,0.000000e+000,0.000000e+000,...
 5.214118e+003,5.231868e+003,3.564969e-005,0.000000e+000,...
 5.225918e+003,5.225918e+003,3.639592e-005,0.000000e+000;...
1.600000e+000,3.865044e+003,3.859301e+003,5.758521e+000,...
 1.169945e-002,0.000000e+000,0.000000e+000,...
 3.857132e+003,3.868616e+003,4.668901e-005,0.000000e+000,...
 3.858571e+003,3.858571e+003,4.932500e-005,0.000000e+000;...
1.800000e+000,2.943497e+003,2.937841e+003,5.655039e+000,...
 1.328060e-002,0.000000e+000,0.000000e+000,...
 2.939629e+003,2.947406e+003,5.920911e-005,0.000000e+000,...
 2.937302e+003,2.937302e+003,6.243969e-005,0.000000e+000;...
2.000000e+000,2.316431e+003,2.310906e+003,5.529635e+000,...
 1.487490e-002,0.000000e+000,0.000000e+000,...
 2.305418e+003,2.310906e+003,7.322861e-005,0.000000e+000,...
 2.310428e+003,2.310428e+003,7.571285e-005,0.000000e+000;...
2.200000e+000,1.833098e+003,1.827748e+003,5.366522e+000,...
 1.648148e-002,0.000000e+000,0.000000e+000,...
 1.827109e+003,1.831062e+003,8.875020e-005,0.000000e+000,...
 1.827403e+003,1.827403e+003,8.913377e-005,0.000000e+000;...
2.500000e+000,1.345599e+003,1.340556e+003,5.042487e+000,...
 1.874797e-002,0.000000e+000,0.000000e+000,...
 1.338398e+003,1.340945e+003,1.138574e-004,0.000000e+000,...
 1.340343e+003,1.340343e+003,1.181143e-004,0.000000e+000;...
2.800000e+000,1.023537e+003,1.018802e+003,4.725468e+000,...
 2.101270e-002,0.000000e+000,0.000000e+000,...
 1.017449e+003,1.019178e+003,1.419695e-004,0.000000e+000,...
 1.018663e+003,1.018663e+003,1.473265e-004,0.000000e+000;...
3.200000e+000,7.348439e+002,7.305468e+002,4.281334e+000,...
 2.403469e-002,0.000000e+000,0.000000e+000,...
 7.311944e+002,7.322811e+002,1.835408e-004,0.000000e+000,...
 7.304464e+002,7.304464e+002,1.863303e-004,0.000000e+000;...
3.500000e+000,5.869894e+002,5.830431e+002,3.939191e+000,...
 2.613105e-002,0.000000e+000,0.000000e+000,...
 5.842175e+002,5.850111e+002,2.175681e-004,0.000000e+000,...
 5.829714e+002,5.829714e+002,2.240408e-004,0.000000e+000;...
4.000000e+000,4.220649e+002,4.186580e+002,3.379694e+000,...
 2.957748e-002,0.000000e+000,0.000000e+000,...
 4.181607e+002,4.186575e+002,2.795219e-004,0.000000e+000,...
 4.186000e+002,4.186000e+002,2.871071e-004,0.000000e+000;...
4.242600e+000,3.646113e+002,3.614893e+002,3.089773e+000,...
 3.123799e-002,0.000000e+000,0.000000e+000,...
 3.589798e+002,3.593818e+002,3.114210e-004,0.000000e+000,...
 3.614495e+002,3.614495e+002,3.174064e-004,0.000000e+000;...
4.274200e+000,3.579464e+002,3.548640e+002,3.049389e+000,...
 3.145416e-002,0.000000e+000,0.000000e+000,...
 3.521418e+002,3.525333e+002,3.156912e-004,0.000000e+000,...
 3.548267e+002,3.548267e+002,3.213367e-004,0.000000e+000;...
4.444900e+000,3.219781e+002,3.191193e+002,2.829406e+000,...
 3.250212e-002,0.000000e+000,0.000000e+000,...
 3.181563e+002,3.184963e+002,3.392153e-004,0.000000e+000,...
 3.190816e+002,3.190816e+002,3.465031e-004,0.000000e+000;...
4.500000e+000,3.103497e+002,3.075742e+002,2.742938e+000,...
 3.284062e-002,0.000000e+000,0.000000e+000,...
 3.081582e+002,3.084835e+002,3.467307e-004,0.000000e+000,...
 3.075365e+002,3.075365e+002,3.545969e-004,0.000000e+000;...
4.743400e+000,2.727722e+002,2.703694e+002,2.369092e+000,...
 3.431610e-002,0.000000e+000,0.000000e+000,...
 2.688326e+002,2.691016e+002,3.807892e-004,0.000000e+000,...
 2.703365e+002,2.703365e+002,3.899192e-004,0.000000e+000;...
4.915800e+000,2.482482e+002,2.461655e+002,2.047820e+000,...
 3.536099e-002,0.000000e+000,0.000000e+000,...
 2.450742e+002,2.453108e+002,4.057542e-004,0.000000e+000,...
 2.461393e+002,2.461393e+002,4.147443e-004,0.000000e+000;...
4.999200e+000,2.363304e+002,2.344493e+002,1.844630e+000,...
 3.586655e-002,0.000000e+000,0.000000e+000,...
 2.346179e+002,2.348406e+002,4.180793e-004,0.000000e+000,...
 2.344261e+002,2.344261e+002,4.267140e-004,0.000000e+000;...
5.000000e+000,2.362164e+002,2.343353e+002,1.842174e+000,...
 3.587138e-002,0.000000e+000,0.000000e+000,...
 2.345206e+002,2.347432e+002,4.181983e-004,0.000000e+000,...
 2.343143e+002,2.343143e+002,4.268228e-004,0.000000e+000;...
5.128000e+000,2.228516e+002,2.214046e+002,1.408345e+000,...
 3.663696e-002,0.000000e+000,0.000000e+000,...
 2.196484e+002,2.198516e+002,4.374307e-004,0.000000e+000,...
 2.213840e+002,2.213840e+002,4.449855e-004,0.000000e+000;...
5.166800e+000,2.187036e+002,2.174759e+002,1.193535e+000,...
 3.686979e-002,0.000000e+000,0.000000e+000,...
 2.153988e+002,2.155965e+002,4.433352e-004,0.000000e+000,...
 2.174543e+002,2.174543e+002,4.505026e-004,0.000000e+000;...
5.205900e+000,2.145819e+002,2.135296e+002,1.017092e+000,...
 3.710306e-002,0.000000e+000,0.000000e+000,...
 2.112308e+002,2.114232e+002,4.493201e-004,0.000000e+000,...
 2.135050e+002,2.135050e+002,4.560101e-004,0.000000e+000;...
5.243400e+000,2.108593e+002,2.097324e+002,1.088125e+000,...
 3.732800e-002,0.000000e+000,0.000000e+000,...
 2.073376e+002,2.075251e+002,4.550933e-004,0.000000e+000,...
 2.097112e+002,2.097112e+002,4.613255e-004,0.000000e+000;...
5.243400e+000,6.087817e+002,6.076416e+002,1.088125e+000,...
 3.732800e-002,0.000000e+000,0.000000e+000,...
 6.048762e+002,6.054241e+002,4.551088e-004,0.000000e+000,...
 5.692053e+002,5.692053e+002,4.613255e-004,0.000000e+000;...
5.244900e+000,6.083870e+002,6.072470e+002,1.093957e+000,...
 3.733677e-002,0.000000e+000,0.000000e+000,...
 6.044839e+002,6.050314e+002,4.553249e-004,0.000000e+000,...
 5.688792e+002,5.688792e+002,4.615368e-004,0.000000e+000;...
5.285500e+000,5.979074e+002,5.964166e+002,1.457805e+000,...
 3.757969e-002,0.000000e+000,0.000000e+000,...
 5.932614e+002,5.937945e+002,4.616130e-004,0.000000e+000,...
