 
function zr =z57(flag,e)

za = [8.649600e-001,1.150999e+004,1.150739e+004,2.660781e+000,...
 5.675228e-003,0.000000e+000,0.000000e+000,...
 9.006084e+003,9.049064e+003,1.778764e-005,0.000000e+000,...
 1.150562e+004,1.150562e+004,1.287892e-005,0.000000e+000;...
1.000000e+000,9.053227e+003,9.048891e+003,4.115808e+000,...
 6.893856e-003,0.000000e+000,0.000000e+000,...
 9.006084e+003,9.049064e+003,1.778764e-005,0.000000e+000,...
 9.047774e+003,9.047774e+003,1.776568e-005,0.000000e+000;...
1.100000e+000,7.281424e+003,7.277523e+003,3.654628e+000,...
 7.759165e-003,0.000000e+000,0.000000e+000,...
 7.246295e+003,7.277720e+003,2.189204e-005,0.000000e+000,...
 7.276864e+003,7.276864e+003,2.191479e-005,0.000000e+000;...
1.122700e+000,6.992699e+003,6.988797e+003,3.781693e+000,...
 7.959018e-003,0.000000e+000,0.000000e+000,...
 6.922667e+003,6.952078e+003,2.288817e-005,0.000000e+000,...
 6.988324e+003,6.988324e+003,2.287854e-005,0.000000e+000;...
1.122700e+000,8.018411e+003,8.014509e+003,3.781693e+000,...
 7.959018e-003,0.000000e+000,0.000000e+000,...
 7.943117e+003,7.976860e+003,2.289262e-005,0.000000e+000,...
 8.013205e+003,8.013205e+003,2.287854e-005,0.000000e+000;...
1.204800e+000,6.907295e+003,6.902527e+003,4.705008e+000,...
 8.652220e-003,0.000000e+000,0.000000e+000,...
 6.864218e+003,6.891385e+003,2.658169e-005,0.000000e+000,...
 6.901222e+003,6.901222e+003,2.672929e-005,0.000000e+000;...
1.204800e+000,7.316973e+003,7.312205e+003,4.705008e+000,...
 8.652220e-003,0.000000e+000,0.000000e+000,...
 7.271288e+003,7.300064e+003,2.658628e-005,0.000000e+000,...
 7.310294e+003,7.310294e+003,2.672929e-005,0.000000e+000;...
1.250000e+000,6.749061e+003,6.743858e+003,5.150234e+000,...
 9.022879e-003,0.000000e+000,0.000000e+000,...
 6.720729e+003,6.746363e+003,2.869882e-005,0.000000e+000,...
 6.742412e+003,6.742412e+003,2.898538e-005,0.000000e+000;...
1.350400e+000,5.768001e+003,5.762799e+003,5.236071e+000,...
 9.858275e-003,0.000000e+000,0.000000e+000,...
 5.687969e+003,5.708045e+003,3.370363e-005,0.000000e+000,...
 5.761482e+003,5.761482e+003,3.407553e-005,0.000000e+000;...
1.350400e+000,6.022912e+003,6.017710e+003,5.236071e+000,...
 9.858275e-003,0.000000e+000,0.000000e+000,...
 5.940981e+003,5.961950e+003,3.370882e-005,0.000000e+000,...
 6.016345e+003,6.016345e+003,3.407553e-005,0.000000e+000;...
1.400000e+000,5.524362e+003,5.518727e+003,5.684766e+000,...
 1.027099e-002,0.000000e+000,0.000000e+000,...
 5.501261e+003,5.519988e+003,3.632913e-005,0.000000e+000,...
 5.517434e+003,5.517434e+003,3.660802e-005,0.000000e+000;...
1.600000e+000,4.099205e+003,4.093222e+003,5.943144e+000,...
 1.190796e-002,0.000000e+000,0.000000e+000,...
 4.090970e+003,4.103151e+003,4.773833e-005,0.000000e+000,...
 4.092461e+003,4.092461e+003,4.874269e-005,0.000000e+000;...
1.800000e+000,3.125429e+003,3.119533e+003,5.865110e+000,...
 1.348902e-002,0.000000e+000,0.000000e+000,...
 3.121525e+003,3.129783e+003,6.039037e-005,0.000000e+000,...
 3.118839e+003,3.118839e+003,6.327231e-005,0.000000e+000;...
2.000000e+000,2.462228e+003,2.456462e+003,5.736788e+000,...
 1.508004e-002,0.000000e+000,0.000000e+000,...
 2.450654e+003,2.456488e+003,7.452462e-005,0.000000e+000,...
 2.455964e+003,2.455964e+003,7.794036e-005,0.000000e+000;...
2.200000e+000,1.951366e+003,1.945774e+003,5.581154e+000,...
 1.668060e-002,0.000000e+000,0.000000e+000,...
 1.945174e+003,1.949383e+003,9.014048e-005,0.000000e+000,...
 1.945446e+003,1.945446e+003,9.273348e-005,0.000000e+000;...
2.500000e+000,1.434435e+003,1.429146e+003,5.266418e+000,...
 1.905110e-002,0.000000e+000,0.000000e+000,...
 1.427206e+003,1.429922e+003,1.160587e-004,0.000000e+000,...
 1.428924e+003,1.428924e+003,1.174131e-004,0.000000e+000;...
2.800000e+000,1.090566e+003,1.085581e+003,4.934774e+000,...
 2.128503e-002,0.000000e+000,0.000000e+000,...
 1.085250e+003,1.087094e+003,1.442037e-004,0.000000e+000,...
 1.085415e+003,1.085415e+003,1.489740e-004,0.000000e+000;...
3.200000e+000,7.847603e+002,7.802517e+002,4.505154e+000,...
 2.425552e-002,0.000000e+000,0.000000e+000,...
 7.809271e+002,7.820878e+002,1.860664e-004,0.000000e+000,...
 7.801329e+002,7.801329e+002,1.908718e-004,0.000000e+000;...
3.500000e+000,6.268719e+002,6.226667e+002,4.163799e+000,...
 2.644827e-002,0.000000e+000,0.000000e+000,...
 6.239105e+002,6.247581e+002,2.203906e-004,0.000000e+000,...
 6.225916e+002,6.225916e+002,2.238033e-004,0.000000e+000;...
4.000000e+000,4.506888e+002,4.470472e+002,3.609932e+000,...
 2.978032e-002,0.000000e+000,0.000000e+000,...
 4.465253e+002,4.470559e+002,2.818811e-004,0.000000e+000,...
 4.469857e+002,4.469857e+002,2.933336e-004,0.000000e+000;...
4.500000e+000,3.317999e+002,3.287436e+002,3.023725e+000,...
 3.306641e-002,0.000000e+000,0.000000e+000,...
 3.296514e+002,3.299993e+002,3.495289e-004,0.000000e+000,...
 3.287040e+002,3.287040e+002,3.613910e-004,0.000000e+000;...
5.000000e+000,2.530247e+002,2.506794e+002,2.311883e+000,...
 3.629397e-002,0.000000e+000,0.000000e+000,...
 2.512800e+002,2.515185e+002,4.232431e-004,0.000000e+000,...
 2.506532e+002,2.506500e+002,4.288918e-004,0.000000e+000;...
5.268900e+000,2.234716e+002,2.216811e+002,1.754418e+000,...
 3.777532e-002,0.000000e+000,0.000000e+000,...
 2.195533e+002,2.197509e+002,4.630432e-004,0.000000e+000,...
 2.216543e+002,2.216543e+002,4.728478e-004,0.000000e+000;...
5.374000e+000,2.117665e+002,2.103576e+002,1.370014e+000,...
 3.835407e-002,0.000000e+000,0.000000e+000,...
 2.086593e+002,2.088434e+002,4.789026e-004,0.000000e+000,...
 2.103315e+002,2.103315e+002,4.898463e-004,0.000000e+000;...
5.421800e+000,2.063518e+002,2.051987e+002,1.113543e+000,...
 3.861721e-002,0.000000e+000,0.000000e+000,...
 2.039522e+002,2.041305e+002,4.861881e-004,0.000000e+000,...
 2.051744e+002,2.051744e+002,4.975460e-004,0.000000e+000;...
5.483800e+000,1.996582e+002,1.985094e+002,1.109424e+000,...
 3.895883e-002,0.000000e+000,0.000000e+000,...
 1.980634e+002,1.982346e+002,4.957057e-004,0.000000e+000,...
 1.984870e+002,1.984870e+002,5.075369e-004,0.000000e+000;...
5.483800e+000,5.729418e+002,5.718146e+002,1.109424e+000,...
 3.895883e-002,0.000000e+000,0.000000e+000,...
 5.710153e+002,5.715098e+002,4.957211e-004,0.000000e+000,...
 5.338204e+002,5.338204e+002,5.075369e-004,0.000000e+000;...
5.500000e+000,5.686066e+002,5.673494e+002,1.220839e+000,...
 3.904814e-002,0.000000e+000,0.000000e+000,...
 5.668500e+002,5.673394e+002,4.982051e-004,0.000000e+000,...
 5.297664e+002,5.297664e+002,5.101191e-004,0.000000e+000;...
5.542900e+000,5.598495e+002,5.582021e+002,1.614563e+000,...
 3.927833e-002,0.000000e+000,0.000000e+000,...
 5.558962e+002,5.563725e+002,5.048487e-004,0.000000e+000,...
 5.215032e+002,5.215032e+002,5.169299e-004,0.000000e+000;...
5.610400e+000,5.460635e+002,5.440259e+002,1.994415e+000,...
 3.963989e-002,0.000000e+000,0.000000e+000,...
 5.391559e+002,5.396122e+002,5.153761e-004,0.000000e+000,...
 5.086543e+002,5.086543e+002,5.275673e-004,0.000000e+000;...
5.865500e+000,4.924369e+002,4.903994e+002,2.037550e+000,...
 4.100765e-002,0.000000e+000,0.000000e+000,...
 4.818711e+002,4.822610e+002,5.559696e-004,0.000000e+000,...
 4.598257e+002,4.598257e+002,5.675930e-004,0.000000e+000;...
5.902500e+000,4.848069e+002,4.825959e+002,2.151046e+000,...
 4.120620e-002,0.000000e+000,0.000000e+000,...
 4.742768e+002,4.746582e+002,5.619622e-004,0.000000e+000,...
 4.527312e+002,4.527312e+002,5.733402e-004,0.000000e+000;...
5.902500e+000,6.560912e+002,6.538802e+002,2.151046e+000,...
 4.120620e-002,0.000000e+000,0.000000e+000,...
 6.454208e+002,6.459400e+002,5.619783e-004,0.000000e+000,...
 6.035406e+002,6.035406e+002,5.733402e-004,0.000000e+000;...
5.927500e+000,6.505855e+002,6.482444e+002,2.283704e+000,...
 4.134060e-002,0.000000e+000,0.000000e+000,...
 6.399985e+002,6.405112e+002,5.660265e-004,0.000000e+000,...
 5.984730e+002,5.984730e+002,5.772547e-004,0.000000e+000;...
5.992400e+000,6.365394e+002,6.338516e+002,2.638021e+000,...
 4.168828e-002,0.000000e+000,0.000000e+000,...
 6.261424e+002,6.266385e+002,5.766344e-004,0.000000e+000,...
