 
function zr =z58(flag,e)

za = [9.054900e-001,1.196415e+004,1.196114e+004,2.779029e+000,...
 5.906865e-003,0.000000e+000,0.000000e+000,...
 9.647295e+003,9.693335e+003,1.740952e-005,0.000000e+000,...
 1.195618e+004,1.195618e+004,1.392736e-005,0.000000e+000;...
1.000000e+000,9.697504e+003,9.693636e+003,4.103560e+000,...
 6.739344e-003,0.000000e+000,0.000000e+000,...
 9.647295e+003,9.693335e+003,1.740952e-005,0.000000e+000,...
 9.689648e+003,9.689648e+003,1.738771e-005,0.000000e+000;...
1.100000e+000,7.849460e+003,7.845592e+003,4.067674e+000,...
 7.567526e-003,0.000000e+000,0.000000e+000,...
 7.811541e+003,7.845417e+003,2.137663e-005,0.000000e+000,...
 7.842599e+003,7.842599e+003,2.166141e-005,0.000000e+000;...
1.170500e+000,6.870856e+003,6.866988e+003,3.919186e+000,...
 8.165777e-003,0.000000e+000,0.000000e+000,...
 6.735753e+003,6.763197e+003,2.443687e-005,0.000000e+000,...
 6.864588e+003,6.864588e+003,2.476380e-005,0.000000e+000;...
1.170500e+000,7.867511e+003,7.863643e+003,3.919186e+000,...
 8.165777e-003,0.000000e+000,0.000000e+000,...
 7.726751e+003,7.758230e+003,2.444137e-005,0.000000e+000,...
 7.860864e+003,7.860864e+003,2.476380e-005,0.000000e+000;...
1.250000e+000,6.707111e+003,6.702383e+003,4.694462e+000,...
 8.840527e-003,0.000000e+000,0.000000e+000,...
 6.677343e+003,6.702812e+003,2.815214e-005,0.000000e+000,...
 6.699715e+003,6.699715e+003,2.830224e-005,0.000000e+000;...
1.259900e+000,6.600096e+003,6.594939e+003,4.765805e+000,...
 8.926054e-003,0.000000e+000,0.000000e+000,...
 6.561085e+003,6.585914e+003,2.863462e-005,0.000000e+000,...
 6.592462e+003,6.592462e+003,2.874992e-005,0.000000e+000;...
1.259900e+000,6.991194e+003,6.986037e+003,4.765805e+000,...
 8.926054e-003,0.000000e+000,0.000000e+000,...
 6.949949e+003,6.976247e+003,2.863951e-005,0.000000e+000,...
 6.983417e+003,6.983417e+003,2.874992e-005,0.000000e+000;...
1.400000e+000,5.568200e+003,5.563042e+003,5.247586e+000,...
 1.008087e-002,0.000000e+000,0.000000e+000,...
 5.544773e+003,5.563649e+003,3.570108e-005,0.000000e+000,...
 5.561063e+003,5.561063e+003,3.616923e-005,0.000000e+000;...
1.409900e+000,5.492989e+003,5.487832e+003,5.355890e+000,...
 1.015995e-002,0.000000e+000,0.000000e+000,...
 5.461634e+003,5.480096e+003,3.621819e-005,0.000000e+000,...
 5.485683e+003,5.485683e+003,3.675590e-005,0.000000e+000;...
1.409900e+000,5.737962e+003,5.732805e+003,5.355890e+000,...
 1.015995e-002,0.000000e+000,0.000000e+000,...
 5.704803e+003,5.724084e+003,3.622344e-005,0.000000e+000,...
 5.730097e+003,5.730097e+003,3.675590e-005,0.000000e+000;...
1.600000e+000,4.327432e+003,4.321415e+003,6.012590e+000,...
 1.168050e-002,0.000000e+000,0.000000e+000,...
 4.318746e+003,4.331604e+003,4.688304e-005,0.000000e+000,...
 4.319607e+003,4.319607e+003,4.810538e-005,0.000000e+000;...
1.800000e+000,3.303572e+003,3.297555e+003,6.002275e+000,...
 1.330076e-002,0.000000e+000,0.000000e+000,...
 3.299405e+003,3.308134e+003,5.953441e-005,0.000000e+000,...
 3.296447e+003,3.296447e+003,6.026739e-005,0.000000e+000;...
2.000000e+000,2.605313e+003,2.599382e+003,5.902137e+000,...
 1.489223e-002,0.000000e+000,0.000000e+000,...
 2.593217e+003,2.599390e+003,7.349982e-005,0.000000e+000,...
 2.598543e+003,2.598543e+003,7.475814e-005,0.000000e+000;...
2.200000e+000,2.063921e+003,2.058162e+003,5.755153e+000,...
 1.642739e-002,0.000000e+000,0.000000e+000,...
 2.061163e+003,2.065623e+003,8.886503e-005,0.000000e+000,...
 2.057506e+003,2.057506e+003,9.224739e-005,0.000000e+000;...
2.500000e+000,1.518061e+003,1.512603e+003,5.453449e+000,...
 1.873788e-002,0.000000e+000,0.000000e+000,...
 1.514754e+003,1.517637e+003,1.141541e-004,0.000000e+000,...
 1.512153e+003,1.512153e+003,1.186180e-004,0.000000e+000;...
2.800000e+000,1.159239e+003,1.154082e+003,5.150026e+000,...
 2.105653e-002,0.000000e+000,0.000000e+000,...
 1.152486e+003,1.154444e+003,1.425318e-004,0.000000e+000,...
 1.153780e+003,1.153780e+003,1.451211e-004,0.000000e+000;...
3.200000e+000,8.338117e+002,8.290842e+002,4.735721e+000,...
 2.398203e-002,0.000000e+000,0.000000e+000,...
 8.298135e+002,8.310468e+002,1.843681e-004,0.000000e+000,...
 8.288738e+002,8.288738e+002,1.896735e-004,0.000000e+000;...
3.500000e+000,6.660265e+002,6.615998e+002,4.396196e+000,...
 2.612748e-002,0.000000e+000,0.000000e+000,...
 6.629363e+002,6.638370e+002,2.184644e-004,0.000000e+000,...
 6.614733e+002,6.614733e+002,2.250005e-004,0.000000e+000;...
4.000000e+000,4.788583e+002,4.749903e+002,3.850679e+000,...
 2.965337e-002,0.000000e+000,0.000000e+000,...
 4.744223e+002,4.749860e+002,2.806216e-004,0.000000e+000,...
 4.748760e+002,4.748760e+002,2.849294e-004,0.000000e+000;...
4.500000e+000,3.526111e+002,3.492760e+002,3.300564e+000,...
 3.288100e-002,0.000000e+000,0.000000e+000,...
 3.504836e+002,3.508535e+002,3.479877e-004,0.000000e+000,...
 3.492064e+002,3.492064e+002,3.562499e-004,0.000000e+000;...
5.000000e+000,2.690108e+002,2.663160e+002,2.659980e+000,...
 3.605018e-002,0.000000e+000,0.000000e+000,...
 2.673214e+002,2.675751e+002,4.205204e-004,0.000000e+000,...
 2.662731e+002,2.662701e+002,4.267087e-004,0.000000e+000;...
5.210300e+000,2.446080e+002,2.422184e+002,2.355912e+000,...
 3.721789e-002,0.000000e+000,0.000000e+000,...
 2.404549e+002,2.406738e+002,4.519975e-004,0.000000e+000,...
 2.421741e+002,2.421741e+002,4.611508e-004,0.000000e+000;...
5.373000e+000,2.256591e+002,2.235618e+002,2.058033e+000,...
 3.812214e-002,0.000000e+000,0.000000e+000,...
 2.221782e+002,2.223743e+002,4.764925e-004,0.000000e+000,...
 2.235262e+002,2.235262e+002,4.876138e-004,0.000000e+000;...
5.500000e+000,2.107888e+002,2.090095e+002,1.741330e+000,...
 3.882741e-002,0.000000e+000,0.000000e+000,...
 2.092267e+002,2.094070e+002,4.959861e-004,0.000000e+000,...
 2.089776e+002,2.089776e+002,5.081186e-004,0.000000e+000;...
5.590900e+000,2.026015e+002,2.011274e+002,1.432320e+000,...
 3.931993e-002,0.000000e+000,0.000000e+000,...
 2.005924e+002,2.007624e+002,5.101384e-004,0.000000e+000,...
 2.010983e+002,2.010983e+002,5.225341e-004,0.000000e+000;...
5.629400e+000,1.990730e+002,1.977966e+002,1.237072e+000,...
 3.952795e-002,0.000000e+000,0.000000e+000,...
 1.970843e+002,1.972502e+002,5.161825e-004,0.000000e+000,...
 1.977670e+002,1.977670e+002,5.286203e-004,0.000000e+000;...
5.671500e+000,1.952437e+002,1.941478e+002,1.057984e+000,...
 3.975573e-002,0.000000e+000,0.000000e+000,...
 1.933449e+002,1.935064e+002,5.228257e-004,0.000000e+000,...
 1.941164e+002,1.941164e+002,5.352643e-004,0.000000e+000;...
5.712800e+000,1.917324e+002,1.905677e+002,1.125803e+000,...
 3.997964e-002,0.000000e+000,0.000000e+000,...
 1.897717e+002,1.899291e+002,5.293771e-004,0.000000e+000,...
 1.905385e+002,1.905385e+002,5.418075e-004,0.000000e+000;...
5.712800e+000,5.452160e+002,5.440556e+002,1.125803e+000,...
 3.997964e-002,0.000000e+000,0.000000e+000,...
 5.429401e+002,5.433914e+002,5.293930e-004,0.000000e+000,...
 5.058097e+002,5.058097e+002,5.418075e-004,0.000000e+000;...
5.713200e+000,5.451301e+002,5.439697e+002,1.127264e+000,...
 3.998179e-002,0.000000e+000,0.000000e+000,...
 5.428756e+002,5.433268e+002,5.294408e-004,0.000000e+000,...
 5.057217e+002,5.057217e+002,5.418748e-004,0.000000e+000;...
5.753000e+000,5.371362e+002,5.356749e+002,1.444483e+000,...
 4.019711e-002,0.000000e+000,0.000000e+000,...
 5.344216e+002,5.348627e+002,5.357865e-004,0.000000e+000,...
 4.982281e+002,4.982281e+002,5.481266e-004,0.000000e+000;...
5.757800e+000,5.362766e+002,5.347294e+002,1.487976e+000,...
 4.022333e-002,0.000000e+000,0.000000e+000,...
 5.333959e+002,5.338358e+002,5.365540e-004,0.000000e+000,...
 4.973692e+002,4.973692e+002,5.488959e-004,0.000000e+000;...
5.799900e+000,5.283257e+002,5.264777e+002,1.825137e+000,...
 4.045111e-002,0.000000e+000,0.000000e+000,...
 5.245218e+002,5.249512e+002,5.433053e-004,0.000000e+000,...
 4.899258e+002,4.899258e+002,5.555047e-004,0.000000e+000;...
5.942800e+000,5.006480e+002,4.984562e+002,2.163114e+000,...
 4.122471e-002,0.000000e+000,0.000000e+000,...
 4.959303e+002,4.963264e+002,5.664827e-004,0.000000e+000,...
