 
function zr =z59(flag,e)

za = [9.559800e-001,1.100687e+004,1.100388e+004,2.732720e+000,...
 6.172052e-003,0.000000e+000,0.000000e+000,...
 1.053641e+004,1.058669e+004,1.685545e-005,0.000000e+000,...
 1.099737e+004,1.099737e+004,1.526636e-005,0.000000e+000;...
1.000000e+000,1.059018e+004,1.058634e+004,4.071152e+000,...
 6.542152e-003,0.000000e+000,0.000000e+000,...
 1.053641e+004,1.058669e+004,1.685545e-005,0.000000e+000,...
 1.058003e+004,1.058003e+004,1.683010e-005,0.000000e+000;...
1.100000e+000,8.588818e+003,8.584117e+003,4.410867e+000,...
 7.336630e-003,0.000000e+000,0.000000e+000,...
 8.548588e+003,8.585659e+003,2.067450e-005,0.000000e+000,...
 8.579597e+003,8.579597e+003,2.097683e-005,0.000000e+000;...
1.228400e+000,6.467363e+003,6.463517e+003,4.082221e+000,...
 8.380690e-003,0.000000e+000,0.000000e+000,...
 6.418525e+003,6.443439e+003,2.619234e-005,0.000000e+000,...
 6.460125e+003,6.460125e+003,2.647477e-005,0.000000e+000;...
1.228400e+000,7.426377e+003,7.422531e+003,4.082221e+000,...
 8.380690e-003,0.000000e+000,0.000000e+000,...
 7.372630e+003,7.401246e+003,2.619691e-005,0.000000e+000,...
 7.418686e+003,7.418686e+003,2.647477e-005,0.000000e+000;...
1.250000e+000,7.112261e+003,7.107561e+003,4.682673e+000,...
 8.556339e-003,0.000000e+000,0.000000e+000,...
 7.081470e+003,7.108480e+003,2.718911e-005,0.000000e+000,...
 7.104263e+003,7.104263e+003,2.740865e-005,0.000000e+000;...
1.325700e+000,6.313510e+003,6.308382e+003,4.959608e+000,...
 9.183715e-003,0.000000e+000,0.000000e+000,...
 6.220887e+003,6.243255e+003,3.083982e-005,0.000000e+000,...
 6.305473e+003,6.305473e+003,3.074157e-005,0.000000e+000;...
1.325700e+000,6.687030e+003,6.681902e+003,4.959608e+000,...
 9.183715e-003,0.000000e+000,0.000000e+000,...
 6.592218e+003,6.615919e+003,3.084465e-005,0.000000e+000,...
 6.678360e+003,6.678360e+003,3.074157e-005,0.000000e+000;...
1.400000e+000,5.891271e+003,5.885715e+003,5.445098e+000,...
 9.757671e-003,0.000000e+000,0.000000e+000,...
 5.868462e+003,5.888439e+003,3.449212e-005,0.000000e+000,...
 5.882798e+003,5.882798e+003,3.521716e-005,0.000000e+000;...
1.480100e+000,5.248082e+003,5.242525e+003,5.580574e+000,...
 1.037693e-002,0.000000e+000,0.000000e+000,...
 5.209923e+003,5.226696e+003,3.864134e-005,0.000000e+000,...
 5.240110e+003,5.240110e+003,4.024379e-005,0.000000e+000;...
1.480100e+000,5.479288e+003,5.473732e+003,5.580574e+000,...
 1.037693e-002,0.000000e+000,0.000000e+000,...
 5.439952e+003,5.457464e+003,3.864667e-005,0.000000e+000,...
 5.470892e+003,5.470892e+003,4.024379e-005,0.000000e+000;...
1.600000e+000,4.585661e+003,4.579678e+003,6.167778e+000,...
 1.130389e-002,0.000000e+000,0.000000e+000,...
 4.566499e+003,4.580095e+003,4.530208e-005,0.000000e+000,...
 4.577217e+003,4.577217e+003,4.782228e-005,0.000000e+000;...
1.800000e+000,3.507838e+003,3.501556e+003,6.241285e+000,...
 1.286977e-002,0.000000e+000,0.000000e+000,...
 3.492578e+003,3.501819e+003,5.761716e-005,0.000000e+000,...
 3.500000e+003,3.500000e+003,6.066650e-005,0.000000e+000;...
2.000000e+000,2.765884e+003,2.759687e+003,6.195984e+000,...
 1.445402e-002,0.000000e+000,0.000000e+000,...
 2.753175e+003,2.759729e+003,7.144488e-005,0.000000e+000,...
 2.758420e+003,2.758420e+003,7.372206e-005,0.000000e+000;...
2.200000e+000,2.191672e+003,2.185604e+003,6.053670e+000,...
 1.605409e-002,0.000000e+000,0.000000e+000,...
 2.188600e+003,2.193335e+003,8.635948e-005,0.000000e+000,...
 2.184663e+003,2.184663e+003,8.695976e-005,0.000000e+000;...
2.500000e+000,1.612375e+003,1.606605e+003,5.764770e+000,...
 1.829520e-002,0.000000e+000,0.000000e+000,...
 1.608703e+003,1.611765e+003,1.113643e-004,0.000000e+000,...
 1.606021e+003,1.606021e+003,1.154933e-004,0.000000e+000;...
2.800000e+000,1.230949e+003,1.225436e+003,5.466039e+000,...
 2.053803e-002,0.000000e+000,0.000000e+000,...
 1.223802e+003,1.225882e+003,1.392057e-004,0.000000e+000,...
 1.225037e+003,1.225037e+003,1.443208e-004,0.000000e+000;...
3.200000e+000,8.858915e+002,8.808058e+002,5.042944e+000,...
 2.353602e-002,0.000000e+000,0.000000e+000,...
 8.816608e+002,8.829712e+002,1.806245e-004,0.000000e+000,...
 8.805421e+002,8.805421e+002,1.829080e-004,0.000000e+000;...
3.500000e+000,7.087047e+002,7.039609e+002,4.709170e+000,...
 2.561816e-002,0.000000e+000,0.000000e+000,...
 7.054446e+002,7.064030e+002,2.142845e-004,0.000000e+000,...
 7.037683e+002,7.037683e+002,2.200085e-004,0.000000e+000;...
4.000000e+000,5.108332e+002,5.066450e+002,4.172310e+000,...
 2.904608e-002,0.000000e+000,0.000000e+000,...
 5.060373e+002,5.066387e+002,2.754502e-004,0.000000e+000,...
 5.064828e+002,5.064828e+002,2.821572e-004,0.000000e+000;...
4.500000e+000,3.770969e+002,3.734471e+002,3.617928e+000,...
 3.231374e-002,0.000000e+000,0.000000e+000,...
 3.738496e+002,3.742442e+002,3.423146e-004,0.000000e+000,...
 3.733731e+002,3.733731e+002,3.493294e-004,0.000000e+000;...
5.000000e+000,2.884821e+002,2.854178e+002,3.029570e+000,...
 3.537711e-002,0.000000e+000,0.000000e+000,...
 2.851502e+002,2.854209e+002,4.137801e-004,0.000000e+000,...
 2.853592e+002,2.853592e+002,4.219970e-004,0.000000e+000;...
5.244000e+000,2.576560e+002,2.549123e+002,2.708019e+000,...
 3.685538e-002,0.000000e+000,0.000000e+000,...
 2.521677e+002,2.523958e+002,4.502615e-004,0.000000e+000,...
 2.548623e+002,2.548623e+002,4.568986e-004,0.000000e+000;...
5.432500e+000,2.338388e+002,2.313600e+002,2.438349e+000,...
 3.788362e-002,0.000000e+000,0.000000e+000,...
 2.302086e+002,2.304095e+002,4.790493e-004,0.000000e+000,...
 2.313174e+002,2.313174e+002,4.884222e-004,0.000000e+000;...
5.500000e+000,2.252829e+002,2.229281e+002,2.314925e+000,...
 3.824005e-002,0.000000e+000,0.000000e+000,...
 2.229900e+002,2.231823e+002,4.891882e-004,0.000000e+000,...
 2.228831e+002,2.228831e+002,5.001219e-004,0.000000e+000;...
5.657800e+000,2.113079e+002,2.092566e+002,2.013075e+000,...
 3.905590e-002,0.000000e+000,0.000000e+000,...
 2.072962e+002,2.074698e+002,5.132289e-004,0.000000e+000,...
 2.092149e+002,2.092149e+002,5.271069e-004,0.000000e+000;...
5.814800e+000,1.972475e+002,1.956534e+002,1.551176e+000,...
 3.986704e-002,0.000000e+000,0.000000e+000,...
 1.931625e+002,1.933199e+002,5.376157e-004,0.000000e+000,...
 1.956157e+002,1.956157e+002,5.537030e-004,0.000000e+000;...
5.861800e+000,1.929525e+002,1.915849e+002,1.327192e+000,...
 4.010979e-002,0.000000e+000,0.000000e+000,...
 1.891920e+002,1.893448e+002,5.450065e-004,0.000000e+000,...
 1.915481e+002,1.915481e+002,5.616195e-004,0.000000e+000;...
5.886400e+000,1.906874e+002,1.894480e+002,1.200905e+000,...
 4.023757e-002,0.000000e+000,0.000000e+000,...
 1.871588e+002,1.873094e+002,5.488913e-004,0.000000e+000,...
 1.894159e+002,1.894133e+002,5.657792e-004,0.000000e+000;...
5.954400e+000,1.849094e+002,1.836999e+002,1.170262e+000,...
 4.058887e-002,0.000000e+000,0.000000e+000,...
 1.816900e+002,1.818345e+002,5.596886e-004,0.000000e+000,...
 1.836661e+002,1.836636e+002,5.772134e-004,0.000000e+000;...
5.954400e+000,5.157479e+002,5.145085e+002,1.170262e+000,...
 4.058887e-002,0.000000e+000,0.000000e+000,...
 5.122368e+002,5.126451e+002,5.597044e-004,0.000000e+000,...
 4.765227e+002,4.765227e+002,5.772134e-004,0.000000e+000;...
5.998800e+000,5.105340e+002,5.089528e+002,1.506601e+000,...
 4.081836e-002,0.000000e+000,0.000000e+000,...
 5.067028e+002,5.071037e+002,5.667851e-004,0.000000e+000,...
 4.714803e+002,4.714803e+002,5.846425e-004,0.000000e+000;...
6.000000e+000,5.103631e+002,5.088246e+002,1.516773e+000,...
 4.082435e-002,0.000000e+000,0.000000e+000,...
 5.065542e+002,5.069549e+002,5.669775e-004,0.000000e+000,...
 4.713611e+002,4.713611e+002,5.848485e-004,0.000000e+000;...
6.049000e+000,5.047218e+002,5.027560e+002,1.894438e+000,...
 4.107778e-002,0.000000e+000,0.000000e+000,...
 5.005361e+002,5.009288e+002,5.748525e-004,0.000000e+000,...
 4.658676e+002,4.658676e+002,5.930455e-004,0.000000e+000;...
6.207600e+000,4.757463e+002,4.734385e+002,2.257487e+000,...
 4.189747e-002,0.000000e+000,0.000000e+000,...
 4.717207e+002,4.720813e+002,6.006477e-004,0.000000e+000,...
