 
function zr =z6(flag,e)

za = [9.486800e-001,2.586306e+003,2.585002e+003,1.286384e+000,...
 1.150812e-002,0.000000e+000,0.000000e+000,...
 2.186727e+003,2.197163e+003,3.407444e-005,0.000000e+000,...
 2.583769e+003,2.583769e+003,2.985070e-005,0.000000e+000;...
1.000000e+000,2.198390e+003,2.197136e+003,1.264173e+000,...
 1.264775e-002,0.000000e+000,0.000000e+000,...
 2.186727e+003,2.197163e+003,3.407444e-005,0.000000e+000,...
 2.196115e+003,2.196115e+003,3.404503e-005,0.000000e+000;...
1.100000e+000,1.687085e+003,1.685832e+003,1.225066e+000,...
 1.490846e-002,0.000000e+000,0.000000e+000,...
 1.678594e+003,1.685874e+003,4.367200e-005,0.000000e+000,...
 1.685049e+003,1.685049e+003,4.479631e-005,0.000000e+000;...
1.172600e+000,1.421355e+003,1.420152e+003,1.197791e+000,...
 1.668885e-002,0.000000e+000,0.000000e+000,...
 1.405790e+003,1.411507e+003,5.157920e-005,0.000000e+000,...
 1.419649e+003,1.419649e+003,5.338225e-005,0.000000e+000;...
1.194100e+000,1.343491e+003,1.342288e+003,1.189669e+000,...
 1.721580e-002,0.000000e+000,0.000000e+000,...
 1.336664e+003,1.342002e+003,5.407792e-005,0.000000e+000,...
 1.341696e+003,1.341696e+003,5.597795e-005,0.000000e+000;...
1.250000e+000,1.176984e+003,1.175831e+003,1.167859e+000,...
 1.858707e-002,0.000000e+000,0.000000e+000,...
 1.171349e+003,1.175817e+003,6.091914e-005,0.000000e+000,...
 1.175346e+003,1.175346e+003,6.283444e-005,0.000000e+000;...
1.264200e+000,1.145848e+003,1.144645e+003,1.162544e+000,...
 1.895859e-002,0.000000e+000,0.000000e+000,...
 1.133782e+003,1.138058e+003,6.273746e-005,0.000000e+000,...
 1.144194e+003,1.144194e+003,6.467108e-005,0.000000e+000;...
1.326500e+000,1.008922e+003,1.007769e+003,1.139080e+000,...
 2.059609e-002,0.000000e+000,0.000000e+000,...
 9.868134e+002,9.903595e+002,7.110860e-005,0.000000e+000,...
 1.007381e+003,1.007381e+003,7.289345e-005,0.000000e+000;...
1.338300e+000,9.828503e+002,9.816971e+002,1.134768e+000,...
 2.090092e-002,0.000000e+000,0.000000e+000,...
 9.619095e+002,9.653354e+002,7.276735e-005,0.000000e+000,...
 9.813776e+002,9.813776e+002,7.458640e-005,0.000000e+000;...
1.400000e+000,8.483307e+002,8.472277e+002,1.112356e+000,...
 2.243715e-002,0.000000e+000,0.000000e+000,...
 8.443543e+002,8.472286e+002,8.163372e-005,0.000000e+000,...
 8.469253e+002,8.469253e+002,8.428572e-005,0.000000e+000;...
1.600000e+000,5.766343e+002,5.755313e+002,1.041010e+000,...
 2.769409e-002,0.000000e+000,0.000000e+000,...
 5.738454e+002,5.755538e+002,1.128905e-004,0.000000e+000,...
 5.753586e+002,5.753586e+002,1.181622e-004,0.000000e+000;...
1.800000e+000,4.102321e+002,4.092293e+002,9.728228e-001,...
 3.313053e-002,0.000000e+000,0.000000e+000,...
 4.081573e+002,4.092370e+002,1.502592e-004,0.000000e+000,...
 4.090998e+002,4.090998e+002,1.574712e-004,0.000000e+000;...
2.000000e+000,3.025863e+002,3.016387e+002,9.094487e-001,...
 3.856947e-002,0.000000e+000,0.000000e+000,...
 3.009211e+002,3.016372e+002,1.925442e-004,0.000000e+000,...
 3.015673e+002,3.015673e+002,2.025850e-004,0.000000e+000;...
2.200000e+000,2.273747e+002,2.264823e+002,8.500354e-001,...
 4.405354e-002,0.000000e+000,0.000000e+000,...
 2.259922e+002,2.264809e+002,2.390438e-004,0.000000e+000,...
 2.264298e+002,2.264298e+002,2.516957e-004,0.000000e+000;...
2.352300e+000,1.861564e+002,1.852991e+002,8.075688e-001,...
 4.803547e-002,0.000000e+000,0.000000e+000,...
 1.847502e+002,1.851237e+002,2.777269e-004,0.000000e+000,...
 1.852679e+002,1.852660e+002,2.928888e-004,0.000000e+000;...
2.500000e+000,1.549106e+002,1.540883e+002,7.682608e-001,...
 5.189759e-002,0.000000e+000,0.000000e+000,...
 1.537987e+002,1.540912e+002,3.153938e-004,0.000000e+000,...
 1.540574e+002,1.540574e+002,3.334040e-004,0.000000e+000;...
2.800000e+000,1.102680e+002,1.095109e+002,6.954106e-001,...
 5.934805e-002,0.000000e+000,0.000000e+000,...
 1.093329e+002,1.095182e+002,3.996181e-004,0.000000e+000,...
 1.094923e+002,1.094923e+002,4.227216e-004,0.000000e+000;...
3.193200e+000,7.446458e+001,7.378271e+001,6.132850e-001,...
 6.846309e-002,0.000000e+000,0.000000e+000,...
 7.360375e+001,7.371288e+001,5.205029e-004,0.000000e+000,...
 7.377155e+001,7.377017e+001,5.479912e-004,0.000000e+000;...
3.200000e+000,7.392310e+001,7.324123e+001,6.119814e-001,...
 6.860850e-002,0.000000e+000,0.000000e+000,...
 7.313377e+001,7.324196e+001,5.225342e-004,0.000000e+000,...
 7.322847e+001,7.322847e+001,5.503173e-004,0.000000e+000;...
3.500000e+000,5.654536e+001,5.591362e+001,5.577825e-001,...
 7.484062e-002,0.000000e+000,0.000000e+000,...
 5.583634e+001,5.591159e+001,6.157173e-004,0.000000e+000,...
 5.590287e+001,5.590287e+001,6.509618e-004,0.000000e+000;...
3.919300e+000,4.039799e+001,3.982090e+001,4.937115e-001,...
 8.306322e-002,0.000000e+000,0.000000e+000,...
 3.949817e+001,3.954533e+001,7.574727e-004,0.000000e+000,...
 3.981654e+001,3.981541e+001,7.935597e-004,0.000000e+000;...
4.000000e+000,3.767752e+001,3.711046e+001,4.824956e-001,...
 8.443198e-002,0.000000e+000,0.000000e+000,...
 3.706728e+001,3.711056e+001,7.862776e-004,0.000000e+000,...
 3.710596e+001,3.710596e+001,8.219425e-004,0.000000e+000;...
4.500000e+000,2.620299e+001,2.568808e+001,4.222551e-001,...
 9.275484e-002,0.000000e+000,0.000000e+000,...
 2.566236e+001,2.568853e+001,9.512949e-004,0.000000e+000,...
 2.568555e+001,2.568457e+001,9.937700e-004,0.000000e+000;...
5.000000e+000,1.895809e+001,1.848529e+001,3.735714e-001,...
 9.933793e-002,0.000000e+000,0.000000e+000,...
 1.846903e+001,1.848546e+001,1.128049e-003,0.000000e+000,...
 1.848477e+001,1.848300e+001,1.170949e-003,0.000000e+000;...
5.500000e+000,1.416592e+001,1.372621e+001,3.339475e-001,...
 1.055851e-001,0.000000e+000,0.000000e+000,...
 1.371574e+001,1.372630e+001,1.295238e-003,0.000000e+000,...
 1.372587e+001,1.372507e+001,1.339274e-003,0.000000e+000;...
5.889500e+000,1.150461e+001,1.108746e+001,3.080163e-001,...
 1.091599e-001,0.000000e+000,0.000000e+000,...
 1.107775e+001,1.108527e+001,1.427167e-003,0.000000e+000,...
 1.108794e+001,1.108644e+001,1.480616e-003,0.000000e+000;...
6.300000e+000,9.378768e+000,8.981175e+000,2.844465e-001,...
 1.128500e-001,0.000000e+000,0.000000e+000,...
 8.976433e+000,8.981633e+000,1.570208e-003,0.000000e+000,...
 8.982094e+000,8.980693e+000,1.624163e-003,0.000000e+000;...
6.928200e+000,7.093991e+000,6.721467e+000,2.543689e-001,...
 1.181596e-001,0.000000e+000,0.000000e+000,...
 6.671909e+000,6.674688e+000,1.796701e-003,0.000000e+000,...
 6.723011e+000,6.721099e+000,1.827958e-003,0.000000e+000;...
7.000000e+000,6.833274e+000,6.463258e+000,2.512152e-001,...
 1.187663e-001,0.000000e+000,0.000000e+000,...
 6.460633e+000,6.463195e+000,1.823154e-003,0.000000e+000,...
 6.464837e+000,6.462945e+000,1.850394e-003,0.000000e+000;...
8.000000e+000,4.569003e+000,4.229219e+000,2.147651e-001,...
 1.250034e-001,0.000000e+000,0.000000e+000,...
 4.228908e+000,4.229254e+000,2.164330e-003,0.000000e+000,...
 4.231181e+000,4.228973e+000,2.221468e-003,0.000000e+000;...
9.000000e+000,3.211373e+000,2.893851e+000,1.870439e-001,...
 1.304584e-001,0.000000e+000,0.000000e+000,...
 2.894875e+000,2.893892e+000,2.509748e-003,0.000000e+000,...
 2.896247e+000,2.893697e+000,2.559873e-003,0.000000e+000;...
9.911901e+000,2.436344e+000,2.134314e+000,1.669086e-001,...
 1.350861e-001,0.000000e+000,0.000000e+000,...
 2.122424e+000,2.120606e+000,2.833500e-003,0.000000e+000,...
 2.137061e+000,2.134211e+000,2.834731e-003,0.000000e+000;...
1.000000e+001,2.361639e+000,2.060962e+000,1.651487e-001,...
 1.355324e-001,0.000000e+000,0.000000e+000,...
 2.062897e+000,2.061011e+000,2.865197e-003,0.000000e+000,...
 2.063709e+000,2.060839e+000,2.860265e-003,0.000000e+000;...
1.090700e+001,1.854094e+000,1.566704e+000,1.488389e-001,...
 1.385507e-001,0.000000e+000,0.000000e+000,...
 1.560646e+000,1.558179e+000,3.145192e-003,0.000000e+000,...
 1.569966e+000,1.566687e+000,3.295370e-003,0.000000e+000;...
1.100000e+001,1.802252e+000,1.516115e+000,1.472947e-001,...
 1.388615e-001,0.000000e+000,0.000000e+000,...
 1.518658e+000,1.516139e+000,3.174002e-003,0.000000e+000,...
