 
function zr =z60(flag,e)

za = [9.843199e-001,5.668003e+003,5.666751e+003,9.005512e-001,...
 6.197813e-003,0.000000e+000,0.000000e+000,...
 6.562558e+003,6.593877e+003,1.631710e-005,0.000000e+000,...
 5.666827e+003,5.666827e+003,1.576900e-005,0.000000e+000;...
1.000000e+000,6.577322e+003,6.575652e+003,1.824942e+000,...
 6.327238e-003,0.000000e+000,0.000000e+000,...
 6.562558e+003,6.593877e+003,1.631710e-005,0.000000e+000,...
 6.575506e+003,6.575506e+003,1.629565e-005,0.000000e+000;...
1.007300e+000,6.999416e+003,6.997329e+003,2.285780e+000,...
 6.383602e-003,0.000000e+000,0.000000e+000,...
 6.977342e+003,7.010397e+003,1.657444e-005,0.000000e+000,...
 6.997037e+003,6.997037e+003,1.658617e-005,0.000000e+000;...
1.007300e+000,8.632683e+003,8.630596e+003,2.285780e+000,...
 6.383602e-003,0.000000e+000,0.000000e+000,...
 8.604827e+003,8.645589e+003,1.657798e-005,0.000000e+000,...
 8.626015e+003,8.626015e+003,1.658617e-005,0.000000e+000;...
1.100000e+000,8.278642e+003,8.274884e+003,3.750835e+000,...
 7.101287e-003,0.000000e+000,0.000000e+000,...
 8.239562e+003,8.275293e+003,2.003016e-005,0.000000e+000,...
 8.270487e+003,8.270487e+003,2.031884e-005,0.000000e+000;...
1.250000e+000,6.508017e+003,6.503842e+003,3.990273e+000,...
 8.290332e-003,0.000000e+000,0.000000e+000,...
 6.480476e+003,6.505194e+003,2.636999e-005,0.000000e+000,...
 6.499710e+003,6.499710e+003,2.656348e-005,0.000000e+000;...
1.287100e+000,6.056280e+003,6.052105e+003,4.040957e+000,...
 8.590516e-003,0.000000e+000,0.000000e+000,...
 6.006229e+003,6.028475e+003,2.808239e-005,0.000000e+000,...
 6.048425e+003,6.048425e+003,2.814889e-005,0.000000e+000;...
1.287100e+000,6.963929e+003,6.959753e+003,4.040957e+000,...
 8.590516e-003,0.000000e+000,0.000000e+000,...
 6.909573e+003,6.935164e+003,2.808708e-005,0.000000e+000,...
 6.955531e+003,6.955531e+003,2.814889e-005,0.000000e+000;...
1.392800e+000,5.833751e+003,5.828741e+003,5.027138e+000,...
 9.408819e-003,0.000000e+000,0.000000e+000,...
 5.799378e+003,5.819223e+003,3.313026e-005,0.000000e+000,...
 5.825300e+003,5.825300e+003,3.372520e-005,0.000000e+000;...
1.392800e+000,6.184453e+003,6.179443e+003,5.027138e+000,...
 9.408819e-003,0.000000e+000,0.000000e+000,...
 6.148166e+003,6.169203e+003,3.313513e-005,0.000000e+000,...
 6.174924e+003,6.174924e+003,3.372520e-005,0.000000e+000;...
1.400000e+000,6.108050e+003,6.103040e+003,5.115649e+000,...
 9.462259e-003,0.000000e+000,0.000000e+000,...
 6.082162e+003,6.102867e+003,3.348203e-005,0.000000e+000,...
 6.098447e+003,6.098447e+003,3.415942e-005,0.000000e+000;...
1.551800e+000,4.907315e+003,4.901888e+003,5.609553e+000,...
 1.060788e-002,0.000000e+000,0.000000e+000,...
 4.871234e+003,4.886190e+003,4.134165e-005,0.000000e+000,...
 4.898566e+003,4.898566e+003,4.346612e-005,0.000000e+000;...
1.551800e+000,5.124416e+003,5.118988e+003,5.609553e+000,...
 1.060788e-002,0.000000e+000,0.000000e+000,...
 5.087386e+003,5.103004e+003,4.134711e-005,0.000000e+000,...
 5.115612e+003,5.115612e+003,4.346612e-005,0.000000e+000;...
1.600000e+000,4.768705e+003,4.762442e+003,6.044590e+000,...
 1.097153e-002,0.000000e+000,0.000000e+000,...
 4.752187e+003,4.766336e+003,4.401463e-005,0.000000e+000,...
 4.759511e+003,4.759511e+003,4.644203e-005,0.000000e+000;...
1.800000e+000,3.644456e+003,3.638152e+003,6.298431e+000,...
 1.250125e-002,0.000000e+000,0.000000e+000,...
 3.637019e+003,3.646641e+003,5.602385e-005,0.000000e+000,...
 3.635910e+003,3.635910e+003,5.897343e-005,0.000000e+000;...
2.000000e+000,2.876294e+003,2.869948e+003,6.312626e+000,...
 1.404977e-002,0.000000e+000,0.000000e+000,...
 2.863133e+003,2.869949e+003,6.951803e-005,0.000000e+000,...
 2.868333e+003,2.868333e+003,7.172318e-005,0.000000e+000;...
2.200000e+000,2.283066e+003,2.276846e+003,6.191133e+000,...
 1.561498e-002,0.000000e+000,0.000000e+000,...
 2.279743e+003,2.284675e+003,8.412322e-005,0.000000e+000,...
 2.275692e+003,2.275692e+003,8.467062e-005,0.000000e+000;...
2.500000e+000,1.683325e+003,1.677355e+003,5.930194e+000,...
 1.780812e-002,0.000000e+000,0.000000e+000,...
 1.679429e+003,1.682625e+003,1.086087e-004,0.000000e+000,...
 1.676638e+003,1.676638e+003,1.125159e-004,0.000000e+000;...
2.800000e+000,1.285905e+003,1.280227e+003,5.655896e+000,...
 2.000459e-002,0.000000e+000,0.000000e+000,...
 1.278551e+003,1.280723e+003,1.358111e-004,0.000000e+000,...
 1.279658e+003,1.279658e+003,1.407039e-004,0.000000e+000;...
3.200000e+000,9.247663e+002,9.195058e+002,5.237977e+000,...
 2.294255e-002,0.000000e+000,0.000000e+000,...
 9.203297e+002,9.216976e+002,1.765900e-004,0.000000e+000,...
 9.191577e+002,9.191577e+002,1.784466e-004,0.000000e+000;...
3.500000e+000,7.404393e+002,7.355128e+002,4.908150e+000,...
 2.498288e-002,0.000000e+000,0.000000e+000,...
 7.370546e+002,7.380560e+002,2.091962e-004,0.000000e+000,...
 7.352795e+002,7.352795e+002,2.147288e-004,0.000000e+000;...
4.000000e+000,5.344022e+002,5.300184e+002,4.371660e+000,...
 2.834377e-002,0.000000e+000,0.000000e+000,...
 5.293977e+002,5.300269e+002,2.690826e-004,0.000000e+000,...
 5.298550e+002,5.298550e+002,2.755616e-004,0.000000e+000;...
4.500000e+000,3.954785e+002,3.916124e+002,3.837634e+000,...
 3.155394e-002,0.000000e+000,0.000000e+000,...
 3.919818e+002,3.923955e+002,3.346319e-004,0.000000e+000,...
 3.914976e+002,3.914976e+002,3.414171e-004,0.000000e+000;...
5.000000e+000,3.031898e+002,2.998622e+002,3.293170e+000,...
 3.457081e-002,0.000000e+000,0.000000e+000,...
 2.995779e+002,2.998623e+002,4.047994e-004,0.000000e+000,...
 2.997681e+002,2.997681e+002,4.127826e-004,0.000000e+000;...
5.500000e+000,2.362350e+002,2.335379e+002,2.659319e+000,...
 3.739605e-002,0.000000e+000,0.000000e+000,...
 2.337821e+002,2.339837e+002,4.789282e-004,0.000000e+000,...
 2.334835e+002,2.334809e+002,4.896179e-004,0.000000e+000;...
6.000000e+000,1.902305e+002,1.884310e+002,1.759853e+000,...
 3.995366e-002,0.000000e+000,0.000000e+000,...
 1.864177e+002,1.865648e+002,5.555102e-004,0.000000e+000,...
 1.883913e+002,1.883889e+002,5.730676e-004,0.000000e+000;...
6.001700e+000,1.900885e+002,1.882933e+002,1.755511e+000,...
 3.996243e-002,0.000000e+000,0.000000e+000,...
 1.862796e+002,1.864265e+002,5.557786e-004,0.000000e+000,...
 1.882534e+002,1.882534e+002,5.733399e-004,0.000000e+000;...
6.087700e+000,1.828240e+002,1.813544e+002,1.429568e+000,...
 4.040248e-002,0.000000e+000,0.000000e+000,...
 1.794755e+002,1.796151e+002,5.694234e-004,0.000000e+000,...
 1.813159e+002,1.813159e+002,5.874996e-004,0.000000e+000;...
6.139000e+000,1.784361e+002,1.772128e+002,1.184327e+000,...
 4.066508e-002,0.000000e+000,0.000000e+000,...
 1.755795e+002,1.757149e+002,5.776279e-004,0.000000e+000,...
 1.771733e+002,1.771733e+002,5.959286e-004,0.000000e+000;...
6.200700e+000,1.734678e+002,1.722320e+002,1.195433e+000,...
 4.098030e-002,0.000000e+000,0.000000e+000,...
 1.710469e+002,1.711774e+002,5.875603e-004,0.000000e+000,...
 1.721965e+002,1.721965e+002,6.060326e-004,0.000000e+000;...
6.200700e+000,4.873080e+002,4.860555e+002,1.195433e+000,...
 4.098030e-002,0.000000e+000,0.000000e+000,...
 4.846227e+002,4.849935e+002,5.875765e-004,0.000000e+000,...
 4.479859e+002,4.479859e+002,6.060326e-004,0.000000e+000;...
6.202100e+000,4.870157e+002,4.858050e+002,1.199524e+000,...
 4.098739e-002,0.000000e+000,0.000000e+000,...
 4.843599e+002,4.847305e+002,5.877864e-004,0.000000e+000,...
 4.477445e+002,4.477445e+002,6.062463e-004,0.000000e+000;...
6.244000e+000,4.786240e+002,4.770374e+002,1.507390e+000,...
 4.120199e-002,0.000000e+000,0.000000e+000,...
 4.759952e+002,4.763570e+002,5.945721e-004,0.000000e+000,...
 4.399354e+002,4.399354e+002,6.131103e-004,0.000000e+000;...
6.277700e+000,4.719022e+002,4.700652e+002,1.779392e+000,...
 4.137442e-002,0.000000e+000,0.000000e+000,...
 4.694093e+002,4.697641e+002,6.000530e-004,0.000000e+000,...
 4.337184e+002,4.337184e+002,6.185917e-004,0.000000e+000;...
6.300000e+000,4.673932e+002,4.654727e+002,1.912868e+000,...
 4.148840e-002,0.000000e+000,0.000000e+000,...
 4.651204e+002,4.654707e+002,6.036913e-004,0.000000e+000,...
