 
function zr =z61(flag,e)

za = [8.000000e-001,3.020491e+003,3.018872e+003,1.619390e+000,...
 4.580492e-003,0.000000e+000,0.000000e+000,...
 2.027150e+003,2.036824e+003,1.608047e-005,0.000000e+000,...
 3.018871e+003,3.018871e+003,9.693907e-006,0.000000e+000;...
1.000000e+000,2.037029e+003,2.036282e+003,7.596498e-001,...
 6.229286e-003,0.000000e+000,0.000000e+000,...
 2.027150e+003,2.036824e+003,1.608047e-005,0.000000e+000,...
 2.036288e+003,2.036288e+003,1.605817e-005,0.000000e+000;...
1.034600e+000,1.922610e+003,1.921863e+003,7.294150e-001,...
 6.494671e-003,0.000000e+000,0.000000e+000,...
 1.909510e+003,1.918316e+003,1.730575e-005,0.000000e+000,...
 1.921869e+003,1.921869e+003,1.742614e-005,0.000000e+000;...
1.034600e+000,3.629673e+003,3.628926e+003,7.294150e-001,...
 6.494671e-003,0.000000e+000,0.000000e+000,...
 3.617989e+003,3.634674e+003,1.730936e-005,0.000000e+000,...
 3.628874e+003,3.628874e+003,1.742614e-005,0.000000e+000;...
1.059600e+000,6.618435e+003,6.616358e+003,2.202116e+000,...
 6.686546e-003,0.000000e+000,0.000000e+000,...
 6.591497e+003,6.621177e+003,1.822121e-005,0.000000e+000,...
 6.616332e+003,6.616332e+003,1.842016e-005,0.000000e+000;...
1.059600e+000,8.089475e+003,8.087398e+003,2.202116e+000,...
 6.686546e-003,0.000000e+000,0.000000e+000,...
 8.057672e+003,8.093950e+003,1.822493e-005,0.000000e+000,...
 8.082677e+003,8.082677e+003,1.842016e-005,0.000000e+000;...
1.100000e+000,8.094043e+003,8.090306e+003,3.330357e+000,...
 6.996370e-003,0.000000e+000,0.000000e+000,...
 8.060507e+003,8.095462e+003,1.975435e-005,0.000000e+000,...
 8.085999e+003,8.085999e+003,2.003777e-005,0.000000e+000;...
1.250000e+000,6.727247e+003,6.723094e+003,4.084566e+000,...
 8.175860e-003,0.000000e+000,0.000000e+000,...
 6.702654e+003,6.728219e+003,2.603276e-005,0.000000e+000,...
 6.718228e+003,6.718228e+003,2.622382e-005,0.000000e+000;...
1.346900e+000,5.786146e+003,5.781994e+003,4.130002e+000,...
 8.945435e-003,0.000000e+000,0.000000e+000,...
 5.741078e+003,5.761395e+003,3.055427e-005,0.000000e+000,...
 5.777811e+003,5.777811e+003,3.056778e-005,0.000000e+000;...
1.346900e+000,6.661627e+003,6.657474e+003,4.130002e+000,...
 8.945435e-003,0.000000e+000,0.000000e+000,...
 6.612660e+003,6.636060e+003,3.055893e-005,0.000000e+000,...
 6.652189e+003,6.652189e+003,3.056778e-005,0.000000e+000;...
1.400000e+000,6.083926e+003,6.078527e+003,5.018232e+000,...
 9.339153e-003,0.000000e+000,0.000000e+000,...
 6.058970e+003,6.079595e+003,3.308073e-005,0.000000e+000,...
 6.073902e+003,6.073902e+003,3.374852e-005,0.000000e+000;...
1.461600e+000,5.599671e+003,5.594272e+003,5.172314e+000,...
 9.800982e-003,0.000000e+000,0.000000e+000,...
 5.502201e+003,5.520139e+003,3.614085e-005,0.000000e+000,...
 5.590012e+003,5.590012e+003,3.747743e-005,0.000000e+000;...
1.461600e+000,5.937321e+003,5.931922e+003,5.172314e+000,...
 9.800982e-003,0.000000e+000,0.000000e+000,...
 5.837828e+003,5.856859e+003,3.614593e-005,0.000000e+000,...
 5.926985e+003,5.926985e+003,3.747743e-005,0.000000e+000;...
1.600000e+000,4.819712e+003,4.813898e+003,5.669444e+000,...
 1.083802e-002,0.000000e+000,0.000000e+000,...
 4.800418e+003,4.814711e+003,4.352382e-005,0.000000e+000,...
 4.810077e+003,4.810077e+003,4.592106e-005,0.000000e+000;...
1.625100e+000,4.664800e+003,4.658986e+003,5.747938e+000,...
 1.102865e-002,0.000000e+000,0.000000e+000,...
 4.642761e+003,4.656370e+003,4.493832e-005,0.000000e+000,...
 4.655328e+003,4.655328e+003,4.747204e-005,0.000000e+000;...
1.625100e+000,4.871626e+003,4.865812e+003,5.747938e+000,...
 1.102865e-002,0.000000e+000,0.000000e+000,...
 4.848449e+003,4.862660e+003,4.494400e-005,0.000000e+000,...
 4.862006e+003,4.862006e+003,4.747204e-005,0.000000e+000;...
1.800000e+000,3.859217e+003,3.852738e+003,6.437358e+000,...
 1.235807e-002,0.000000e+000,0.000000e+000,...
 3.848558e+003,3.858740e+003,5.544041e-005,0.000000e+000,...
 3.849954e+003,3.849954e+003,5.835334e-005,0.000000e+000;...
2.000000e+000,3.043874e+003,3.037353e+003,6.506300e+000,...
 1.389763e-002,0.000000e+000,0.000000e+000,...
 3.030186e+003,3.037399e+003,6.884001e-005,0.000000e+000,...
 3.035180e+003,3.035180e+003,7.101108e-005,0.000000e+000;...
2.200000e+000,2.416418e+003,2.409981e+003,6.430298e+000,...
 1.545506e-002,0.000000e+000,0.000000e+000,...
 2.413212e+003,2.418433e+003,8.340238e-005,0.000000e+000,...
 2.408398e+003,2.408398e+003,8.387686e-005,0.000000e+000;...
2.500000e+000,1.782027e+003,1.775839e+003,6.174465e+000,...
 1.763961e-002,0.000000e+000,0.000000e+000,...
 1.778153e+003,1.781538e+003,1.075973e-004,0.000000e+000,...
 1.774848e+003,1.774848e+003,1.115568e-004,0.000000e+000;...
2.800000e+000,1.364429e+003,1.358490e+003,5.911156e+000,...
 1.982914e-002,0.000000e+000,0.000000e+000,...
 1.356656e+003,1.358962e+003,1.347692e-004,0.000000e+000,...
 1.357737e+003,1.357737e+003,1.395974e-004,0.000000e+000;...
3.200000e+000,9.850404e+002,9.794752e+002,5.511209e+000,...
 2.276001e-002,0.000000e+000,0.000000e+000,...
 9.803868e+002,9.818440e+002,1.753803e-004,0.000000e+000,...
 9.790080e+002,9.790080e+002,1.771944e-004,0.000000e+000;...
3.500000e+000,7.882649e+002,7.830735e+002,5.191003e+000,...
 2.476306e-002,0.000000e+000,0.000000e+000,...
 7.846509e+002,7.857169e+002,2.075885e-004,0.000000e+000,...
 7.827068e+002,7.827068e+002,2.150851e-004,0.000000e+000;...
4.000000e+000,5.684395e+002,5.637465e+002,4.648188e+000,...
 2.805442e-002,0.000000e+000,0.000000e+000,...
 5.630857e+002,5.637548e+002,2.666395e-004,0.000000e+000,...
 5.635388e+002,5.635388e+002,2.786634e-004,0.000000e+000;...
4.500000e+000,4.208786e+002,4.167255e+002,4.116130e+000,...
 3.131878e-002,0.000000e+000,0.000000e+000,...
 4.171251e+002,4.175655e+002,3.321607e-004,0.000000e+000,...
 4.165898e+002,4.165898e+002,3.414589e-004,0.000000e+000;...
5.000000e+000,3.228522e+002,3.192348e+002,3.582494e+000,...
 3.436220e-002,0.000000e+000,0.000000e+000,...
 3.189308e+002,3.192336e+002,4.028317e-004,0.000000e+000,...
 3.191413e+002,3.191413e+002,4.120222e-004,0.000000e+000;...
5.500000e+000,2.517215e+002,2.486606e+002,3.023648e+000,...
 3.716100e-002,0.000000e+000,0.000000e+000,...
 2.490637e+002,2.492785e+002,4.764783e-004,0.000000e+000,...
 2.485847e+002,2.485847e+002,4.894738e-004,0.000000e+000;...
6.300000e+000,1.766369e+002,1.749882e+002,1.607512e+000,...
 4.148026e-002,0.000000e+000,0.000000e+000,...
 1.750063e+002,1.751377e+002,6.042940e-004,0.000000e+000,...
 1.749395e+002,1.749395e+002,6.135294e-004,0.000000e+000;...
6.357700e+000,1.728036e+002,1.714040e+002,1.356663e+000,...
 4.175146e-002,0.000000e+000,0.000000e+000,...
 1.708962e+002,1.710234e+002,6.135202e-004,0.000000e+000,...
 1.713585e+002,1.713585e+002,6.242567e-004,0.000000e+000;...
6.425300e+000,1.684054e+002,1.672093e+002,1.152287e+000,...
 4.206710e-002,0.000000e+000,0.000000e+000,...
 1.662489e+002,1.663713e+002,6.244057e-004,0.000000e+000,...
 1.671694e+002,1.671673e+002,6.367229e-004,0.000000e+000;...
6.451900e+000,1.668356e+002,1.655605e+002,1.231072e+000,...
 4.219169e-002,0.000000e+000,0.000000e+000,...
 1.644682e+002,1.645887e+002,6.287073e-004,0.000000e+000,...
 1.655163e+002,1.655163e+002,6.416114e-004,0.000000e+000;...
6.451900e+000,4.654833e+002,4.642374e+002,1.231072e+000,...
 4.219169e-002,0.000000e+000,0.000000e+000,...
 4.628964e+002,4.632368e+002,6.287234e-004,0.000000e+000,...
 4.259734e+002,4.259734e+002,6.416114e-004,0.000000e+000;...
6.497000e+000,4.582984e+002,4.567202e+002,1.544634e+000,...
 4.240350e-002,0.000000e+000,0.000000e+000,...
 4.546357e+002,4.549676e+002,6.360274e-004,0.000000e+000,...
 4.193498e+002,4.193498e+002,6.499271e-004,0.000000e+000;...
6.521100e+000,4.545190e+002,4.527332e+002,1.741326e+000,...
 4.251564e-002,0.000000e+000,0.000000e+000,...
 4.502930e+002,4.506206e+002,6.399527e-004,0.000000e+000,...
 4.158034e+002,4.158034e+002,6.543218e-004,0.000000e+000;...
6.631400e+000,4.367021e+002,4.344178e+002,2.210423e+000,...
 4.303062e-002,0.000000e+000,0.000000e+000,...
 4.311329e+002,4.314412e+002,6.580511e-004,0.000000e+000,...
