 
function zr =z62(flag,e)

za = [8.000000e-001,3.100061e+003,3.098339e+003,1.730271e+000,...
 4.363429e-003,0.000000e+000,0.000000e+000,...
 2.080930e+003,2.090861e+003,1.535829e-005,0.000000e+000,...
 3.098358e+003,3.098358e+003,9.241622e-006,0.000000e+000;...
1.000000e+000,2.092035e+003,2.090873e+003,1.154662e+000,...
 5.944341e-003,0.000000e+000,0.000000e+000,...
 2.080930e+003,2.090861e+003,1.535829e-005,0.000000e+000,...
 2.090885e+003,2.090885e+003,1.533780e-005,0.000000e+000;...
1.085800e+000,1.803369e+003,1.802648e+003,7.166774e-001,...
 6.576786e-003,0.000000e+000,0.000000e+000,...
 1.789547e+003,1.797409e+003,1.835702e-005,0.000000e+000,...
 1.802577e+003,1.802577e+003,1.861342e-005,0.000000e+000;...
1.085800e+000,3.356924e+003,3.356203e+003,7.166774e-001,...
 6.576786e-003,0.000000e+000,0.000000e+000,...
 3.344884e+003,3.359579e+003,1.836068e-005,0.000000e+000,...
 3.356145e+003,3.356145e+003,1.861342e-005,0.000000e+000;...
1.100000e+000,4.831254e+003,4.830052e+003,1.322967e+000,...
 6.681325e-003,0.000000e+000,0.000000e+000,...
 4.818333e+003,4.839228e+003,1.888114e-005,0.000000e+000,...
 4.829880e+003,4.829880e+003,1.916159e-005,0.000000e+000;...
1.112900e+000,6.097746e+003,6.095343e+003,2.135092e+000,...
 6.778655e-003,0.000000e+000,0.000000e+000,...
 6.081733e+003,6.107800e+003,1.936420e-005,0.000000e+000,...
 6.095347e+003,6.095347e+003,1.966700e-005,0.000000e+000;...
1.112900e+000,7.393877e+003,7.391474e+003,2.135092e+000,...
 6.778655e-003,0.000000e+000,0.000000e+000,...
 7.374419e+003,7.406025e+003,1.936796e-005,0.000000e+000,...
 7.386807e+003,7.386807e+003,1.966700e-005,0.000000e+000;...
1.250000e+000,6.726586e+003,6.722581e+003,3.918915e+000,...
 7.815240e-003,0.000000e+000,0.000000e+000,...
 6.701963e+003,6.727526e+003,2.490679e-005,0.000000e+000,...
 6.717105e+003,6.717105e+003,2.511207e-005,0.000000e+000;...
1.400000e+000,5.433659e+003,5.430054e+003,3.923001e+000,...
 8.934336e-003,0.000000e+000,0.000000e+000,...
 5.411864e+003,5.430287e+003,3.167433e-005,0.000000e+000,...
 5.424837e+003,5.424837e+003,3.234297e-005,0.000000e+000;...
1.407700e+000,5.369974e+003,5.365568e+003,4.099476e+000,...
 8.989609e-003,0.000000e+000,0.000000e+000,...
 5.344231e+003,5.362324e+003,3.203430e-005,0.000000e+000,...
 5.360692e+003,5.360692e+003,3.278788e-005,0.000000e+000;...
1.407700e+000,6.190670e+003,6.186264e+003,4.099476e+000,...
 8.989609e-003,0.000000e+000,0.000000e+000,...
 6.161192e+003,6.182049e+003,3.203898e-005,0.000000e+000,...
 6.180199e+003,6.180199e+003,3.278788e-005,0.000000e+000;...
1.531900e+000,5.168905e+003,5.163698e+003,5.128851e+000,...
 9.884404e-003,0.000000e+000,0.000000e+000,...
 5.085359e+003,5.101175e+003,3.813007e-005,0.000000e+000,...
 5.159094e+003,5.159094e+003,4.002197e-005,0.000000e+000;...
1.531900e+000,5.479720e+003,5.474513e+003,5.128851e+000,...
 9.884404e-003,0.000000e+000,0.000000e+000,...
 5.394359e+003,5.411135e+003,3.813520e-005,0.000000e+000,...
 5.469210e+003,5.469210e+003,4.002197e-005,0.000000e+000;...
1.600000e+000,4.922977e+003,4.917369e+003,5.653152e+000,...
 1.037506e-002,0.000000e+000,0.000000e+000,...
 4.904360e+003,4.918962e+003,4.170450e-005,0.000000e+000,...
 4.912785e+003,4.912785e+003,4.401893e-005,0.000000e+000;...
1.700100e+000,4.323375e+003,4.317768e+003,5.739667e+000,...
 1.110724e-002,0.000000e+000,0.000000e+000,...
 4.292046e+003,4.304070e+003,4.725846e-005,0.000000e+000,...
 4.313656e+003,4.313656e+003,4.997577e-005,0.000000e+000;...
1.700100e+000,4.514431e+003,4.508823e+003,5.739667e+000,...
 1.110724e-002,0.000000e+000,0.000000e+000,...
 4.481896e+003,4.494452e+003,4.726418e-005,0.000000e+000,...
 4.504387e+003,4.504387e+003,4.997577e-005,0.000000e+000;...
1.800000e+000,3.955404e+003,3.949115e+003,6.299616e+000,...
 1.183781e-002,0.000000e+000,0.000000e+000,...
 3.941833e+003,3.952261e+003,5.315793e-005,0.000000e+000,...
 3.945338e+003,3.945338e+003,5.595919e-005,0.000000e+000;...
2.000000e+000,3.118005e+003,3.111557e+003,6.468641e+000,...
 1.332060e-002,0.000000e+000,0.000000e+000,...
 3.104167e+003,3.111557e+003,6.604458e-005,0.000000e+000,...
 3.108847e+003,3.108847e+003,6.813002e-005,0.000000e+000;...
2.200000e+000,2.477269e+003,2.470821e+003,6.429389e+000,...
 1.482060e-002,0.000000e+000,0.000000e+000,...
 2.470040e+003,2.475384e+003,8.018940e-005,0.000000e+000,...
 2.468864e+003,2.468864e+003,8.050207e-005,0.000000e+000;...
2.500000e+000,1.828683e+003,1.822475e+003,6.211898e+000,...
 1.692781e-002,0.000000e+000,0.000000e+000,...
 1.819512e+003,1.822975e+003,1.035267e-004,0.000000e+000,...
 1.821233e+003,1.821233e+003,1.071475e-004,0.000000e+000;...
2.800000e+000,1.400631e+003,1.394663e+003,5.967172e+000,...
 1.904104e-002,0.000000e+000,0.000000e+000,...
 1.392756e+003,1.395122e+003,1.295447e-004,0.000000e+000,...
 1.393719e+003,1.393719e+003,1.341584e-004,0.000000e+000;...
3.200000e+000,1.012793e+003,1.007185e+003,5.595875e+000,...
 2.187162e-002,0.000000e+000,0.000000e+000,...
 1.008182e+003,1.009681e+003,1.683029e-004,0.000000e+000,...
 1.006619e+003,1.006619e+003,1.704214e-004,0.000000e+000;...
3.500000e+000,8.108832e+002,8.055561e+002,5.279052e+000,...
 2.380700e-002,0.000000e+000,0.000000e+000,...
 8.073018e+002,8.083987e+002,1.994264e-004,0.000000e+000,...
 8.051321e+002,8.051321e+002,2.069475e-004,0.000000e+000;...
4.000000e+000,5.852618e+002,5.804554e+002,4.756354e+000,...
 2.698925e-002,0.000000e+000,0.000000e+000,...
 5.797785e+002,5.804675e+002,2.567969e-004,0.000000e+000,...
 5.801943e+002,5.801943e+002,2.682841e-004,0.000000e+000;...
4.500000e+000,4.336593e+002,4.293736e+002,4.253282e+000,...
 3.014747e-002,0.000000e+000,0.000000e+000,...
 4.297825e+002,4.302362e+002,3.204445e-004,0.000000e+000,...
 4.291927e+002,4.291927e+002,3.289545e-004,0.000000e+000;...
5.000000e+000,3.329007e+002,3.291197e+002,3.749208e+000,...
 3.309781e-002,0.000000e+000,0.000000e+000,...
 3.288083e+002,3.291205e+002,3.883763e-004,0.000000e+000,...
 3.289812e+002,3.289812e+002,3.971850e-004,0.000000e+000;...
5.500000e+000,2.597750e+002,2.565187e+002,3.221103e+000,...
 3.581624e-002,0.000000e+000,0.000000e+000,...
 2.566687e+002,2.568901e+002,4.597613e-004,0.000000e+000,...
 2.564221e+002,2.564221e+002,4.722154e-004,0.000000e+000;...
5.713200e+000,2.377536e+002,2.347256e+002,2.991276e+000,...
 3.695417e-002,0.000000e+000,0.000000e+000,...
 2.325174e+002,2.327103e+002,4.917483e-004,0.000000e+000,...
 2.346525e+002,2.346525e+002,5.035374e-004,0.000000e+000;...
5.886400e+000,2.198377e+002,2.170219e+002,2.777470e+000,...
 3.787860e-002,0.000000e+000,0.000000e+000,...
 2.151556e+002,2.153288e+002,5.184195e-004,0.000000e+000,...
 2.169494e+002,2.169471e+002,5.288466e-004,0.000000e+000;...
6.141700e+000,1.968870e+002,1.943997e+002,2.444906e+000,...
 3.924042e-002,0.000000e+000,0.000000e+000,...
 1.927442e+002,1.928928e+002,5.588446e-004,0.000000e+000,...
 1.943380e+002,1.943358e+002,5.659025e-004,0.000000e+000;...
6.300000e+000,1.827561e+002,1.805252e+002,2.189445e+000,...
 4.001585e-002,0.000000e+000,0.000000e+000,...
 1.804750e+002,1.806105e+002,5.835764e-004,0.000000e+000,...
 1.804694e+002,1.804694e+002,5.925145e-004,0.000000e+000;...
6.323100e+000,1.812301e+002,1.790352e+002,2.154959e+000,...
 4.012160e-002,0.000000e+000,0.000000e+000,...
 1.787758e+002,1.789096e+002,5.872225e-004,0.000000e+000,...
 1.789790e+002,1.789790e+002,5.966887e-004,0.000000e+000;...
6.535100e+000,1.670792e+002,1.653849e+002,1.655411e+000,...
 4.109089e-002,0.000000e+000,0.000000e+000,...
 1.641693e+002,1.642881e+002,6.204645e-004,0.000000e+000,...
 1.653332e+002,1.653332e+002,6.346222e-004,0.000000e+000;...
6.603500e+000,1.623929e+002,1.609750e+002,1.378561e+000,...
 4.140331e-002,0.000000e+000,0.000000e+000,...
 1.598103e+002,1.599247e+002,6.313464e-004,0.000000e+000,...
 1.609249e+002,1.609229e+002,6.468054e-004,0.000000e+000;...
6.640800e+000,1.598335e+002,1.585718e+002,1.219589e+000,...
 4.157153e-002,0.000000e+000,0.000000e+000,...
 1.575006e+002,1.576127e+002,6.373135e-004,0.000000e+000,...
