 
function zr =z63(flag,e)

za = [8.000000e-001,3.262390e+003,3.260488e+003,1.898196e+000,...
 4.264888e-003,0.000000e+000,0.000000e+000,...
 2.188723e+003,2.199168e+003,1.504895e-005,0.000000e+000,...
 3.260538e+003,3.260538e+003,9.039434e-006,0.000000e+000;...
1.000000e+000,2.200606e+003,2.199140e+003,1.462950e+000,...
 5.819540e-003,0.000000e+000,0.000000e+000,...
 2.188723e+003,2.199168e+003,1.504895e-005,0.000000e+000,...
 2.199122e+003,2.199122e+003,1.502766e-005,0.000000e+000;...
1.100000e+000,1.841091e+003,1.840219e+003,8.595958e-001,...
 6.545546e-003,0.000000e+000,0.000000e+000,...
 1.833140e+003,1.841089e+003,1.851366e-005,0.000000e+000,...
 1.840203e+003,1.840203e+003,1.878869e-005,0.000000e+000;...
1.137800e+000,1.734251e+003,1.733537e+003,7.206163e-001,...
 6.827309e-003,0.000000e+000,0.000000e+000,...
 1.721463e+003,1.728679e+003,1.992470e-005,0.000000e+000,...
 1.733472e+003,1.733472e+003,2.024982e-005,0.000000e+000;...
1.137800e+000,3.104389e+003,3.103675e+003,7.206163e-001,...
 6.827309e-003,0.000000e+000,0.000000e+000,...
 3.092829e+003,3.105793e+003,1.992850e-005,0.000000e+000,...
 3.103687e+003,3.103687e+003,2.024982e-005,0.000000e+000;...
1.167200e+000,5.771588e+003,5.769211e+003,2.147503e+000,...
 7.046458e-003,0.000000e+000,0.000000e+000,...
 5.756944e+003,5.780466e+003,2.106096e-005,0.000000e+000,...
 5.769303e+003,5.769303e+003,2.139508e-005,0.000000e+000;...
1.167200e+000,6.953330e+003,6.950952e+003,2.147503e+000,...
 7.046458e-003,0.000000e+000,0.000000e+000,...
 6.935167e+003,6.963501e+003,2.106489e-005,0.000000e+000,...
 6.946334e+003,6.946334e+003,2.139508e-005,0.000000e+000;...
1.250000e+000,6.713177e+003,6.709610e+003,3.557469e+000,...
 7.663484e-003,0.000000e+000,0.000000e+000,...
 6.696290e+003,6.721832e+003,2.444484e-005,0.000000e+000,...
 6.703643e+003,6.703643e+003,2.464543e-005,0.000000e+000;...
1.400000e+000,5.685197e+003,5.681234e+003,4.105976e+000,...
 8.767156e-003,0.000000e+000,0.000000e+000,...
 5.663453e+003,5.682732e+003,3.110985e-005,0.000000e+000,...
 5.675049e+003,5.675049e+003,3.176617e-005,0.000000e+000;...
1.469600e+000,5.155355e+003,5.150996e+003,4.193160e+000,...
 9.261727e-003,0.000000e+000,0.000000e+000,...
 5.102353e+003,5.118897e+003,3.438932e-005,0.000000e+000,...
 5.145285e+003,5.145285e+003,3.574510e-005,0.000000e+000;...
1.469600e+000,5.951901e+003,5.947542e+003,4.193160e+000,...
 9.261727e-003,0.000000e+000,0.000000e+000,...
 5.895328e+003,5.914442e+003,3.439416e-005,0.000000e+000,...
 5.940601e+003,5.940601e+003,3.574510e-005,0.000000e+000;...
1.600000e+000,4.845852e+003,4.840700e+003,5.163678e+000,...
 1.018826e-002,0.000000e+000,0.000000e+000,...
 4.826092e+003,4.840461e+003,4.099118e-005,0.000000e+000,...
 4.835376e+003,4.835376e+003,4.326245e-005,0.000000e+000;...
1.604000e+000,4.822471e+003,4.816922e+003,5.221140e+000,...
 1.021719e-002,0.000000e+000,0.000000e+000,...
 4.798590e+003,4.812841e+003,4.120311e-005,0.000000e+000,...
 4.811902e+003,4.811902e+003,4.349702e-005,0.000000e+000;...
1.604000e+000,5.117708e+003,5.112556e+003,5.221140e+000,...
 1.021719e-002,0.000000e+000,0.000000e+000,...
 5.092634e+003,5.107758e+003,4.120843e-005,0.000000e+000,...
 5.106440e+003,5.106440e+003,4.349702e-005,0.000000e+000;...
1.776900e+000,4.090124e+003,4.084576e+003,5.844506e+000,...
 1.146550e-002,0.000000e+000,0.000000e+000,...
 4.052474e+003,4.063335e+003,5.090592e-005,0.000000e+000,...
 4.079951e+003,4.079951e+003,5.366515e-005,0.000000e+000;...
1.776900e+000,4.270833e+003,4.265285e+003,5.844506e+000,...
 1.146550e-002,0.000000e+000,0.000000e+000,...
 4.232274e+003,4.243617e+003,5.091184e-005,0.000000e+000,...
 4.260281e+003,4.260281e+003,5.366515e-005,0.000000e+000;...
1.800000e+000,4.131338e+003,4.124998e+003,6.055333e+000,...
 1.163234e-002,0.000000e+000,0.000000e+000,...
 4.114554e+003,4.125440e+003,5.228242e-005,0.000000e+000,...
 4.120521e+003,4.120521e+003,5.503105e-005,0.000000e+000;...
2.000000e+000,3.271941e+003,3.265441e+003,6.485706e+000,...
 1.309624e-002,0.000000e+000,0.000000e+000,...
 3.257651e+003,3.265406e+003,6.498885e-005,0.000000e+000,...
 3.262159e+003,3.262159e+003,6.703223e-005,0.000000e+000;...
2.200000e+000,2.641243e+003,2.634704e+003,6.528902e+000,...
 1.457877e-002,0.000000e+000,0.000000e+000,...
 2.631401e+003,2.637094e+003,7.911842e-005,0.000000e+000,...
 2.632167e+003,2.632167e+003,7.924852e-005,0.000000e+000;...
2.500000e+000,1.981497e+003,1.975037e+003,6.446076e+000,...
 1.666366e-002,0.000000e+000,0.000000e+000,...
 1.971346e+003,1.975098e+003,1.020104e-004,0.000000e+000,...
 1.973374e+003,1.973374e+003,1.055503e-004,0.000000e+000;...
2.800000e+000,1.498536e+003,1.492235e+003,6.264972e+000,...
 1.875608e-002,0.000000e+000,0.000000e+000,...
 1.490894e+003,1.493427e+003,1.277299e-004,0.000000e+000,...
 1.491104e+003,1.491104e+003,1.322580e-004,0.000000e+000;...
3.200000e+000,1.059089e+003,1.053224e+003,5.849658e+000,...
 2.156063e-002,0.000000e+000,0.000000e+000,...
 1.051832e+003,1.053395e+003,1.664625e-004,0.000000e+000,...
 1.052534e+003,1.052534e+003,1.681230e-004,0.000000e+000;...
3.500000e+000,8.506000e+002,8.450915e+002,5.511225e+000,...
 2.347947e-002,0.000000e+000,0.000000e+000,...
 8.454063e+002,8.465549e+002,1.972402e-004,0.000000e+000,...
 8.445546e+002,8.445546e+002,2.042615e-004,0.000000e+000;...
4.000000e+000,6.172635e+002,6.122703e+002,4.990895e+000,...
 2.663594e-002,0.000000e+000,0.000000e+000,...
 6.115278e+002,6.122545e+002,2.536969e-004,0.000000e+000,...
 6.119111e+002,6.119111e+002,2.649914e-004,0.000000e+000;...
4.500000e+000,4.576374e+002,4.531196e+002,4.489190e+000,...
 2.977060e-002,0.000000e+000,0.000000e+000,...
 4.535472e+002,4.540261e+002,3.160926e-004,0.000000e+000,...
 4.528790e+002,4.528790e+002,3.250980e-004,0.000000e+000;...
5.000000e+000,3.515145e+002,3.474882e+002,3.991447e+000,...
 3.270554e-002,0.000000e+000,0.000000e+000,...
 3.471613e+002,3.474910e+002,3.835513e-004,0.000000e+000,...
 3.473279e+002,3.473279e+002,3.926760e-004,0.000000e+000;...
5.500000e+000,2.745547e+002,2.710316e+002,3.487444e+000,...
 3.541815e-002,0.000000e+000,0.000000e+000,...
 2.711888e+002,2.714227e+002,4.551398e-004,0.000000e+000,...
 2.709171e+002,2.709171e+002,4.669776e-004,0.000000e+000;...
6.300000e+000,1.935448e+002,1.909293e+002,2.576766e+000,...
 3.961171e-002,0.000000e+000,0.000000e+000,...
 1.909249e+002,1.910683e+002,5.779580e-004,0.000000e+000,...
 1.908546e+002,1.908546e+002,5.863903e-004,0.000000e+000;...
6.584400e+000,1.740036e+002,1.718042e+002,2.158837e+000,...
 4.090917e-002,0.000000e+000,0.000000e+000,...
 1.704332e+002,1.705556e+002,6.228011e-004,0.000000e+000,...
 1.717397e+002,1.717397e+002,6.370718e-004,0.000000e+000;...
6.731600e+000,1.642747e+002,1.623764e+002,1.854684e+000,...
 4.157890e-002,0.000000e+000,0.000000e+000,...
 1.610146e+002,1.611277e+002,6.463057e-004,0.000000e+000,...
 1.623176e+002,1.623176e+002,6.630063e-004,0.000000e+000;...
6.841800e+000,1.570780e+002,1.555404e+002,1.494138e+000,...
 4.208219e-002,0.000000e+000,0.000000e+000,...
 1.544304e+002,1.545370e+002,6.641374e-004,0.000000e+000,...
 1.554881e+002,1.554853e+002,6.822955e-004,0.000000e+000;...
6.890000e+000,1.538800e+002,1.525564e+002,1.284381e+000,...
 4.230015e-002,0.000000e+000,0.000000e+000,...
 1.516679e+002,1.517718e+002,6.719944e-004,0.000000e+000,...
 1.525013e+002,1.525013e+002,6.906714e-004,0.000000e+000;...
6.968800e+000,1.489778e+002,1.476622e+002,1.270946e+000,...
 4.266078e-002,0.000000e+000,0.000000e+000,...
 1.472973e+002,1.473971e+002,6.849258e-004,0.000000e+000,...
 1.476103e+002,1.476103e+002,7.044832e-004,0.000000e+000;...
6.968800e+000,4.103994e+002,4.090917e+002,1.270946e+000,...
 4.266078e-002,0.000000e+000,0.000000e+000,...
 4.085225e+002,4.088004e+002,6.849424e-004,0.000000e+000,...
 3.719474e+002,3.719474e+002,7.044832e-004,0.000000e+000;...
7.000000e+000,4.056439e+002,4.041380e+002,1.435487e+000,...
 4.280344e-002,0.000000e+000,0.000000e+000,...
 4.038831e+002,4.041567e+002,6.900697e-004,0.000000e+000,...
