 
function zr =z64(flag,e)

za = [8.000000e-001,3.371656e+003,3.369626e+003,1.990549e+000,...
 4.089629e-003,0.000000e+000,0.000000e+000,...
 2.267229e+003,2.278049e+003,1.463137e-005,0.000000e+000,...
 3.369779e+003,3.369779e+003,8.696993e-006,0.000000e+000;...
1.000000e+000,2.279722e+003,2.278037e+003,1.698542e+000,...
 5.633341e-003,0.000000e+000,0.000000e+000,...
 2.267229e+003,2.278049e+003,1.463137e-005,0.000000e+000,...
 2.278101e+003,2.278101e+003,1.461519e-005,0.000000e+000;...
1.100000e+000,1.901281e+003,1.899941e+003,1.330211e+000,...
 6.376666e-003,0.000000e+000,0.000000e+000,...
 1.893968e+003,1.902181e+003,1.811246e-005,0.000000e+000,...
 1.900000e+003,1.900000e+003,1.815535e-005,0.000000e+000;...
1.199800e+000,1.626010e+003,1.625282e+003,7.175137e-001,...
 7.111949e-003,0.000000e+000,0.000000e+000,...
 1.607584e+003,1.613973e+003,2.191277e-005,0.000000e+000,...
 1.625376e+003,1.625376e+003,2.204587e-005,0.000000e+000;...
1.199800e+000,2.666167e+003,2.665439e+003,7.175137e-001,...
 7.111949e-003,0.000000e+000,0.000000e+000,...
 2.649350e+003,2.659878e+003,2.191666e-005,0.000000e+000,...
 2.665528e+003,2.665528e+003,2.204587e-005,0.000000e+000;...
1.231600e+000,5.142386e+003,5.140471e+003,2.049104e+000,...
 7.337512e-003,0.000000e+000,0.000000e+000,...
 5.138539e+003,5.158432e+003,2.317120e-005,0.000000e+000,...
 5.140581e+003,5.140581e+003,2.339141e-005,0.000000e+000;...
1.231600e+000,6.062256e+003,6.060341e+003,2.049104e+000,...
 7.337512e-003,0.000000e+000,0.000000e+000,...
 6.057265e+003,6.080713e+003,2.317522e-005,0.000000e+000,...
 6.056134e+003,6.056134e+003,2.339141e-005,0.000000e+000;...
1.250000e+000,6.224248e+003,6.221567e+003,2.744329e+000,...
 7.468102e-003,0.000000e+000,0.000000e+000,...
 6.198523e+003,6.222166e+003,2.391644e-005,0.000000e+000,...
 6.216810e+003,6.216810e+003,2.417215e-005,0.000000e+000;...
1.400000e+000,5.666275e+003,5.662063e+003,3.957125e+000,...
 8.551878e-003,0.000000e+000,0.000000e+000,...
 5.646945e+003,5.666168e+003,3.046194e-005,0.000000e+000,...
 5.655606e+003,5.655606e+003,3.067812e-005,0.000000e+000;...
1.541800e+000,4.734151e+003,4.729938e+003,4.214857e+000,...
 9.580892e-003,0.000000e+000,0.000000e+000,...
 4.692422e+003,4.706922e+003,3.735975e-005,0.000000e+000,...
 4.724135e+003,4.724135e+003,3.749522e-005,0.000000e+000;...
1.541800e+000,5.465987e+003,5.461774e+003,4.214857e+000,...
 9.580892e-003,0.000000e+000,0.000000e+000,...
 5.421324e+003,5.438075e+003,3.736469e-005,0.000000e+000,...
 5.455074e+003,5.455074e+003,3.749522e-005,0.000000e+000;...
1.600000e+000,4.993032e+003,4.987670e+003,5.113281e+000,...
 9.979170e-003,0.000000e+000,0.000000e+000,...
 4.973608e+003,4.988417e+003,4.029234e-005,0.000000e+000,...
 4.981725e+003,4.981725e+003,4.109414e-005,0.000000e+000;...
1.686900e+000,4.471057e+003,4.465696e+003,5.258040e+000,...
 1.057965e-002,0.000000e+000,0.000000e+000,...
 4.400079e+003,4.412502e+003,4.488166e-005,0.000000e+000,...
 4.460732e+003,4.460732e+003,4.652006e-005,0.000000e+000;...
1.686900e+000,4.744874e+003,4.739512e+003,5.258040e+000,...
 1.057965e-002,0.000000e+000,0.000000e+000,...
 4.672297e+003,4.685489e+003,4.488709e-005,0.000000e+000,...
 4.733498e+003,4.733498e+003,4.652006e-005,0.000000e+000;...
1.800000e+000,4.053631e+003,4.047886e+003,5.781163e+000,...
 1.136089e-002,0.000000e+000,0.000000e+000,...
 4.038202e+003,4.048886e+003,5.123271e-005,0.000000e+000,...
 4.042757e+003,4.042757e+003,5.362307e-005,0.000000e+000;...
1.864600e+000,3.778704e+003,3.772883e+003,5.810651e+000,...
 1.181202e-002,0.000000e+000,0.000000e+000,...
 3.730189e+003,3.739715e+003,5.505269e-005,0.000000e+000,...
 3.768412e+003,3.768412e+003,5.772304e-005,0.000000e+000;...
1.864600e+000,3.943721e+003,3.937977e+003,5.810651e+000,...
 1.181202e-002,0.000000e+000,0.000000e+000,...
 3.894418e+003,3.904363e+003,5.505872e-005,0.000000e+000,...
 3.932971e+003,3.932971e+003,5.772304e-005,0.000000e+000;...
2.000000e+000,3.357372e+003,3.350938e+003,6.427599e+000,...
 1.275793e-002,0.000000e+000,0.000000e+000,...
 3.342957e+003,3.350915e+003,6.351407e-005,0.000000e+000,...
 3.347088e+003,3.347088e+003,6.636076e-005,0.000000e+000;...
2.200000e+000,2.682941e+003,2.676392e+003,6.534062e+000,...
 1.416913e-002,0.000000e+000,0.000000e+000,...
 2.674820e+003,2.680607e+003,7.708339e-005,0.000000e+000,...
 2.673590e+003,2.673590e+003,7.928653e-005,0.000000e+000;...
2.500000e+000,1.990626e+003,1.984192e+003,6.433727e+000,...
 1.627044e-002,0.000000e+000,0.000000e+000,...
 1.981046e+003,1.984816e+003,9.987302e-005,0.000000e+000,...
 1.982279e+003,1.982279e+003,1.009570e-004,0.000000e+000;...
2.800000e+000,1.518130e+003,1.511888e+003,6.218886e+000,...
 1.826336e-002,0.000000e+000,0.000000e+000,...
 1.509973e+003,1.512538e+003,1.246911e-004,0.000000e+000,...
 1.510624e+003,1.510624e+003,1.287839e-004,0.000000e+000;...
3.200000e+000,1.096874e+003,1.090976e+003,5.872308e+000,...
 2.092761e-002,0.000000e+000,0.000000e+000,...
 1.092009e+003,1.093633e+003,1.619592e-004,0.000000e+000,...
 1.090190e+003,1.090190e+003,1.660166e-004,0.000000e+000;...
3.500000e+000,8.793909e+002,8.737997e+002,5.570152e+000,...
 2.290483e-002,0.000000e+000,0.000000e+000,...
 8.756996e+002,8.768894e+002,1.920394e-004,0.000000e+000,...
 8.731645e+002,8.731645e+002,1.954249e-004,0.000000e+000;...
4.000000e+000,6.360582e+002,6.309648e+002,5.076517e+000,...
 2.594439e-002,0.000000e+000,0.000000e+000,...
 6.302196e+002,6.309686e+002,2.473641e-004,0.000000e+000,...
 6.306012e+002,6.306012e+002,2.575348e-004,0.000000e+000;...
4.500000e+000,4.719215e+002,4.672877e+002,4.589392e+000,...
 2.895867e-002,0.000000e+000,0.000000e+000,...
 4.677404e+002,4.682343e+002,3.085786e-004,0.000000e+000,...
 4.670324e+002,4.670324e+002,3.188467e-004,0.000000e+000;...
5.000000e+000,3.627243e+002,3.585922e+002,4.101501e+000,...
 3.193695e-002,0.000000e+000,0.000000e+000,...
 3.582531e+002,3.585933e+002,3.757628e-004,0.000000e+000,...
 3.584051e+002,3.584051e+002,3.801519e-004,0.000000e+000;...
5.500000e+000,2.835550e+002,2.798939e+002,3.625482e+000,...
 3.456711e-002,0.000000e+000,0.000000e+000,...
 2.800677e+002,2.803093e+002,4.447715e-004,0.000000e+000,...
 2.797698e+002,2.797698e+002,4.553510e-004,0.000000e+000;...
6.300000e+000,1.999740e+002,1.971057e+002,2.827125e+000,...
 3.869427e-002,0.000000e+000,0.000000e+000,...
 1.971631e+002,1.973113e+002,5.655463e-004,0.000000e+000,...
 1.970283e+002,1.970283e+002,5.721117e-004,0.000000e+000;...
6.612100e+000,1.777700e+002,1.752693e+002,2.461092e+000,...
 4.013420e-002,0.000000e+000,0.000000e+000,...
 1.739802e+002,1.741046e+002,6.139455e-004,0.000000e+000,...
 1.752024e+002,1.752005e+002,6.243635e-004,0.000000e+000;...
6.824600e+000,1.636081e+002,1.614138e+002,2.152733e+000,...
 4.107245e-002,0.000000e+000,0.000000e+000,...
 1.603093e+002,1.604203e+002,6.472499e-004,0.000000e+000,...
 1.613541e+002,1.613541e+002,6.614382e-004,0.000000e+000;...
7.000000e+000,1.519508e+002,1.501050e+002,1.801252e+000,...
 4.184986e-002,0.000000e+000,0.000000e+000,...
 1.501228e+002,1.502240e+002,6.752677e-004,0.000000e+000,...
 1.500542e+002,1.500524e+002,6.918625e-004,0.000000e+000;...
7.097600e+000,1.469302e+002,1.453678e+002,1.520466e+000,...
 4.226729e-002,0.000000e+000,0.000000e+000,...
 1.448401e+002,1.449364e+002,6.910652e-004,0.000000e+000,...
 1.453174e+002,1.453174e+002,7.084584e-004,0.000000e+000;...
7.160800e+000,1.436138e+002,1.423041e+002,1.264572e+000,...
 4.253919e-002,0.000000e+000,0.000000e+000,...
 1.415560e+002,1.416493e+002,7.013733e-004,0.000000e+000,...
 1.422548e+002,1.422548e+002,7.191934e-004,0.000000e+000;...
7.242700e+000,1.396157e+002,1.383290e+002,1.244084e+000,...
 4.289151e-002,0.000000e+000,0.000000e+000,...
 1.374517e+002,1.375412e+002,7.148212e-004,0.000000e+000,...
 1.382833e+002,1.382833e+002,7.329947e-004,0.000000e+000;...
7.242700e+000,3.813132e+002,3.800265e+002,1.244084e+000,...
 4.289151e-002,0.000000e+000,0.000000e+000,...
 3.789792e+002,3.792271e+002,7.148378e-004,0.000000e+000,...
