 
function zr =z65(flag,e)

za = [8.000000e-001,3.546648e+003,3.544526e+003,2.101084e+000,...
 4.001560e-003,0.000000e+000,0.000000e+000,...
 2.370982e+003,2.382297e+003,1.435002e-005,0.000000e+000,...
 3.544477e+003,3.544477e+003,8.514704e-006,0.000000e+000;...
1.000000e+000,2.384263e+003,2.382368e+003,1.894261e+000,...
 5.520714e-003,0.000000e+000,0.000000e+000,...
 2.370982e+003,2.382297e+003,1.435002e-005,0.000000e+000,...
 2.382306e+003,2.382306e+003,1.433345e-005,0.000000e+000;...
1.100000e+000,1.984334e+003,1.982743e+003,1.581374e+000,...
 6.253954e-003,0.000000e+000,0.000000e+000,...
 1.976294e+003,1.984864e+003,1.777694e-005,0.000000e+000,...
 1.982788e+003,1.982788e+003,1.782057e-005,0.000000e+000;...
1.244600e+000,1.569627e+003,1.568869e+003,7.435097e-001,...
 7.292617e-003,0.000000e+000,0.000000e+000,...
 1.560710e+003,1.566689e+003,2.327686e-005,0.000000e+000,...
 1.568863e+003,1.568863e+003,2.352025e-005,0.000000e+000;...
1.244600e+000,2.758121e+003,2.757363e+003,7.435097e-001,...
 7.292617e-003,0.000000e+000,0.000000e+000,...
 2.749926e+003,2.760459e+003,2.328087e-005,0.000000e+000,...
 2.757324e+003,2.757324e+003,2.352025e-005,0.000000e+000;...
1.250000e+000,3.065021e+003,3.064112e+003,8.742045e-001,...
 7.330131e-003,0.000000e+000,0.000000e+000,...
 3.077958e+003,3.089698e+003,2.349363e-005,0.000000e+000,...
 3.064091e+003,3.064091e+003,2.374432e-005,0.000000e+000;...
1.279000e+000,5.086832e+003,5.084938e+003,2.136477e+000,...
 7.537030e-003,0.000000e+000,0.000000e+000,...
 5.082500e+003,5.101444e+003,2.467595e-005,0.000000e+000,...
 5.084708e+003,5.084708e+003,2.497413e-005,0.000000e+000;...
1.279000e+000,6.047813e+003,6.045539e+003,2.136477e+000,...
 7.537030e-003,0.000000e+000,0.000000e+000,...
 6.041731e+003,6.064250e+003,2.468008e-005,0.000000e+000,...
 6.040253e+003,6.040253e+003,2.497413e-005,0.000000e+000;...
1.400000e+000,5.830304e+003,5.826136e+003,3.844681e+000,...
 8.399867e-003,0.000000e+000,0.000000e+000,...
 5.809567e+003,5.829344e+003,2.994450e-005,0.000000e+000,...
 5.818360e+003,5.818360e+003,3.015555e-005,0.000000e+000;...
1.596800e+000,4.569206e+003,4.565038e+003,4.289551e+000,...
 9.787529e-003,0.000000e+000,0.000000e+000,...
 4.548738e+003,4.562308e+003,3.947636e-005,0.000000e+000,...
 4.558348e+003,4.558348e+003,4.022886e-005,0.000000e+000;...
1.596800e+000,5.279710e+003,5.275163e+003,4.289551e+000,...
 9.787529e-003,0.000000e+000,0.000000e+000,...
 5.256120e+003,5.271799e+003,3.948142e-005,0.000000e+000,...
 5.267249e+003,5.267249e+003,4.022886e-005,0.000000e+000;...
1.600000e+000,5.252427e+003,5.247880e+003,4.373675e+000,...
 9.809128e-003,0.000000e+000,0.000000e+000,...
 5.232522e+003,5.248102e+003,3.963829e-005,0.000000e+000,...
 5.240004e+003,5.240004e+003,4.042411e-005,0.000000e+000;...
1.753400e+000,4.283868e+003,4.278563e+003,5.343371e+000,...
 1.085537e-002,0.000000e+000,0.000000e+000,...
 4.225825e+003,4.237303e+003,4.779758e-005,0.000000e+000,...
 4.272795e+003,4.272795e+003,4.988381e-005,0.000000e+000;...
1.753400e+000,4.544954e+003,4.539649e+003,5.343371e+000,...
 1.085537e-002,0.000000e+000,0.000000e+000,...
 4.485606e+003,4.497789e+003,4.780316e-005,0.000000e+000,...
 4.532970e+003,4.532970e+003,4.988381e-005,0.000000e+000;...
1.800000e+000,4.244458e+003,4.238774e+003,5.788621e+000,...
 1.117330e-002,0.000000e+000,0.000000e+000,...
 4.228512e+003,4.239699e+003,5.043080e-005,0.000000e+000,...
 4.232660e+003,4.232660e+003,5.277609e-005,0.000000e+000;...
1.935800e+000,3.636229e+003,3.630241e+003,5.954595e+000,...
 1.211078e-002,0.000000e+000,0.000000e+000,...
 3.588414e+003,3.597240e+003,5.851643e-005,0.000000e+000,...
 3.625367e+003,3.625367e+003,6.129809e-005,0.000000e+000;...
1.935800e+000,3.794662e+003,3.788674e+003,5.954595e+000,...
 1.211078e-002,0.000000e+000,0.000000e+000,...
 3.746069e+003,3.755282e+003,5.852261e-005,0.000000e+000,...
 3.783374e+003,3.783374e+003,6.129809e-005,0.000000e+000;...
2.000000e+000,3.502161e+003,3.495795e+003,6.365361e+000,...
 1.255376e-002,0.000000e+000,0.000000e+000,...
 3.487420e+003,3.495722e+003,6.255303e-005,0.000000e+000,...
 3.491068e+003,3.491068e+003,6.534815e-005,0.000000e+000;...
2.200000e+000,2.808216e+003,2.801623e+003,6.590070e+000,...
 1.394900e-002,0.000000e+000,0.000000e+000,...
 2.798997e+003,2.805052e+003,7.593367e-005,0.000000e+000,...
 2.798031e+003,2.798031e+003,7.810515e-005,0.000000e+000;...
2.500000e+000,2.090891e+003,2.084335e+003,6.570744e+000,...
 1.602746e-002,0.000000e+000,0.000000e+000,...
 2.080941e+003,2.084902e+003,9.833837e-005,0.000000e+000,...
 2.081954e+003,2.081954e+003,9.951635e-005,0.000000e+000;...
2.800000e+000,1.593803e+003,1.587399e+003,6.391507e+000,...
 1.800323e-002,0.000000e+000,0.000000e+000,...
 1.585299e+003,1.587992e+003,1.230312e-004,0.000000e+000,...
 1.585812e+003,1.585812e+003,1.270420e-004,0.000000e+000;...
3.200000e+000,1.150335e+003,1.144234e+003,6.059938e+000,...
 2.064555e-002,0.000000e+000,0.000000e+000,...
 1.145379e+003,1.147081e+003,1.599337e-004,0.000000e+000,...
 1.143213e+003,1.143213e+003,1.639096e-004,0.000000e+000;...
3.500000e+000,9.225567e+002,9.167969e+002,5.765885e+000,...
 2.260844e-002,0.000000e+000,0.000000e+000,...
 9.188278e+002,9.200762e+002,1.899470e-004,0.000000e+000,...
 9.160286e+002,9.160286e+002,1.930559e-004,0.000000e+000;...
4.000000e+000,6.677225e+002,6.624174e+002,5.281984e+000,...
 2.563045e-002,0.000000e+000,0.000000e+000,...
 6.616068e+002,6.623931e+002,2.448079e-004,0.000000e+000,...
 6.618969e+002,6.618969e+002,2.546421e-004,0.000000e+000;...
4.500000e+000,4.956099e+002,4.907975e+002,4.796188e+000,...
 2.862973e-002,0.000000e+000,0.000000e+000,...
 4.912981e+002,4.918168e+002,3.054531e-004,0.000000e+000,...
 4.904606e+002,4.904606e+002,3.155237e-004,0.000000e+000;...
5.000000e+000,3.811714e+002,3.768250e+002,4.317972e+000,...
 3.159603e-002,0.000000e+000,0.000000e+000,...
 3.764583e+002,3.768159e+002,3.719006e-004,0.000000e+000,...
 3.765950e+002,3.765950e+002,3.764735e-004,0.000000e+000;...
5.500000e+000,2.984346e+002,2.945429e+002,3.857944e+000,...
 3.422660e-002,0.000000e+000,0.000000e+000,...
 2.947328e+002,2.949871e+002,4.408726e-004,0.000000e+000,...
 2.943691e+002,2.943691e+002,4.513749e-004,0.000000e+000;...
6.300000e+000,2.105821e+002,2.074597e+002,3.084801e+000,...
 3.835586e-002,0.000000e+000,0.000000e+000,...
 2.075536e+002,2.077096e+002,5.610834e-004,0.000000e+000,...
 2.073580e+002,2.073580e+002,5.677945e-004,0.000000e+000;...
7.000000e+000,1.598843e+002,1.575614e+002,2.280965e+000,...
 4.151998e-002,0.000000e+000,0.000000e+000,...
 1.576901e+002,1.577965e+002,6.707391e-004,0.000000e+000,...
 1.574883e+002,1.574883e+002,6.873253e-004,0.000000e+000;...
7.250400e+000,1.472961e+002,1.454090e+002,1.843219e+000,...
 4.259994e-002,0.000000e+000,0.000000e+000,...
 1.438805e+002,1.439741e+002,7.114898e-004,0.000000e+000,...
 1.453450e+002,1.453434e+002,7.297421e-004,0.000000e+000;...
7.368500e+000,1.412066e+002,1.396719e+002,1.491566e+000,...
 4.310772e-002,0.000000e+000,0.000000e+000,...
 1.379443e+002,1.380326e+002,7.310436e-004,0.000000e+000,...
 1.396099e+002,1.396099e+002,7.495293e-004,0.000000e+000;...
7.420400e+000,1.384820e+002,1.371520e+002,1.285615e+000,...
 4.333129e-002,0.000000e+000,0.000000e+000,...
 1.354426e+002,1.355286e+002,7.397031e-004,0.000000e+000,...
 1.370924e+002,1.370924e+002,7.581907e-004,0.000000e+000;...
7.505300e+000,1.343782e+002,1.330784e+002,1.256740e+000,...
 4.369886e-002,0.000000e+000,0.000000e+000,...
 1.314818e+002,1.315643e+002,7.539647e-004,0.000000e+000,...
 1.330222e+002,1.330222e+002,7.723954e-004,0.000000e+000;...
7.505300e+000,3.643580e+002,3.630582e+002,1.256740e+000,...
 4.369886e-002,0.000000e+000,0.000000e+000,...
 3.612993e+002,3.615274e+002,7.539815e-004,0.000000e+000,...
 3.268400e+002,3.268400e+002,7.723954e-004,0.000000e+000;...
7.553500e+000,3.590794e+002,3.575144e+002,1.521806e+000,...
 4.390727e-002,0.000000e+000,0.000000e+000,...
 3.553469e+002,3.555697e+002,7.621051e-004,0.000000e+000,...
