 
function zr =z66(flag,e)

za = [8.000000e-001,3.701204e+003,3.699018e+003,2.214519e+000,...
 3.846697e-003,0.000000e+000,0.000000e+000,...
 2.470224e+003,2.482013e+003,1.367025e-005,0.000000e+000,...
 3.698977e+003,3.698977e+003,8.168421e-006,0.000000e+000;...
1.000000e+000,2.484084e+003,2.482009e+003,2.061874e+000,...
 5.274941e-003,0.000000e+000,0.000000e+000,...
 2.470224e+003,2.482013e+003,1.367025e-005,0.000000e+000,...
 2.481988e+003,2.481988e+003,1.365380e-005,0.000000e+000;...
1.100000e+000,2.070175e+003,2.068359e+003,1.822215e+000,...
 5.944963e-003,0.000000e+000,0.000000e+000,...
 2.061399e+003,2.070339e+003,1.685307e-005,0.000000e+000,...
 2.068368e+003,2.068368e+003,1.709091e-005,0.000000e+000;...
1.250000e+000,1.617392e+003,1.616317e+003,1.088489e+000,...
 6.979643e-003,0.000000e+000,0.000000e+000,...
 1.610523e+003,1.616666e+003,2.231532e-005,0.000000e+000,...
 1.616281e+003,1.616281e+003,2.246456e-005,0.000000e+000;...
1.299500e+000,1.504177e+003,1.503399e+003,7.458071e-001,...
 7.329107e-003,0.000000e+000,0.000000e+000,...
 1.488359e+003,1.493819e+003,2.430206e-005,0.000000e+000,...
 1.503412e+003,1.503412e+003,2.429365e-005,0.000000e+000;...
1.299500e+000,2.610529e+003,2.609750e+003,7.458071e-001,...
 7.329107e-003,0.000000e+000,0.000000e+000,...
 2.595421e+003,2.604941e+003,2.430617e-005,0.000000e+000,...
 2.609731e+003,2.609731e+003,2.429365e-005,0.000000e+000;...
1.336600e+000,4.815042e+003,4.812818e+003,2.119871e+000,...
 7.583329e-003,0.000000e+000,0.000000e+000,...
 4.786743e+003,4.803813e+003,2.582188e-005,0.000000e+000,...
 4.812945e+003,4.812945e+003,2.582970e-005,0.000000e+000;...
1.336600e+000,5.677770e+003,5.675546e+003,2.119871e+000,...
 7.583329e-003,0.000000e+000,0.000000e+000,...
 5.647729e+003,5.667868e+003,2.582593e-005,0.000000e+000,...
 5.669968e+003,5.669968e+003,2.582970e-005,0.000000e+000;...
1.400000e+000,5.698522e+003,5.695187e+003,3.366935e+000,...
 7.999129e-003,0.000000e+000,0.000000e+000,...
 5.683203e+003,5.702549e+003,2.845277e-005,0.000000e+000,...
 5.687302e+003,5.687302e+003,2.887051e-005,0.000000e+000;...
1.600000e+000,4.769459e+003,4.765013e+003,4.425925e+000,...
 9.329909e-003,0.000000e+000,0.000000e+000,...
 4.751252e+003,4.765398e+003,3.763040e-005,0.000000e+000,...
 4.756798e+003,4.756798e+003,3.866959e-005,0.000000e+000;...
1.662100e+000,4.354772e+003,4.350325e+003,4.372561e+000,...
 9.751266e-003,0.000000e+000,0.000000e+000,...
 4.305190e+003,4.317528e+003,4.075318e-005,0.000000e+000,...
 4.343199e+003,4.343199e+003,4.178115e-005,0.000000e+000;...
1.662100e+000,5.029612e+003,5.025536e+003,4.372561e+000,...
 9.751266e-003,0.000000e+000,0.000000e+000,...
 4.977666e+003,4.991930e+003,4.075832e-005,0.000000e+000,...
 5.017186e+003,5.017186e+003,4.178115e-005,0.000000e+000;...
1.800000e+000,4.142796e+003,4.137238e+003,5.364253e+000,...
 1.068663e-002,0.000000e+000,0.000000e+000,...
 4.126903e+003,4.137822e+003,4.815407e-005,0.000000e+000,...
 4.131059e+003,4.131059e+003,4.874204e-005,0.000000e+000;...
1.830900e+000,4.002714e+003,3.997156e+003,5.460235e+000,...
 1.089897e-002,0.000000e+000,0.000000e+000,...
 3.965422e+003,3.975736e+003,4.990091e-005,0.000000e+000,...
 3.991262e+003,3.991262e+003,5.032325e-005,0.000000e+000;...
1.830900e+000,4.248043e+003,4.242484e+003,5.460235e+000,...
 1.089897e-002,0.000000e+000,0.000000e+000,...
 4.209755e+003,4.220704e+003,4.990662e-005,0.000000e+000,...
 4.235669e+003,4.235669e+003,5.032325e-005,0.000000e+000;...
2.000000e+000,3.458655e+003,3.452726e+003,5.910128e+000,...
 1.203408e-002,0.000000e+000,0.000000e+000,...
 3.444851e+003,3.453052e+003,5.987805e-005,0.000000e+000,...
 3.447543e+003,3.447543e+003,6.081286e-005,0.000000e+000;...
2.018200e+000,3.390022e+003,3.383982e+003,6.015745e+000,...
 1.215415e-002,0.000000e+000,0.000000e+000,...
 3.374665e+003,3.382625e+003,6.099031e-005,0.000000e+000,...
 3.378785e+003,3.378785e+003,6.214211e-005,0.000000e+000;...
2.018200e+000,3.538961e+003,3.532921e+003,6.015745e+000,...
 1.215415e-002,0.000000e+000,0.000000e+000,...
 3.522914e+003,3.531224e+003,6.099644e-005,0.000000e+000,...
 3.527317e+003,3.527317e+003,6.214211e-005,0.000000e+000;...
2.200000e+000,2.887357e+003,2.880724e+003,6.622396e+000,...
 1.335226e-002,0.000000e+000,0.000000e+000,...
 2.879039e+003,2.885268e+003,7.267165e-005,0.000000e+000,...
 2.876502e+003,2.876502e+003,7.548113e-005,0.000000e+000;...
2.500000e+000,2.142440e+003,2.135769e+003,6.649820e+000,...
 1.535010e-002,0.000000e+000,0.000000e+000,...
 2.132284e+003,2.136343e+003,9.422361e-005,0.000000e+000,...
 2.133006e+003,2.133006e+003,9.781521e-005,0.000000e+000;...
2.800000e+000,1.645334e+003,1.638812e+003,6.504920e+000,...
 1.736943e-002,0.000000e+000,0.000000e+000,...
 1.637677e+003,1.640460e+003,1.184207e-004,0.000000e+000,...
 1.636884e+003,1.636884e+003,1.205054e-004,0.000000e+000;...
3.200000e+000,1.192365e+003,1.186102e+003,6.231427e+000,...
 1.992130e-002,0.000000e+000,0.000000e+000,...
 1.187269e+003,1.189033e+003,1.541028e-004,0.000000e+000,...
 1.184868e+003,1.184868e+003,1.587025e-004,0.000000e+000;...
3.500000e+000,9.570049e+002,9.510384e+002,5.949410e+000,...
 2.179906e-002,0.000000e+000,0.000000e+000,...
 9.530951e+002,9.543901e+002,1.834189e-004,0.000000e+000,...
 9.501085e+002,9.501085e+002,1.891696e-004,0.000000e+000;...
4.000000e+000,6.933319e+002,6.878102e+002,5.472464e+000,...
 2.489940e-002,0.000000e+000,0.000000e+000,...
 6.869937e+002,6.878102e+002,2.370364e-004,0.000000e+000,...
 6.872222e+002,6.872222e+002,2.415584e-004,0.000000e+000;...
4.500000e+000,5.148941e+002,5.098912e+002,4.995888e+000,...
 2.772401e-002,0.000000e+000,0.000000e+000,...
 5.104268e+002,5.109658e+002,2.958934e-004,0.000000e+000,...
 5.094737e+002,5.094737e+002,3.066407e-004,0.000000e+000;...
5.000000e+000,3.962320e+002,3.916738e+002,4.518943e+000,...
 3.052121e-002,0.000000e+000,0.000000e+000,...
 3.913058e+002,3.916775e+002,3.597027e-004,0.000000e+000,...
 3.913918e+002,3.913918e+002,3.707368e-004,0.000000e+000;...
5.500000e+000,3.108820e+002,3.067908e+002,4.060155e+000,...
 3.329431e-002,0.000000e+000,0.000000e+000,...
 3.069689e+002,3.072338e+002,4.277725e-004,0.000000e+000,...
 3.066029e+002,3.066029e+002,4.340457e-004,0.000000e+000;...
6.300000e+000,2.195693e+002,2.161859e+002,3.345107e+000,...
 3.712174e-002,0.000000e+000,0.000000e+000,...
 2.163894e+002,2.165521e+002,5.438044e-004,0.000000e+000,...
 2.160586e+002,2.160586e+002,5.596213e-004,0.000000e+000;...
7.000000e+000,1.664419e+002,1.637922e+002,2.612011e+000,...
 4.039402e-002,0.000000e+000,0.000000e+000,...
 1.641216e+002,1.642324e+002,6.533950e-004,0.000000e+000,...
 1.637059e+002,1.637059e+002,6.655806e-004,0.000000e+000;...
7.781000e+000,1.270411e+002,1.257144e+002,1.284159e+000,...
 4.376637e-002,0.000000e+000,0.000000e+000,...
 1.243440e+002,1.244192e+002,7.821196e-004,0.000000e+000,...
 1.256547e+002,1.256532e+002,7.951142e-004,0.000000e+000;...
7.781000e+000,3.417149e+002,3.403882e+002,1.284159e+000,...
 4.376637e-002,0.000000e+000,0.000000e+000,...
 3.388800e+002,3.390862e+002,7.821362e-004,0.000000e+000,...
 3.049564e+002,3.049564e+002,7.951142e-004,0.000000e+000;...
8.000000e+000,3.226408e+002,3.204173e+002,2.178350e+000,...
 4.464095e-002,0.000000e+000,0.000000e+000,...
 3.202395e+002,3.204290e+002,8.187423e-004,0.000000e+000,...
 2.876900e+002,2.876900e+002,8.354532e-004,0.000000e+000;...
8.590700e+000,2.678161e+002,2.655370e+002,2.231121e+000,...
 4.693118e-002,0.000000e+000,0.000000e+000,...
 2.641396e+002,2.642848e+002,9.207882e-004,0.000000e+000,...
 2.404341e+002,2.404205e+002,9.410012e-004,0.000000e+000;...
8.590700e+000,3.659958e+002,3.637167e+002,2.231121e+000,...
 4.693118e-002,0.000000e+000,0.000000e+000,...
 3.622546e+002,3.624540e+002,9.208057e-004,0.000000e+000,...
 3.189223e+002,3.189223e+002,9.410012e-004,0.000000e+000;...
8.975400e+000,3.271990e+002,3.243937e+002,2.756763e+000,...
 4.842465e-002,0.000000e+000,0.000000e+000,...
 3.240112e+002,3.241818e+002,9.897624e-004,0.000000e+000,...
