 
function zr =z67(flag,e)

za = [8.000000e-001,3.886416e+003,3.883860e+003,2.335720e+000,...
 3.746207e-003,0.000000e+000,0.000000e+000,...
 2.590244e+003,2.602606e+003,1.334155e-005,0.000000e+000,...
 3.883883e+003,3.883883e+003,7.959637e-006,0.000000e+000;...
1.000000e+000,2.604855e+003,2.602628e+003,2.227934e+000,...
 5.144279e-003,0.000000e+000,0.000000e+000,...
 2.590244e+003,2.602606e+003,1.334155e-005,0.000000e+000,...
 2.602615e+003,2.602615e+003,1.332461e-005,0.000000e+000;...
1.100000e+000,2.156369e+003,2.154324e+003,2.043143e+000,...
 5.800413e-003,0.000000e+000,0.000000e+000,...
 2.151053e+003,2.160381e+003,1.645464e-005,0.000000e+000,...
 2.154323e+003,2.154323e+003,1.670267e-005,0.000000e+000;...
1.250000e+000,1.681448e+003,1.679951e+003,1.486689e+000,...
 6.813277e-003,0.000000e+000,0.000000e+000,...
 1.677360e+003,1.683758e+003,2.179981e-005,0.000000e+000,...
 1.679955e+003,1.679955e+003,2.198431e-005,0.000000e+000;...
1.355300e+000,1.444334e+003,1.443568e+003,7.541705e-001,...
 7.530387e-003,0.000000e+000,0.000000e+000,...
 1.433848e+003,1.438890e+003,2.599857e-005,0.000000e+000,...
 1.443557e+003,1.443557e+003,2.613369e-005,0.000000e+000;...
1.355300e+000,2.450114e+003,2.449347e+003,7.541705e-001,...
 7.530387e-003,0.000000e+000,0.000000e+000,...
 2.440393e+003,2.448975e+003,2.600257e-005,0.000000e+000,...
 2.449357e+003,2.449357e+003,2.613369e-005,0.000000e+000;...
1.395200e+000,4.550582e+003,4.548391e+003,2.095210e+000,...
 7.784881e-003,0.000000e+000,0.000000e+000,...
 4.532034e+003,4.547515e+003,2.762166e-005,0.000000e+000,...
 4.548283e+003,4.548283e+003,2.816609e-005,0.000000e+000;...
1.395200e+000,5.315889e+003,5.313698e+003,2.095210e+000,...
 7.784881e-003,0.000000e+000,0.000000e+000,...
 5.295645e+003,5.313733e+003,2.762580e-005,0.000000e+000,...
 5.308381e+003,5.308381e+003,2.816609e-005,0.000000e+000;...
1.400000e+000,5.362625e+003,5.360435e+003,2.300813e+000,...
 7.815185e-003,0.000000e+000,0.000000e+000,...
 5.343226e+003,5.361415e+003,2.782039e-005,0.000000e+000,...
 5.354666e+003,5.354666e+003,2.841062e-005,0.000000e+000;...
1.600000e+000,5.113608e+003,5.108862e+003,4.690426e+000,...
 9.107737e-003,0.000000e+000,0.000000e+000,...
 5.094527e+003,5.109695e+003,3.676299e-005,0.000000e+000,...
 5.098280e+003,5.098280e+003,3.879832e-005,0.000000e+000;...
1.728500e+000,4.139449e+003,4.134702e+003,4.485224e+000,...
 9.953371e-003,0.000000e+000,0.000000e+000,...
 4.090569e+003,4.101841e+003,4.319554e-005,0.000000e+000,...
 4.127309e+003,4.127309e+003,4.563563e-005,0.000000e+000;...
1.728500e+000,4.785724e+003,4.781343e+003,4.485224e+000,...
 9.953371e-003,0.000000e+000,0.000000e+000,...
 4.734715e+003,4.747760e+003,4.320075e-005,0.000000e+000,...
 4.772415e+003,4.772415e+003,4.563563e-005,0.000000e+000;...
1.800000e+000,4.321282e+003,4.316170e+003,5.422141e+000,...
 1.042402e-002,0.000000e+000,0.000000e+000,...
 4.305592e+003,4.316983e+003,4.700907e-005,0.000000e+000,...
 4.308319e+003,4.308319e+003,4.947003e-005,0.000000e+000;...
1.910400e+000,3.798420e+003,3.792943e+003,5.501739e+000,...
 1.116231e-002,0.000000e+000,0.000000e+000,...
 3.743485e+003,3.752815e+003,5.322826e-005,0.000000e+000,...
 3.786878e+003,3.786878e+003,5.548041e-005,0.000000e+000;...
1.910400e+000,4.031736e+003,4.026259e+003,5.501739e+000,...
 1.116231e-002,0.000000e+000,0.000000e+000,...
 3.975682e+003,3.985591e+003,5.323407e-005,0.000000e+000,...
 4.018875e+003,4.018875e+003,5.548041e-005,0.000000e+000;...
2.000000e+000,3.592013e+003,3.586025e+003,6.001233e+000,...
 1.176185e-002,0.000000e+000,0.000000e+000,...
 3.577502e+003,3.586018e+003,5.857209e-005,0.000000e+000,...
 3.579704e+003,3.579704e+003,6.039227e-005,0.000000e+000;...
2.102500e+000,3.216407e+003,3.210346e+003,6.048335e+000,...
 1.245741e-002,0.000000e+000,0.000000e+000,...
 3.197993e+003,3.205234e+003,6.501267e-005,0.000000e+000,...
 3.204988e+003,3.204988e+003,6.608987e-005,0.000000e+000;...
2.102500e+000,3.357163e+003,3.351102e+003,6.048335e+000,...
 1.245741e-002,0.000000e+000,0.000000e+000,...
 3.338093e+003,3.345650e+003,6.501912e-005,0.000000e+000,...
 3.345323e+003,3.345323e+003,6.608987e-005,0.000000e+000;...
2.200000e+000,3.014966e+003,3.008357e+003,6.577039e+000,...
 1.311903e-002,0.000000e+000,0.000000e+000,...
 3.004493e+003,3.010993e+003,7.139597e-005,0.000000e+000,...
 3.003411e+003,3.003411e+003,7.152824e-005,0.000000e+000;...
2.500000e+000,2.235602e+003,2.228847e+003,6.736599e+000,...
 1.504544e-002,0.000000e+000,0.000000e+000,...
 2.225134e+003,2.229369e+003,9.243721e-005,0.000000e+000,...
 2.225537e+003,2.225537e+003,9.571348e-005,0.000000e+000;...
2.800000e+000,1.717340e+003,1.710658e+003,6.651525e+000,...
 1.698499e-002,0.000000e+000,0.000000e+000,...
 1.709138e+003,1.712042e+003,1.160927e-004,0.000000e+000,...
 1.708398e+003,1.708398e+003,1.203687e-004,0.000000e+000;...
3.200000e+000,1.244208e+003,1.237782e+003,6.386442e+000,...
 1.959346e-002,0.000000e+000,0.000000e+000,...
 1.239061e+003,1.240902e+003,1.515606e-004,0.000000e+000,...
 1.236320e+003,1.236320e+003,1.536562e-004,0.000000e+000;...
3.500000e+000,9.991710e+002,9.930003e+002,6.120630e+000,...
 2.141472e-002,0.000000e+000,0.000000e+000,...
 9.951829e+002,9.965350e+002,1.805295e-004,0.000000e+000,...
 9.919272e+002,9.919272e+002,1.855535e-004,0.000000e+000;...
4.000000e+000,7.244492e+002,7.187897e+002,5.668602e+000,...
 2.442811e-002,0.000000e+000,0.000000e+000,...
 7.179255e+002,7.187787e+002,2.333148e-004,0.000000e+000,...
 7.180784e+002,7.180784e+002,2.393803e-004,0.000000e+000;...
4.500000e+000,5.383073e+002,5.330859e+002,5.193572e+000,...
 2.733343e-002,0.000000e+000,0.000000e+000,...
 5.336711e+002,5.342347e+002,2.919753e-004,0.000000e+000,...
 5.326259e+002,5.326259e+002,2.981492e-004,0.000000e+000;...
5.000000e+000,4.144561e+002,4.097094e+002,4.721462e+000,...
 3.009233e-002,0.000000e+000,0.000000e+000,...
 4.093060e+002,4.096948e+002,3.547439e-004,0.000000e+000,...
 4.093690e+002,4.093690e+002,3.623423e-004,0.000000e+000;...
5.500000e+000,3.253139e+002,3.210127e+002,4.268703e+000,...
 3.270701e-002,0.000000e+000,0.000000e+000,...
 3.212020e+002,3.214792e+002,4.220816e-004,0.000000e+000,...
 3.207814e+002,3.207814e+002,4.319189e-004,0.000000e+000;...
6.300000e+000,2.298951e+002,2.263023e+002,3.555939e+000,...
 3.656020e-002,0.000000e+000,0.000000e+000,...
 2.265837e+002,2.267541e+002,5.361327e-004,0.000000e+000,...
 2.261566e+002,2.261566e+002,5.531281e-004,0.000000e+000;...
7.000000e+000,1.744359e+002,1.714967e+002,2.900718e+000,...
 3.985730e-002,0.000000e+000,0.000000e+000,...
 1.719883e+002,1.721044e+002,6.451884e-004,0.000000e+000,...
 1.713961e+002,1.713961e+002,6.556972e-004,0.000000e+000;...
8.000000e+000,1.226025e+002,1.213099e+002,1.249794e+000,...
 4.403436e-002,0.000000e+000,0.000000e+000,...
 1.212805e+002,1.213518e+002,8.085901e-004,0.000000e+000,...
 1.212450e+002,1.212450e+002,8.282831e-004,0.000000e+000;...
8.061700e+000,1.205943e+002,1.192615e+002,1.289630e+000,...
 4.427534e-002,0.000000e+000,0.000000e+000,...
 1.188673e+002,1.189366e+002,8.189564e-004,0.000000e+000,...
 1.191986e+002,1.191972e+002,8.392916e-004,0.000000e+000;...
8.061700e+000,3.253759e+002,3.240432e+002,1.289630e+000,...
 4.427534e-002,0.000000e+000,0.000000e+000,...
 3.235185e+002,3.237084e+002,8.189733e-004,0.000000e+000,...
 2.887480e+002,2.887480e+002,8.392916e-004,0.000000e+000;...
8.928700e+000,2.512405e+002,2.489730e+002,2.220157e+000,...
 4.763816e-002,0.000000e+000,0.000000e+000,...
 2.478876e+002,2.480186e+002,9.701260e-004,0.000000e+000,...
 2.245698e+002,2.245698e+002,9.906159e-004,0.000000e+000;...
8.928700e+000,3.439719e+002,3.417044e+002,2.220157e+000,...
 4.763816e-002,0.000000e+000,0.000000e+000,...
 3.405616e+002,3.407419e+002,9.701442e-004,0.000000e+000,...
 2.977667e+002,2.977540e+002,9.906159e-004,0.000000e+000;...
9.000000e+000,3.364940e+002,3.340258e+002,2.418494e+000,...
 4.791566e-002,0.000000e+000,0.000000e+000,...
 3.338556e+002,3.340309e+002,9.830055e-004,0.000000e+000,...
