 
function zr =z68(flag,e)

za = [8.000000e-001,4.093666e+003,4.091506e+003,2.443778e+000,...
 3.652256e-003,0.000000e+000,0.000000e+000,...
 2.720957e+003,2.733942e+003,1.303242e-005,0.000000e+000,...
 4.091248e+003,4.091248e+003,7.759210e-006,0.000000e+000;...
1.000000e+000,2.736311e+003,2.733935e+003,2.392580e+000,...
 5.022211e-003,0.000000e+000,0.000000e+000,...
 2.720957e+003,2.733942e+003,1.303242e-005,0.000000e+000,...
 2.733841e+003,2.733841e+003,1.303331e-005,0.000000e+000;...
1.100000e+000,2.259293e+003,2.257025e+003,2.256125e+000,...
 5.665605e-003,0.000000e+000,0.000000e+000,...
 2.254024e+003,2.263799e+003,1.608211e-005,0.000000e+000,...
 2.256984e+003,2.256984e+003,1.633676e-005,0.000000e+000;...
1.250000e+000,1.755056e+003,1.753292e+003,1.789512e+000,...
 6.659678e-003,0.000000e+000,0.000000e+000,...
 1.754303e+003,1.760995e+003,2.132174e-005,0.000000e+000,...
 1.753276e+003,1.753276e+003,2.150805e-005,0.000000e+000;...
1.400000e+000,1.409992e+003,1.409272e+003,7.221702e-001,...
 7.643669e-003,0.000000e+000,0.000000e+000,...
 1.405207e+003,1.409990e+003,2.722660e-005,0.000000e+000,...
 1.409269e+003,1.409269e+003,2.780640e-005,0.000000e+000;...
1.412000e+000,1.388642e+003,1.387850e+003,7.592904e-001,...
 7.719638e-003,0.000000e+000,0.000000e+000,...
 1.381918e+003,1.386583e+003,2.771705e-005,0.000000e+000,...
 1.387839e+003,1.387839e+003,2.841063e-005,0.000000e+000;...
1.412000e+000,2.344191e+003,2.343399e+003,7.592904e-001,...
 7.719638e-003,0.000000e+000,0.000000e+000,...
 2.337740e+003,2.345629e+003,2.772115e-005,0.000000e+000,...
 2.343375e+003,2.343375e+003,2.841063e-005,0.000000e+000;...
1.455000e+000,4.342454e+003,4.340654e+003,2.060370e+000,...
 7.992549e-003,0.000000e+000,0.000000e+000,...
 4.319235e+003,4.333381e+003,2.951230e-005,0.000000e+000,...
 4.340450e+003,4.340450e+003,3.058594e-005,0.000000e+000;...
1.455000e+000,4.940122e+003,4.937962e+003,2.060370e+000,...
 7.992549e-003,0.000000e+000,0.000000e+000,...
 4.917182e+003,4.933285e+003,2.951655e-005,0.000000e+000,...
 4.933125e+003,4.933125e+003,3.058594e-005,0.000000e+000;...
1.600000e+000,5.525909e+003,5.521229e+003,4.834991e+000,...
 8.912815e-003,0.000000e+000,0.000000e+000,...
 5.504597e+003,5.520986e+003,3.600097e-005,0.000000e+000,...
 5.507528e+003,5.507528e+003,3.799361e-005,0.000000e+000;...
1.796200e+000,3.921926e+003,3.917246e+003,4.594123e+000,...
 1.018160e-002,0.000000e+000,0.000000e+000,...
 3.903512e+003,3.913861e+003,4.585707e-005,0.000000e+000,...
 3.909398e+003,3.909398e+003,4.826659e-005,0.000000e+000;...
1.796200e+000,4.541557e+003,4.536876e+003,4.594123e+000,...
 1.018160e-002,0.000000e+000,0.000000e+000,...
 4.521021e+003,4.533007e+003,4.586241e-005,0.000000e+000,...
 4.527844e+003,4.527844e+003,4.826659e-005,0.000000e+000;...
1.800000e+000,4.514554e+003,4.509873e+003,4.676212e+000,...
 1.020608e-002,0.000000e+000,0.000000e+000,...
 4.498300e+003,4.510202e+003,4.606026e-005,0.000000e+000,...
 4.500944e+003,4.500944e+003,4.846742e-005,0.000000e+000;...
1.991800e+000,3.561525e+003,3.555873e+003,5.638961e+000,...
 1.146767e-002,0.000000e+000,0.000000e+000,...
 3.541201e+003,3.549666e+003,5.692706e-005,0.000000e+000,...
 3.549408e+003,3.549408e+003,5.875623e-005,0.000000e+000;...
1.991800e+000,3.785111e+003,3.779350e+003,5.638961e+000,...
 1.146767e-002,0.000000e+000,0.000000e+000,...
 3.763789e+003,3.772785e+003,5.693305e-005,0.000000e+000,...
 3.771807e+003,3.771807e+003,5.875623e-005,0.000000e+000;...
2.000000e+000,3.741906e+003,3.736145e+003,5.690447e+000,...
 1.152167e-002,0.000000e+000,0.000000e+000,...
 3.727434e+003,3.736307e+003,5.741844e-005,0.000000e+000,...
 3.728767e+003,3.728767e+003,5.919369e-005,0.000000e+000;...
2.188900e+000,3.049295e+003,3.043066e+003,6.217907e+000,...
 1.278253e-002,0.000000e+000,0.000000e+000,...
 3.030848e+003,3.037439e+003,6.935063e-005,0.000000e+000,...
 3.037506e+003,3.037506e+003,6.953036e-005,0.000000e+000;...
2.188900e+000,3.182366e+003,3.176137e+003,6.217907e+000,...
 1.278253e-002,0.000000e+000,0.000000e+000,...
 3.163325e+003,3.170204e+003,6.935719e-005,0.000000e+000,...
 3.170188e+003,3.170188e+003,6.953036e-005,0.000000e+000;...
2.200000e+000,3.141141e+003,3.134913e+003,6.230149e+000,...
 1.285670e-002,0.000000e+000,0.000000e+000,...
 3.128173e+003,3.134941e+003,7.007953e-005,0.000000e+000,...
 3.129073e+003,3.129073e+003,7.014219e-005,0.000000e+000;...
2.500000e+000,2.327773e+003,2.320968e+003,6.800094e+000,...
 1.475520e-002,0.000000e+000,0.000000e+000,...
 2.318100e+003,2.322512e+003,9.072523e-005,0.000000e+000,...
 2.317053e+003,2.317053e+003,9.393779e-005,0.000000e+000;...
2.800000e+000,1.787603e+003,1.780835e+003,6.766250e+000,...
 1.666810e-002,0.000000e+000,0.000000e+000,...
 1.779465e+003,1.782489e+003,1.140262e-004,0.000000e+000,...
 1.778151e+003,1.778151e+003,1.182125e-004,0.000000e+000;...
3.200000e+000,1.299316e+003,1.292727e+003,6.539784e+000,...
 1.924239e-002,0.000000e+000,0.000000e+000,...
 1.294165e+003,1.296089e+003,1.486576e-004,0.000000e+000,...
 1.290984e+003,1.290984e+003,1.510279e-004,0.000000e+000;...
3.500000e+000,1.043399e+003,1.037098e+003,6.291356e+000,...
 2.101451e-002,0.000000e+000,0.000000e+000,...
 1.039569e+003,1.040982e+003,1.773720e-004,0.000000e+000,...
 1.035832e+003,1.035801e+003,1.840062e-004,0.000000e+000;...
4.000000e+000,7.568062e+002,7.509374e+002,5.838064e+000,...
 2.394128e-002,0.000000e+000,0.000000e+000,...
 7.500352e+002,7.509266e+002,2.291445e-004,0.000000e+000,...
 7.501102e+002,7.501102e+002,2.397226e-004,0.000000e+000;...
4.500000e+000,5.626000e+002,5.571994e+002,5.382613e+000,...
 2.685942e-002,0.000000e+000,0.000000e+000,...
 5.577914e+002,5.583804e+002,2.866564e-004,0.000000e+000,...
 5.566586e+002,5.566586e+002,2.951933e-004,0.000000e+000;...
5.000000e+000,4.333453e+002,4.283767e+002,4.916359e+000,...
 2.961589e-002,0.000000e+000,0.000000e+000,...
 4.279774e+002,4.283839e+002,3.485840e-004,0.000000e+000,...
 4.279947e+002,4.279947e+002,3.578204e-004,0.000000e+000;...
5.500000e+000,3.402711e+002,3.357670e+002,4.471709e+000,...
 3.218838e-002,0.000000e+000,0.000000e+000,...
 3.359696e+002,3.362596e+002,4.157898e-004,0.000000e+000,...
 3.354993e+002,3.354993e+002,4.269900e-004,0.000000e+000;...
6.300000e+000,2.407234e+002,2.369250e+002,3.761708e+000,...
 3.618412e-002,0.000000e+000,0.000000e+000,...
 2.372814e+002,2.374598e+002,5.311667e-004,0.000000e+000,...
 2.367471e+002,2.367471e+002,5.388001e-004,0.000000e+000;...
7.000000e+000,1.829656e+002,1.797757e+002,3.148702e+000,...
 3.924807e-002,0.000000e+000,0.000000e+000,...
 1.804596e+002,1.805815e+002,6.362171e-004,0.000000e+000,...
 1.796508e+002,1.796508e+002,6.548170e-004,0.000000e+000;...
7.370600e+000,1.619176e+002,1.590841e+002,2.792802e+000,...
 4.082505e-002,0.000000e+000,0.000000e+000,...
 1.578240e+002,1.579250e+002,6.949942e-004,0.000000e+000,...
 1.589899e+002,1.589899e+002,7.142872e-004,0.000000e+000;...
7.813200e+000,1.389110e+002,1.365707e+002,2.299726e+000,...
 4.271166e-002,0.000000e+000,0.000000e+000,...
 1.356363e+002,1.357180e+002,7.679987e-004,0.000000e+000,...
 1.364872e+002,1.364858e+002,7.843921e-004,0.000000e+000;...
8.000000e+000,1.294311e+002,1.273789e+002,2.009065e+000,...
 4.350735e-002,0.000000e+000,0.000000e+000,...
 1.275609e+002,1.276358e+002,7.997194e-004,0.000000e+000,...
 1.273053e+002,1.273039e+002,8.137408e-004,0.000000e+000;...
8.151700e+000,1.236057e+002,1.218739e+002,1.688700e+000,...
 4.413742e-002,0.000000e+000,0.000000e+000,...
 1.214849e+002,1.215549e+002,8.258689e-004,0.000000e+000,...
 1.218024e+002,1.218010e+002,8.371344e-004,0.000000e+000;...
8.217500e+000,1.209990e+002,1.194832e+002,1.470839e+000,...
 4.441106e-002,0.000000e+000,0.000000e+000,...
 1.189737e+002,1.190417e+002,8.373164e-004,0.000000e+000,...
 1.194163e+002,1.194150e+002,8.472500e-004,0.000000e+000;...
8.295000e+000,1.179566e+002,1.166677e+002,1.244662e+000,...
 4.473509e-002,0.000000e+000,0.000000e+000,...
 1.161074e+002,1.161730e+002,8.508863e-004,0.000000e+000,...
