 
function zr =z69(flag,e)

za = [8.000000e-001,4.331609e+003,4.329114e+003,2.552195e+000,...
 3.575512e-003,0.000000e+000,0.000000e+000,...
 2.874599e+003,2.888317e+003,1.278482e-005,0.000000e+000,...
 4.328801e+003,4.328801e+003,7.600177e-006,0.000000e+000;...
1.000000e+000,2.890959e+003,2.888357e+003,2.578254e+000,...
 4.923369e-003,0.000000e+000,0.000000e+000,...
 2.874599e+003,2.888317e+003,1.278482e-005,0.000000e+000,...
 2.888317e+003,2.888317e+003,1.277009e-005,0.000000e+000;...
1.100000e+000,2.389604e+003,2.387108e+003,2.488314e+000,...
 5.557906e-003,0.000000e+000,0.000000e+000,...
 2.382358e+003,2.392690e+003,1.578837e-005,0.000000e+000,...
 2.387083e+003,2.387083e+003,1.601174e-005,0.000000e+000;...
1.250000e+000,1.858018e+003,1.855844e+003,2.142063e+000,...
 6.539656e-003,0.000000e+000,0.000000e+000,...
 1.850044e+003,1.857100e+003,2.095339e-005,0.000000e+000,...
 1.855852e+003,1.855852e+003,2.109387e-005,0.000000e+000;...
1.400000e+000,1.480041e+003,1.478650e+003,1.407318e+000,...
 7.507861e-003,0.000000e+000,0.000000e+000,...
 1.475443e+003,1.480466e+003,2.676382e-005,0.000000e+000,...
 1.478612e+003,1.478612e+003,2.715527e-005,0.000000e+000;...
1.469800e+000,1.350317e+003,1.349497e+003,8.360565e-001,...
 7.948829e-003,0.000000e+000,0.000000e+000,...
 1.338932e+003,1.343273e+003,2.965327e-005,0.000000e+000,...
 1.349489e+003,1.349489e+003,3.036933e-005,0.000000e+000;...
1.469800e+000,2.138534e+003,2.137714e+003,8.360565e-001,...
 7.948829e-003,0.000000e+000,0.000000e+000,...
 2.128639e+003,2.135540e+003,2.965752e-005,0.000000e+000,...
 2.137663e+003,2.137663e+003,3.036933e-005,0.000000e+000;...
1.516000e+000,4.085280e+003,4.083141e+003,2.310358e+000,...
 8.241144e-003,0.000000e+000,0.000000e+000,...
 4.116555e+003,4.129493e+003,3.165152e-005,0.000000e+000,...
 4.083043e+003,4.083043e+003,3.251163e-005,0.000000e+000;...
1.516000e+000,4.800026e+003,4.797887e+003,2.310358e+000,...
 8.241144e-003,0.000000e+000,0.000000e+000,...
 4.829052e+003,4.844229e+003,3.165592e-005,0.000000e+000,...
 4.791787e+003,4.791787e+003,3.251163e-005,0.000000e+000;...
1.600000e+000,4.706984e+003,4.703419e+003,3.558828e+000,...
 8.771945e-003,0.000000e+000,0.000000e+000,...
 4.689388e+003,4.703351e+003,3.546059e-005,0.000000e+000,...
 4.696117e+003,4.696117e+003,3.642917e-005,0.000000e+000;...
1.800000e+000,4.048919e+003,4.044641e+003,4.364762e+000,...
 1.006276e-002,0.000000e+000,0.000000e+000,...
 4.035308e+003,4.045984e+003,4.544975e-005,0.000000e+000,...
 4.035869e+003,4.035869e+003,4.598457e-005,0.000000e+000;...
1.865100e+000,3.757317e+003,3.753039e+003,4.517336e+000,...
 1.048912e-002,0.000000e+000,0.000000e+000,...
 3.734931e+003,3.744466e+003,4.898286e-005,0.000000e+000,...
 3.744579e+003,3.744579e+003,4.915386e-005,0.000000e+000;...
1.865100e+000,4.354780e+003,4.350146e+003,4.517336e+000,...
 1.048912e-002,0.000000e+000,0.000000e+000,...
 4.330197e+003,4.341252e+003,4.898840e-005,0.000000e+000,...
 4.340566e+003,4.340566e+003,4.915386e-005,0.000000e+000;...
2.000000e+000,3.679960e+003,3.674257e+003,5.638114e+000,...
 1.134824e-002,0.000000e+000,0.000000e+000,...
 3.665551e+003,3.674277e+003,5.660196e-005,0.000000e+000,...
 3.666828e+003,3.666828e+003,5.746165e-005,0.000000e+000;...
2.075200e+000,3.401691e+003,3.396023e+003,5.677684e+000,...
 1.182272e-002,0.000000e+000,0.000000e+000,...
 3.362623e+003,3.370337e+003,6.104588e-005,0.000000e+000,...
 3.389299e+003,3.389299e+003,6.269471e-005,0.000000e+000;...
2.075200e+000,3.611516e+003,3.605812e+003,5.677684e+000,...
 1.182272e-002,0.000000e+000,0.000000e+000,...
 3.571477e+003,3.579670e+003,6.105190e-005,0.000000e+000,...
 3.597851e+003,3.597851e+003,6.269471e-005,0.000000e+000;...
2.200000e+000,3.137645e+003,3.131406e+003,6.223814e+000,...
 1.261018e-002,0.000000e+000,0.000000e+000,...
 3.125388e+003,3.132150e+003,6.880072e-005,0.000000e+000,...
 3.124958e+003,3.124958e+003,7.143206e-005,0.000000e+000;...
2.277400e+000,2.904969e+003,2.898660e+003,6.291545e+000,...
 1.310427e-002,0.000000e+000,0.000000e+000,...
 2.887722e+003,2.893757e+003,7.384854e-005,0.000000e+000,...
 2.892926e+003,2.892926e+003,7.690913e-005,0.000000e+000;...
2.277400e+000,3.031306e+003,3.024997e+003,6.291545e+000,...
 1.310427e-002,0.000000e+000,0.000000e+000,...
 3.013540e+003,3.019838e+003,7.385519e-005,0.000000e+000,...
 3.018705e+003,3.018705e+003,7.690913e-005,0.000000e+000;...
2.500000e+000,2.430421e+003,2.423505e+003,6.897921e+000,...
 1.452520e-002,0.000000e+000,0.000000e+000,...
 2.423009e+003,2.427621e+003,8.938743e-005,0.000000e+000,...
 2.418925e+003,2.418925e+003,9.276258e-005,0.000000e+000;...
2.800000e+000,1.866788e+003,1.859836e+003,6.918597e+000,...
 1.646518e-002,0.000000e+000,0.000000e+000,...
 1.856760e+003,1.859915e+003,1.123666e-004,0.000000e+000,...
 1.856714e+003,1.856714e+003,1.144919e-004,0.000000e+000;...
3.200000e+000,1.357268e+003,1.350531e+003,6.744990e+000,...
 1.892383e-002,0.000000e+000,0.000000e+000,...
 1.351923e+003,1.353933e+003,1.469154e-004,0.000000e+000,...
 1.348467e+003,1.348467e+003,1.512177e-004,0.000000e+000;...
3.500000e+000,1.091119e+003,1.084596e+003,6.502939e+000,...
 2.073725e-002,0.000000e+000,0.000000e+000,...
 1.087118e+003,1.088595e+003,1.750992e-004,0.000000e+000,...
 1.083084e+003,1.083084e+003,1.806029e-004,0.000000e+000;...
4.000000e+000,7.926727e+002,7.865768e+002,6.072666e+000,...
 2.373740e-002,0.000000e+000,0.000000e+000,...
 7.856138e+002,7.865475e+002,2.273949e-004,0.000000e+000,...
 7.856185e+002,7.856185e+002,2.312171e-004,0.000000e+000;...
4.500000e+000,5.896207e+002,5.839526e+002,5.617082e+000,...
 2.648588e-002,0.000000e+000,0.000000e+000,...
 5.845654e+002,5.851827e+002,2.834832e-004,0.000000e+000,...
 5.833184e+002,5.833184e+002,2.939360e-004,0.000000e+000;...
5.000000e+000,4.543716e+002,4.491669e+002,5.146883e+000,...
 2.921296e-002,0.000000e+000,0.000000e+000,...
 4.487656e+002,4.491919e+002,3.446683e-004,0.000000e+000,...
 4.487287e+002,4.487287e+002,3.559061e-004,0.000000e+000;...
5.500000e+000,3.569451e+002,3.522182e+002,4.700211e+000,...
 3.192115e-002,0.000000e+000,0.000000e+000,...
 3.524276e+002,3.527318e+002,4.108706e-004,0.000000e+000,...
 3.518936e+002,3.518936e+002,4.172592e-004,0.000000e+000;...
6.300000e+000,2.526814e+002,2.486389e+002,4.006498e+000,...
 3.568738e-002,0.000000e+000,0.000000e+000,...
 2.490776e+002,2.492649e+002,5.243690e-004,0.000000e+000,...
 2.484406e+002,2.484406e+002,5.395906e-004,0.000000e+000;...
7.000000e+000,1.921401e+002,1.886929e+002,3.406325e+000,...
 3.891354e-002,0.000000e+000,0.000000e+000,...
 1.895712e+002,1.896993e+002,6.312603e-004,0.000000e+000,...
 1.885604e+002,1.885451e+002,6.431866e-004,0.000000e+000;...
8.000000e+000,1.361974e+002,1.337270e+002,2.426179e+000,...
 4.311290e-002,0.000000e+000,0.000000e+000,...
 1.341282e+002,1.342070e+002,7.932322e-004,0.000000e+000,...
 1.336391e+002,1.336391e+002,8.094357e-004,0.000000e+000;...
8.638100e+000,1.118069e+002,1.104309e+002,1.330497e+000,...
 4.556549e-002,0.000000e+000,0.000000e+000,...
 1.099431e+002,1.100026e+002,9.015163e-004,0.000000e+000,...
 1.103635e+002,1.103623e+002,9.210995e-004,0.000000e+000;...
8.638100e+000,2.969279e+002,2.955518e+002,1.330497e+000,...
 4.556549e-002,0.000000e+000,0.000000e+000,...
 2.949499e+002,2.951112e+002,9.015336e-004,0.000000e+000,...
 2.606820e+002,2.606820e+002,9.210995e-004,0.000000e+000;...
9.000000e+000,2.673613e+002,2.649514e+002,2.361905e+000,...
 4.695933e-002,0.000000e+000,0.000000e+000,...
 2.648459e+002,2.649847e+002,9.653714e-004,0.000000e+000,...
 2.349533e+002,2.349533e+002,9.833709e-004,0.000000e+000;...
9.427299e+000,2.394345e+002,2.370924e+002,2.291108e+000,...
 4.855281e-002,0.000000e+000,0.000000e+000,...
 2.344283e+002,2.345454e+002,1.043001e-003,0.000000e+000,...
 2.114670e+002,2.114670e+002,1.054911e-003,0.000000e+000;...
9.629400e+000,2.264906e+002,2.242020e+002,2.238349e+000,...
 4.930855e-002,0.000000e+000,0.000000e+000,...
 2.217082e+002,2.218165e+002,1.080545e-003,0.000000e+000,...
