 
function zr =z7(flag,e)

za = [9.727400e-001,3.592805e+003,3.591257e+003,1.533306e+000,...
 1.048344e-002,0.000000e+000,0.000000e+000,...
 3.275303e+003,3.290934e+003,2.978241e-005,0.000000e+000,...
 3.586329e+003,3.586329e+003,2.783622e-005,0.000000e+000;...
1.000000e+000,3.292412e+003,3.290907e+003,1.523762e+000,...
 1.101999e-002,0.000000e+000,0.000000e+000,...
 3.275303e+003,3.290934e+003,2.978241e-005,0.000000e+000,...
 3.286503e+003,3.286503e+003,2.982888e-005,0.000000e+000;...
1.100000e+000,2.535648e+003,2.534143e+003,1.487820e+000,...
 1.305056e-002,0.000000e+000,0.000000e+000,...
 2.523211e+003,2.534154e+003,3.835179e-005,0.000000e+000,...
 2.531149e+003,2.531149e+003,3.945015e-005,0.000000e+000;...
1.106700e+000,2.498029e+003,2.496524e+003,1.485326e+000,...
 1.319845e-002,0.000000e+000,0.000000e+000,...
 2.481615e+003,2.492312e+003,3.897470e-005,0.000000e+000,...
 2.493354e+003,2.493354e+003,4.014843e-005,0.000000e+000;...
1.155300e+000,2.226269e+003,2.224764e+003,1.467140e+000,...
 1.427500e-002,0.000000e+000,0.000000e+000,...
 2.205663e+003,2.214769e+003,4.368232e-005,0.000000e+000,...
 2.222079e+003,2.222079e+003,4.531089e-005,0.000000e+000;...
1.194100e+000,2.033746e+003,2.032284e+003,1.452651e+000,...
 1.513486e-002,0.000000e+000,0.000000e+000,...
 2.014596e+003,2.022641e+003,4.768363e-005,0.000000e+000,...
 2.030078e+003,2.030078e+003,4.952250e-005,0.000000e+000;...
1.250000e+000,1.785203e+003,1.783741e+003,1.431756e+000,...
 1.637307e-002,0.000000e+000,0.000000e+000,...
 1.777003e+003,1.783781e+003,5.383787e-005,0.000000e+000,...
 1.781865e+003,1.781865e+003,5.570575e-005,0.000000e+000;...
1.322900e+000,1.553212e+003,1.551750e+003,1.404757e+000,...
 1.811042e-002,0.000000e+000,0.000000e+000,...
 1.521110e+003,1.526591e+003,6.257537e-005,0.000000e+000,...
 1.550091e+003,1.550091e+003,6.439120e-005,0.000000e+000;...
1.353300e+000,1.456564e+003,1.455145e+003,1.393450e+000,...
 1.882109e-002,0.000000e+000,0.000000e+000,...
 1.429198e+003,1.434232e+003,6.646352e-005,0.000000e+000,...
 1.453644e+003,1.453644e+003,6.849886e-005,0.000000e+000;...
1.400000e+000,1.307979e+003,1.306604e+003,1.376081e+000,...
 1.990108e-002,0.000000e+000,0.000000e+000,...
 1.302182e+003,1.306615e+003,7.268834e-005,0.000000e+000,...
 1.305374e+003,1.305374e+003,7.525531e-005,0.000000e+000;...
1.496700e+000,1.089875e+003,1.088500e+003,1.340654e+000,...
 2.227516e-002,0.000000e+000,0.000000e+000,...
 1.084153e+003,1.087604e+003,8.590089e-005,0.000000e+000,...
 1.087472e+003,1.087472e+003,9.014981e-005,0.000000e+000;...
1.536900e+000,1.014895e+003,1.013563e+003,1.325907e+000,...
 2.326357e-002,0.000000e+000,0.000000e+000,...
 1.005066e+003,1.008181e+003,9.178700e-005,0.000000e+000,...
 1.012722e+003,1.012722e+003,9.649608e-005,0.000000e+000;...
1.600000e+000,8.995018e+002,8.981691e+002,1.302562e+000,...
 2.481304e-002,0.000000e+000,0.000000e+000,...
 8.955165e+002,8.981827e+002,1.015025e-004,0.000000e+000,...
 8.974193e+002,8.974193e+002,1.065838e-004,0.000000e+000;...
1.697000e+000,7.740480e+002,7.727582e+002,1.266878e+000,...
 2.735523e-002,0.000000e+000,0.000000e+000,...
 7.564009e+002,7.585237e+002,1.175968e-004,0.000000e+000,...
 7.720985e+002,7.720985e+002,1.231277e-004,0.000000e+000;...
1.732100e+000,7.287332e+002,7.274434e+002,1.254066e+000,...
 2.825034e-002,0.000000e+000,0.000000e+000,...
 7.132601e+002,7.152212e+002,1.237736e-004,0.000000e+000,...
 7.268608e+002,7.268608e+002,1.296208e-004,0.000000e+000;...
1.800000e+000,6.415432e+002,6.402964e+002,1.229302e+000,...
 2.993051e-002,0.000000e+000,0.000000e+000,...
 6.386337e+002,6.403231e+002,1.362656e-004,0.000000e+000,...
 6.398262e+002,6.398262e+002,1.432557e-004,0.000000e+000;...
1.897400e+000,5.600283e+002,5.587814e+002,1.194865e+000,...
 3.243443e-002,0.000000e+000,0.000000e+000,...
 5.488723e+002,5.502496e+002,1.553619e-004,0.000000e+000,...
 5.583912e+002,5.583912e+002,1.636360e-004,0.000000e+000;...
2.000000e+000,4.740850e+002,4.728812e+002,1.159094e+000,...
 3.507378e-002,0.000000e+000,0.000000e+000,...
 4.717713e+002,4.728941e+002,1.756292e-004,0.000000e+000,...
 4.725732e+002,4.725732e+002,1.855749e-004,0.000000e+000;...
2.200000e+000,3.606262e+002,3.594912e+002,1.090950e+000,...
 4.030819e-002,0.000000e+000,0.000000e+000,...
 3.587191e+002,3.594949e+002,2.192673e-004,0.000000e+000,...
 3.592784e+002,3.592784e+002,2.320450e-004,0.000000e+000;...
2.492400e+000,2.510927e+002,2.500436e+002,1.000579e+000,...
 4.772235e-002,0.000000e+000,0.000000e+000,...
 2.493505e+002,2.498263e+002,2.908125e-004,0.000000e+000,...
 2.499009e+002,2.499009e+002,3.081525e-004,0.000000e+000;...
2.500000e+000,2.486077e+002,2.475586e+002,9.982141e-001,...
 4.791582e-002,0.000000e+000,0.000000e+000,...
 2.470903e+002,2.475604e+002,2.927110e-004,0.000000e+000,...
 2.474301e+002,2.474301e+002,3.101679e-004,0.000000e+000;...
2.800000e+000,1.772477e+002,1.762803e+002,9.117549e-001,...
 5.519455e-002,0.000000e+000,0.000000e+000,...
 1.759820e+002,1.762806e+002,3.729282e-004,0.000000e+000,...
 1.761983e+002,1.761983e+002,3.960670e-004,0.000000e+000;...
3.200000e+000,1.190049e+002,1.181322e+002,8.091303e-001,...
 6.432199e-002,0.000000e+000,0.000000e+000,...
 1.179562e+002,1.181310e+002,4.919927e-004,0.000000e+000,...
 1.180833e+002,1.180808e+002,5.197505e-004,0.000000e+000;...
3.500000e+000,9.111099e+001,9.030273e+001,7.414162e-001,...
 7.055169e-002,0.000000e+000,0.000000e+000,...
 9.018159e+001,9.030356e+001,5.824831e-004,0.000000e+000,...
 9.026752e+001,9.026752e+001,6.182861e-004,0.000000e+000;...
4.000000e+000,6.123939e+001,6.051710e+001,6.440368e-001,...
 8.021654e-002,0.000000e+000,0.000000e+000,...
 6.044513e+001,6.051624e+001,7.491083e-004,0.000000e+000,...
 6.049696e+001,6.049496e+001,7.873020e-004,0.000000e+000;...
4.500000e+000,4.313929e+001,4.248794e+001,5.639406e-001,...
 8.870768e-002,0.000000e+000,0.000000e+000,...
 4.244452e+001,4.248844e+001,9.143284e-004,0.000000e+000,...
 4.247562e+001,4.247562e+001,9.590953e-004,0.000000e+000;...
5.000000e+000,3.138970e+001,3.079639e+001,4.979892e-001,...
 9.555219e-002,0.000000e+000,0.000000e+000,...
 3.076835e+001,3.079652e+001,1.090268e-003,0.000000e+000,...
 3.078843e+001,3.078843e+001,1.137038e-003,0.000000e+000;...
5.485200e+000,2.369737e+001,2.315093e+001,4.447207e-001,...
 1.018937e-001,0.000000e+000,0.000000e+000,...
 2.309071e+001,2.310947e+001,1.256482e-003,0.000000e+000,...
 2.314648e+001,2.314502e+001,1.302591e-003,0.000000e+000;...
5.500000e+000,2.346220e+001,2.291705e+001,4.432160e-001,...
 1.020871e-001,0.000000e+000,0.000000e+000,...
 2.289868e+001,2.291720e+001,1.261597e-003,0.000000e+000,...
 2.291264e+001,2.291118e+001,1.307576e-003,0.000000e+000;...
6.000000e+000,1.810354e+001,1.759837e+001,3.977679e-001,...
 1.072377e-001,0.000000e+000,0.000000e+000,...
 1.748591e+001,1.749833e+001,1.438477e-003,0.000000e+000,...
 1.759555e+001,1.759422e+001,1.482755e-003,0.000000e+000;...
6.300000e+000,1.552567e+001,1.504157e+001,3.736961e-001,...
 1.102902e-001,0.000000e+000,0.000000e+000,...
 1.503207e+001,1.504186e+001,1.548298e-003,0.000000e+000,...
 1.504040e+001,1.503786e+001,1.584636e-003,0.000000e+000;...
6.929200e+000,1.172035e+001,1.127408e+001,3.310512e-001,...
 1.153075e-001,0.000000e+000,0.000000e+000,...
 1.119165e+001,1.119757e+001,1.758391e-003,0.000000e+000,...
 1.127358e+001,1.127174e+001,1.808288e-003,0.000000e+000;...
7.000000e+000,1.129257e+001,1.084974e+001,3.267691e-001,...
 1.158492e-001,0.000000e+000,0.000000e+000,...
 1.084457e+001,1.085015e+001,1.781773e-003,0.000000e+000,...
 1.084965e+001,1.084782e+001,1.833063e-003,0.000000e+000;...
8.000000e+000,7.567647e+000,7.169101e+000,2.754482e-001,...
 1.229861e-001,0.000000e+000,0.000000e+000,...
 7.166921e+000,7.169058e+000,2.119385e-003,0.000000e+000,...
 7.170058e+000,7.167860e+000,2.157764e-003,0.000000e+000;...
8.485299e+000,6.323856e+000,5.942078e+000,2.559036e-001,...
 1.255055e-001,0.000000e+000,0.000000e+000,...
 5.941411e+000,5.942450e+000,2.287947e-003,0.000000e+000,...
