function zr =z70(flag,e)

za = [8.000000e-001,4.519318e+003,4.516882e+003,2.628415e+000,...
 3.453106e-003,0.000000e+000,0.000000e+000,...
 2.990746e+003,3.005020e+003,1.236822e-005,0.000000e+000,...
 4.516716e+003,4.516716e+003,7.343797e-006,0.000000e+000;...
1.000000e+000,3.007751e+003,3.005037e+003,2.690640e+000,...
 4.759796e-003,0.000000e+000,0.000000e+000,...
 2.990746e+003,3.005020e+003,1.236822e-005,0.000000e+000,...
 3.005052e+003,3.005052e+003,1.236731e-005,0.000000e+000;...
1.100000e+000,2.483989e+003,2.481379e+003,2.611885e+000,...
 5.375782e-003,0.000000e+000,0.000000e+000,...
 2.477409e+003,2.488152e+003,1.527983e-005,0.000000e+000,...
 2.481427e+003,2.481427e+003,1.552209e-005,0.000000e+000;...
1.250000e+000,1.930716e+003,1.928384e+003,2.342974e+000,...
 6.328298e-003,0.000000e+000,0.000000e+000,...
 1.921843e+003,1.929173e+003,2.028892e-005,0.000000e+000,...
 1.928321e+003,1.928321e+003,2.046716e-005,0.000000e+000;...
1.400000e+000,1.532761e+003,1.530951e+003,1.825198e+000,...
 7.271418e-003,0.000000e+000,0.000000e+000,...
 1.526504e+003,1.531701e+003,2.593435e-005,0.000000e+000,...
 1.530885e+003,1.530885e+003,2.648907e-005,0.000000e+000;...
1.528500e+000,1.293431e+003,1.292526e+003,9.062650e-001,...
 8.053059e-003,0.000000e+000,0.000000e+000,...
 1.279708e+003,1.283697e+003,3.119279e-005,0.000000e+000,...
 1.292530e+003,1.292530e+003,3.272347e-005,0.000000e+000;...
1.528500e+000,2.157169e+003,2.156264e+003,9.062650e-001,...
 8.053059e-003,0.000000e+000,0.000000e+000,...
 2.143535e+003,2.150216e+003,3.119708e-005,0.000000e+000,...
 2.156257e+003,2.156257e+003,3.272347e-005,0.000000e+000;...
1.578100e+000,3.838949e+003,3.836513e+003,2.261921e+000,...
 8.355135e-003,0.000000e+000,0.000000e+000,...
 3.880655e+003,3.892370e+003,3.335694e-005,0.000000e+000,...
 3.836596e+003,3.836596e+003,3.515334e-005,0.000000e+000;...
1.578100e+000,4.501221e+003,4.499133e+003,2.261921e+000,...
 8.355135e-003,0.000000e+000,0.000000e+000,...
 4.541070e+003,4.554778e+003,3.336138e-005,0.000000e+000,...
 4.493055e+003,4.493055e+003,3.515334e-005,0.000000e+000;...
1.600000e+000,4.546812e+003,4.544027e+003,2.927778e+000,...
 8.488077e-003,0.000000e+000,0.000000e+000,...
 4.530877e+003,4.544368e+003,3.433670e-005,0.000000e+000,...
 4.537705e+003,4.537705e+003,3.622864e-005,0.000000e+000;...
1.800000e+000,4.054022e+003,4.049846e+003,4.222114e+000,...
 9.729446e-003,0.000000e+000,0.000000e+000,...
 4.041279e+003,4.051971e+003,4.397499e-005,0.000000e+000,...
 4.040779e+003,4.040779e+003,4.625970e-005,0.000000e+000;...
1.935200e+000,3.551490e+003,3.546965e+003,4.527670e+000,...
 1.058347e-002,0.000000e+000,0.000000e+000,...
 3.541419e+003,3.550132e+003,5.120064e-005,0.000000e+000,...
 3.538650e+003,3.538650e+003,5.319760e-005,0.000000e+000;...
1.935200e+000,4.123974e+003,4.119449e+003,4.527670e+000,...
 1.058347e-002,0.000000e+000,0.000000e+000,...
 4.111741e+003,4.121856e+003,5.120619e-005,0.000000e+000,...
 4.109523e+003,4.109523e+003,5.319760e-005,0.000000e+000;...
2.000000e+000,3.791968e+003,3.786399e+003,5.495151e+000,...
 1.099274e-002,0.000000e+000,0.000000e+000,...
 3.777581e+003,3.786573e+003,5.486819e-005,0.000000e+000,...
 3.777786e+003,3.777786e+003,5.654607e-005,0.000000e+000;...
2.160700e+000,3.184404e+003,3.178696e+003,5.697000e+000,...
 1.202425e-002,0.000000e+000,0.000000e+000,...
 3.155715e+003,3.162667e+003,6.453930e-005,0.000000e+000,...
 3.171885e+003,3.171885e+003,6.498156e-005,0.000000e+000;...
2.160700e+000,3.381136e+003,3.375429e+003,5.697000e+000,...
 1.202425e-002,0.000000e+000,0.000000e+000,...
 3.351719e+003,3.359103e+003,6.454557e-005,0.000000e+000,...
 3.367463e+003,3.367463e+003,6.498156e-005,0.000000e+000;...
2.200000e+000,3.229193e+003,3.223138e+003,6.048842e+000,...
 1.227656e-002,0.000000e+000,0.000000e+000,...
 3.216472e+003,3.223431e+003,6.702972e-005,0.000000e+000,...
 3.215656e+003,3.215656e+003,6.705727e-005,0.000000e+000;...
2.368100e+000,2.736509e+003,2.730175e+003,6.295933e+000,...
 1.330390e-002,0.000000e+000,0.000000e+000,...
 2.711122e+003,2.716571e+003,7.784190e-005,0.000000e+000,...
 2.724299e+003,2.724299e+003,7.976878e-005,0.000000e+000;...
2.368100e+000,2.854868e+003,2.848535e+003,6.295933e+000,...
 1.330390e-002,0.000000e+000,0.000000e+000,...
 2.829003e+003,2.834688e+003,7.784855e-005,0.000000e+000,...
 2.842261e+003,2.842261e+003,7.976878e-005,0.000000e+000;...
2.500000e+000,2.501738e+003,2.494917e+003,6.802990e+000,...
 1.410816e-002,0.000000e+000,0.000000e+000,...
 2.493888e+003,2.498635e+003,8.688673e-005,0.000000e+000,...
 2.489629e+003,2.489629e+003,8.993164e-005,0.000000e+000;...
2.800000e+000,1.919962e+003,1.913036e+003,6.935584e+000,...
 1.595647e-002,0.000000e+000,0.000000e+000,...
 1.913479e+003,1.916730e+003,1.093372e-004,0.000000e+000,...
 1.909361e+003,1.909361e+003,1.133199e-004,0.000000e+000;...
3.200000e+000,1.397696e+003,1.390840e+003,6.815519e+000,...
 1.844721e-002,0.000000e+000,0.000000e+000,...
 1.392460e+003,1.394530e+003,1.427021e-004,0.000000e+000,...
 1.388512e+003,1.388512e+003,1.449898e-004,0.000000e+000;...
3.500000e+000,1.124296e+003,1.117684e+003,6.597313e+000,...
 2.016536e-002,0.000000e+000,0.000000e+000,...
 1.120412e+003,1.121934e+003,1.700808e-004,0.000000e+000,...
 1.115941e+003,1.115941e+003,1.768330e-004,0.000000e+000;...
4.000000e+000,8.175560e+002,8.113613e+002,6.193965e+000,...
 2.300551e-002,0.000000e+000,0.000000e+000,...
 8.103947e+002,8.113578e+002,2.205710e-004,0.000000e+000,...
 8.102155e+002,8.102155e+002,2.307095e-004,0.000000e+000;...
4.500000e+000,6.084340e+002,6.026570e+002,5.750246e+000,...
 2.584148e-002,0.000000e+000,0.000000e+000,...
 6.033288e+002,6.039659e+002,2.768248e-004,0.000000e+000,...
 6.018822e+002,6.018822e+002,2.844610e-004,0.000000e+000;...
5.000000e+000,4.691585e+002,4.638339e+002,5.297131e+000,...
 2.852328e-002,0.000000e+000,0.000000e+000,...
 4.633624e+002,4.638026e+002,3.367385e-004,0.000000e+000,...
 4.632987e+002,4.632987e+002,3.453195e-004,0.000000e+000;...
5.500000e+000,3.687563e+002,3.638841e+002,4.850976e+000,...
 3.102864e-002,0.000000e+000,0.000000e+000,...
 3.641219e+002,3.644362e+002,4.013029e-004,0.000000e+000,...
 3.635013e+002,3.635013e+002,4.126165e-004,0.000000e+000;...
6.300000e+000,2.612024e+002,2.570019e+002,4.166780e+000,...
 3.492675e-002,0.000000e+000,0.000000e+000,...
 2.575347e+002,2.577285e+002,5.126493e-004,0.000000e+000,...
 2.567749e+002,2.567749e+002,5.215925e-004,0.000000e+000;...
7.000000e+000,1.986189e+002,1.949926e+002,3.588031e+000,...
 3.793360e-002,0.000000e+000,0.000000e+000,...
 1.960747e+002,1.962072e+002,6.160464e-004,0.000000e+000,...
 1.948313e+002,1.948313e+002,6.344513e-004,0.000000e+000;...
8.000000e+000,1.408937e+002,1.381618e+002,2.690814e+000,...
 4.211673e-002,0.000000e+000,0.000000e+000,...
 1.387883e+002,1.388700e+002,7.756428e-004,0.000000e+000,...
 1.380609e+002,1.380591e+002,7.893759e-004,0.000000e+000;...
8.933801e+000,1.060679e+002,1.046724e+002,1.350436e+000,...
 4.576740e-002,0.000000e+000,0.000000e+000,...
 1.043196e+002,1.043741e+002,9.352511e-004,0.000000e+000,...
 1.046047e+002,1.046030e+002,9.412806e-004,0.000000e+000;...
8.933801e+000,2.801657e+002,2.787702e+002,1.350436e+000,...
 4.576740e-002,0.000000e+000,0.000000e+000,...
 2.783184e+002,2.784655e+002,9.352682e-004,0.000000e+000,...
 2.445260e+002,2.445260e+002,9.412806e-004,0.000000e+000;...
9.000000e+000,2.749072e+002,2.732298e+002,1.633859e+000,...
 4.600754e-002,0.000000e+000,0.000000e+000,...
 2.730843e+002,2.732275e+002,9.467370e-004,0.000000e+000,...
 2.399043e+002,2.399043e+002,9.530131e-004,0.000000e+000;...
9.035601e+000,2.727112e+002,2.708424e+002,1.823144e+000,...
 4.613630e-002,0.000000e+000,0.000000e+000,...
 2.702771e+002,2.704183e+002,9.529368e-004,0.000000e+000,...
 2.379394e+002,2.379394e+002,9.592730e-004,0.000000e+000;...
9.132000e+000,2.665897e+002,2.643867e+002,2.157412e+000,...
 4.648083e-002,0.000000e+000,0.000000e+000,...
 2.628732e+002,2.630090e+002,9.698130e-004,0.000000e+000,...
