function zr =z71(flag,e)

za = [8.000000e-001,4.773719e+003,4.770966e+003,2.714997e+000,...
 3.414500e-003,0.000000e+000,0.000000e+000,...
 3.157541e+003,3.172610e+003,1.239410e-005,0.000000e+000,...
 4.770916e+003,4.770916e+003,7.274977e-006,0.000000e+000;...
1.000000e+000,3.175435e+003,3.172613e+003,2.823447e+000,...
 4.748594e-003,0.000000e+000,0.000000e+000,...
 3.157541e+003,3.172610e+003,1.239410e-005,0.000000e+000,...
 3.172505e+003,3.172505e+003,1.237994e-005,0.000000e+000;...
1.100000e+000,2.627301e+003,2.624479e+003,2.801901e+000,...
 5.399431e-003,0.000000e+000,0.000000e+000,...
 2.620578e+003,2.631942e+003,1.540419e-005,0.000000e+000,...
 2.624447e+003,2.624447e+003,1.545242e-005,0.000000e+000;...
1.250000e+000,2.047571e+003,2.044955e+003,2.591575e+000,...
 6.356240e-003,0.000000e+000,0.000000e+000,...
 2.037746e+003,2.045518e+003,2.044892e-005,0.000000e+000,...
 2.044959e+003,2.044959e+003,2.069002e-005,0.000000e+000;...
1.400000e+000,1.622204e+003,1.620001e+003,2.199421e+000,...
 7.308919e-003,0.000000e+000,0.000000e+000,...
 1.616123e+003,1.621624e+003,2.617353e-005,0.000000e+000,...
 1.619961e+003,1.619961e+003,2.637686e-005,0.000000e+000;...
1.597800e+000,1.237175e+003,1.236211e+003,9.597688e-001,...
 8.552770e-003,0.000000e+000,0.000000e+000,...
 1.231881e+003,1.235553e+003,3.467876e-005,0.000000e+000,...
 1.236216e+003,1.236216e+003,3.535931e-005,0.000000e+000;...
1.597800e+000,1.918161e+003,1.917197e+003,9.597688e-001,...
 8.552770e-003,0.000000e+000,0.000000e+000,...
 1.913178e+003,1.918882e+003,3.468325e-005,0.000000e+000,...
 1.917171e+003,1.917171e+003,3.535931e-005,0.000000e+000;...
1.600000e+000,1.967791e+003,1.966827e+003,9.742242e-001,...
 8.566193e-003,0.000000e+000,0.000000e+000,...
 1.968680e+003,1.974542e+003,3.477756e-005,0.000000e+000,...
 1.966824e+003,1.966824e+003,3.547822e-005,0.000000e+000;...
1.650800e+000,3.593540e+003,3.591131e+003,2.273901e+000,...
 8.875263e-003,0.000000e+000,0.000000e+000,...
 3.620780e+003,3.631228e+003,3.709962e-005,0.000000e+000,...
 3.591240e+003,3.591240e+003,3.823792e-005,0.000000e+000;...
1.650800e+000,4.148352e+003,4.145942e+003,2.273901e+000,...
 8.875263e-003,0.000000e+000,0.000000e+000,...
 4.174162e+003,4.186206e+003,3.710427e-005,0.000000e+000,...
 4.140483e+003,4.140483e+003,3.823792e-005,0.000000e+000;...
1.800000e+000,3.996226e+003,3.992096e+003,3.940125e+000,...
 9.782855e-003,0.000000e+000,0.000000e+000,...
 3.982158e+003,3.992693e+003,4.436877e-005,0.000000e+000,...
 3.983653e+003,3.983653e+003,4.640685e-005,0.000000e+000;...
2.000000e+000,3.455870e+003,3.451396e+003,4.370001e+000,...
 1.101741e-002,0.000000e+000,0.000000e+000,...
 3.443233e+003,3.451430e+003,5.516964e-005,0.000000e+000,...
 3.442278e+003,3.442278e+003,5.756929e-005,0.000000e+000;...
2.016100e+000,3.395501e+003,3.390889e+003,4.601631e+000,...
 1.111826e-002,0.000000e+000,0.000000e+000,...
 3.373665e+003,3.381631e+003,5.609201e-005,0.000000e+000,...
 3.381954e+003,3.381954e+003,5.848442e-005,0.000000e+000;...
2.016100e+000,3.936339e+003,3.931865e+003,4.601631e+000,...
 1.111826e-002,0.000000e+000,0.000000e+000,...
 3.912976e+003,3.922215e+003,5.609775e-005,0.000000e+000,...
 3.921725e+003,3.921725e+003,5.848442e-005,0.000000e+000;...
2.200000e+000,3.176984e+003,3.171202e+003,5.786629e+000,...
 1.226780e-002,0.000000e+000,0.000000e+000,...
 3.165056e+003,3.171904e+003,6.718867e-005,0.000000e+000,...
 3.163681e+003,3.163681e+003,6.894101e-005,0.000000e+000;...
2.258000e+000,2.998495e+003,2.992678e+003,5.797987e+000,...
 1.263504e-002,0.000000e+000,0.000000e+000,...
 2.970917e+003,2.977180e+003,7.090323e-005,0.000000e+000,...
 2.985785e+003,2.985785e+003,7.227829e-005,0.000000e+000;...
2.258000e+000,3.184969e+003,3.179153e+003,5.797987e+000,...
 1.263504e-002,0.000000e+000,0.000000e+000,...
 3.156703e+003,3.163356e+003,7.090973e-005,0.000000e+000,...
 3.170955e+003,3.170955e+003,7.227829e-005,0.000000e+000;...
2.470500e+000,2.582765e+003,2.576260e+003,6.471195e+000,...
 1.396287e-002,0.000000e+000,0.000000e+000,...
 2.562176e+003,2.567111e+003,8.527949e-005,0.000000e+000,...
 2.570200e+003,2.570200e+003,8.565280e-005,0.000000e+000;...
2.470500e+000,2.693761e+003,2.687256e+003,6.471195e+000,...
 1.396287e-002,0.000000e+000,0.000000e+000,...
 2.672767e+003,2.677916e+003,8.528636e-005,0.000000e+000,...
 2.680713e+003,2.680713e+003,8.565280e-005,0.000000e+000;...
2.500000e+000,2.612433e+003,2.605859e+003,6.563778e+000,...
 1.413840e-002,0.000000e+000,0.000000e+000,...
 2.601279e+003,2.606230e+003,8.732164e-005,0.000000e+000,...
 2.599574e+003,2.599574e+003,8.806580e-005,0.000000e+000;...
2.800000e+000,2.003241e+003,1.996220e+003,6.994686e+000,...
 1.593156e-002,0.000000e+000,0.000000e+000,...
 1.995674e+003,1.999065e+003,1.094569e-004,0.000000e+000,...
 1.991935e+003,1.991935e+003,1.127163e-004,0.000000e+000;...
3.200000e+000,1.458032e+003,1.451080e+003,6.928604e+000,...
 1.833804e-002,0.000000e+000,0.000000e+000,...
 1.452807e+003,1.454967e+003,1.428419e-004,0.000000e+000,...
 1.448307e+003,1.448307e+003,1.459000e-004,0.000000e+000;...
3.500000e+000,1.173502e+003,1.166756e+003,6.729326e+000,...
 2.013188e-002,0.000000e+000,0.000000e+000,...
 1.169642e+003,1.171231e+003,1.700530e-004,0.000000e+000,...
 1.164701e+003,1.164701e+003,1.722814e-004,0.000000e+000;...
4.000000e+000,8.541068e+002,8.477396e+002,6.351078e+000,...
 2.290628e-002,0.000000e+000,0.000000e+000,...
 8.467263e+002,8.477327e+002,2.200655e-004,0.000000e+000,...
 8.464058e+002,8.464058e+002,2.285004e-004,0.000000e+000;...
4.500000e+000,6.361747e+002,6.302205e+002,5.913630e+000,...
 2.566898e-002,0.000000e+000,0.000000e+000,...
 6.309604e+002,6.316268e+002,2.754292e-004,0.000000e+000,...
 6.293251e+002,6.293251e+002,2.843605e-004,0.000000e+000;...
5.000000e+000,4.909325e+002,4.854257e+002,5.465513e+000,...
 2.841137e-002,0.000000e+000,0.000000e+000,...
 4.849855e+002,4.854463e+002,3.366582e-004,0.000000e+000,...
 4.848208e+002,4.848208e+002,3.405219e-004,0.000000e+000;...
5.500000e+000,3.860621e+002,3.810371e+002,5.023935e+000,...
 3.088772e-002,0.000000e+000,0.000000e+000,...
 3.812527e+002,3.815818e+002,4.003068e-004,0.000000e+000,...
 3.805832e+002,3.805832e+002,4.096770e-004,0.000000e+000;...
6.300000e+000,2.738711e+002,2.694828e+002,4.354169e+000,...
 3.479274e-002,0.000000e+000,0.000000e+000,...
 2.698148e+002,2.700178e+002,5.118069e-004,0.000000e+000,...
 2.692079e+002,2.692079e+002,5.179480e-004,0.000000e+000;...
7.000000e+000,2.087599e+002,2.049430e+002,3.779739e+000,...
 3.782493e-002,0.000000e+000,0.000000e+000,...
 2.055130e+002,2.056519e+002,6.146480e-004,0.000000e+000,...
 2.047488e+002,2.047488e+002,6.299406e-004,0.000000e+000;...
8.000000e+000,1.486358e+002,1.456449e+002,2.948761e+000,...
 4.197569e-002,0.000000e+000,0.000000e+000,...
 1.455609e+002,1.456466e+002,7.736933e-004,0.000000e+000,...
 1.455224e+002,1.455224e+002,7.874530e-004,0.000000e+000;...
9.000000e+000,1.088491e+002,1.070215e+002,1.782900e+000,...
 4.587176e-002,0.000000e+000,0.000000e+000,...
 1.070209e+002,1.070765e+002,9.445312e-004,0.000000e+000,...
 1.069426e+002,1.069415e+002,9.498427e-004,0.000000e+000;...
9.067100e+000,1.068425e+002,1.051870e+002,1.610365e+000,...
 4.611268e-002,0.000000e+000,0.000000e+000,...
 1.049650e+002,1.050191e+002,9.561827e-004,0.000000e+000,...
 1.051098e+002,1.051087e+002,9.617044e-004,0.000000e+000;...
9.151300e+000,1.042818e+002,1.028845e+002,1.347793e+000,...
 4.641211e-002,0.000000e+000,0.000000e+000,...
 1.024617e+002,1.025139e+002,9.708823e-004,0.000000e+000,...
 1.028113e+002,1.028102e+002,9.763882e-004,0.000000e+000;...
9.243199e+000,1.017831e+002,1.003789e+002,1.358462e+000,...
 4.673908e-002,0.000000e+000,0.000000e+000,...
 9.982330e+001,9.987364e+001,9.870223e-004,0.000000e+000,...
 1.003062e+002,1.003062e+002,9.923957e-004,0.000000e+000;...
9.243199e+000,2.673971e+002,2.659929e+002,1.358462e+000,...
 4.673908e-002,0.000000e+000,0.000000e+000,...
 2.653464e+002,2.654818e+002,9.870401e-004,0.000000e+000,...
