function zr =z72(flag,e)

za = [8.000000e-001,5.004819e+003,5.002120e+003,2.786389e+000,...
 3.296453e-003,0.000000e+000,0.000000e+000,...
 3.304116e+003,3.319885e+003,1.210275e-005,0.000000e+000,...
 5.001973e+003,5.001973e+003,7.044046e-006,0.000000e+000;...
1.000000e+000,3.322837e+003,3.319902e+003,2.944186e+000,...
 4.621208e-003,0.000000e+000,0.000000e+000,...
 3.304116e+003,3.319885e+003,1.210275e-005,0.000000e+000,...
 3.319835e+003,3.319835e+003,1.209166e-005,0.000000e+000;...
1.100000e+000,2.747994e+003,2.745059e+003,2.932883e+000,...
 5.272706e-003,0.000000e+000,0.000000e+000,...
 2.739373e+003,2.751253e+003,1.507906e-005,0.000000e+000,...
 2.745031e+003,2.745031e+003,1.514787e-005,0.000000e+000;...
1.250000e+000,2.135365e+003,2.132564e+003,2.772961e+000,...
 6.231563e-003,0.000000e+000,0.000000e+000,...
 2.125348e+003,2.133455e+003,2.010996e-005,0.000000e+000,...
 2.132532e+003,2.132532e+003,2.036303e-005,0.000000e+000;...
1.400000e+000,1.697401e+003,1.694938e+003,2.443333e+000,...
 7.188397e-003,0.000000e+000,0.000000e+000,...
 1.690440e+003,1.696194e+003,2.581931e-005,0.000000e+000,...
 1.694913e+003,1.694913e+003,2.604057e-005,0.000000e+000;...
1.600000e+000,1.287946e+003,1.286361e+003,1.577830e+000,...
 8.456976e-003,0.000000e+000,0.000000e+000,...
 1.283256e+003,1.287077e+003,3.443236e-005,0.000000e+000,...
 1.286345e+003,1.286345e+003,3.456846e-005,0.000000e+000;...
1.668700e+000,1.186325e+003,1.185313e+003,1.000019e+000,...
 8.881073e-003,0.000000e+000,0.000000e+000,...
 1.174386e+003,1.177739e+003,3.760458e-005,0.000000e+000,...
 1.185301e+003,1.185301e+003,3.785074e-005,0.000000e+000;...
1.668700e+000,1.753239e+003,1.752226e+003,1.000019e+000,...
 8.881073e-003,0.000000e+000,0.000000e+000,...
 1.741589e+003,1.746560e+003,3.760930e-005,0.000000e+000,...
 1.752197e+003,1.752197e+003,3.785074e-005,0.000000e+000;...
1.725500e+000,3.345104e+003,3.342810e+003,2.258748e+000,...
 9.231958e-003,0.000000e+000,0.000000e+000,...
 3.359836e+003,3.369110e+003,4.033776e-005,0.000000e+000,...
 3.342796e+003,3.342796e+003,4.058014e-005,0.000000e+000;...
1.725500e+000,3.806753e+003,3.804391e+003,2.258748e+000,...
 9.231958e-003,0.000000e+000,0.000000e+000,...
 3.820536e+003,3.831081e+003,4.034267e-005,0.000000e+000,...
 3.799419e+003,3.799419e+003,4.058014e-005,0.000000e+000;...
1.800000e+000,3.817212e+003,3.813838e+003,3.367811e+000,...
 9.692156e-003,0.000000e+000,0.000000e+000,...
 3.806984e+003,3.817056e+003,4.407513e-005,0.000000e+000,...
 3.806662e+003,3.806662e+003,4.417731e-005,0.000000e+000;...
2.000000e+000,3.593523e+003,3.588800e+003,4.602652e+000,...
 1.091654e-002,0.000000e+000,0.000000e+000,...
 3.580311e+003,3.588834e+003,5.480472e-005,0.000000e+000,...
 3.577874e+003,3.577874e+003,5.539068e-005,0.000000e+000;...
2.099000e+000,3.209339e+003,3.204683e+003,4.637741e+000,...
 1.150731e-002,0.000000e+000,0.000000e+000,...
 3.167627e+003,3.174811e+003,6.044489e-005,0.000000e+000,...
 3.195361e+003,3.195361e+003,6.193783e-005,0.000000e+000;...
2.099000e+000,3.719369e+003,3.714646e+003,4.637741e+000,...
 1.150731e-002,0.000000e+000,0.000000e+000,...
 3.676003e+003,3.684339e+003,6.045073e-005,0.000000e+000,...
 3.703957e+003,3.703957e+003,6.193783e-005,0.000000e+000;...
2.200000e+000,3.292607e+003,3.286804e+003,5.791609e+000,...
 1.210988e-002,0.000000e+000,0.000000e+000,...
 3.280682e+003,3.287780e+003,6.648769e-005,0.000000e+000,...
 3.277816e+003,3.277816e+003,6.865310e-005,0.000000e+000;...
2.358100e+000,2.829643e+003,2.823738e+003,5.892150e+000,...
 1.306267e-002,0.000000e+000,0.000000e+000,...
 2.772242e+003,2.777837e+003,7.653298e-005,0.000000e+000,...
 2.816642e+003,2.816642e+003,7.925749e-005,0.000000e+000;...
2.358100e+000,3.004140e+003,2.998235e+003,5.892150e+000,...
 1.306267e-002,0.000000e+000,0.000000e+000,...
 2.946124e+003,2.952070e+003,7.653957e-005,0.000000e+000,...
 2.989807e+003,2.989807e+003,7.925749e-005,0.000000e+000;...
2.500000e+000,2.579267e+003,2.572924e+003,6.332779e+000,...
 1.391794e-002,0.000000e+000,0.000000e+000,...
 2.568568e+003,2.573458e+003,8.615933e-005,0.000000e+000,...
 2.566101e+003,2.566101e+003,8.883546e-005,0.000000e+000;...
2.576000e+000,2.416713e+003,2.410336e+003,6.368543e+000,...
 1.438118e-002,0.000000e+000,0.000000e+000,...
 2.394099e+003,2.398521e+003,9.155292e-005,0.000000e+000,...
 2.404120e+003,2.404120e+003,9.400768e-005,0.000000e+000;...
2.576000e+000,2.520224e+003,2.513847e+003,6.368543e+000,...
 1.438118e-002,0.000000e+000,0.000000e+000,...
 2.497225e+003,2.501837e+003,9.156011e-005,0.000000e+000,...
 2.507280e+003,2.507280e+003,9.400768e-005,0.000000e+000;...
2.800000e+000,2.068697e+003,2.061747e+003,6.937717e+000,...
 1.574558e-002,0.000000e+000,0.000000e+000,...
 2.060161e+003,2.063662e+003,1.082292e-004,0.000000e+000,...
 2.056698e+003,2.056698e+003,1.093297e-004,0.000000e+000;...
3.200000e+000,1.508160e+003,1.501176e+003,6.967744e+000,...
 1.805197e-002,0.000000e+000,0.000000e+000,...
 1.502764e+003,1.504998e+003,1.408963e-004,0.000000e+000,...
 1.497910e+003,1.497910e+003,1.458020e-004,0.000000e+000;...
3.500000e+000,1.214092e+003,1.207277e+003,6.792303e+000,...
 1.974768e-002,0.000000e+000,0.000000e+000,...
 1.210196e+003,1.211840e+003,1.676606e-004,0.000000e+000,...
 1.204894e+003,1.204894e+003,1.752560e-004,0.000000e+000;...
4.000000e+000,8.839575e+002,8.775134e+002,6.428261e+000,...
 2.257466e-002,0.000000e+000,0.000000e+000,...
 8.764548e+002,8.774966e+002,2.171210e-004,0.000000e+000,...
 8.759579e+002,8.759579e+002,2.243614e-004,0.000000e+000;...
4.500000e+000,6.589195e+002,6.528802e+002,6.011586e+000,...
 2.536756e-002,0.000000e+000,0.000000e+000,...
 6.535663e+002,6.542565e+002,2.725555e-004,0.000000e+000,...
 6.518407e+002,6.518407e+002,2.756324e-004,0.000000e+000;...
5.000000e+000,5.087816e+002,5.031810e+002,5.573318e+000,...
 2.791990e-002,0.000000e+000,0.000000e+000,...
 5.027169e+002,5.031945e+002,3.313274e-004,0.000000e+000,...
 5.024643e+002,5.024643e+002,3.403757e-004,0.000000e+000;...
5.500000e+000,4.003113e+002,3.951493e+002,5.138762e+000,...
 3.044964e-002,0.000000e+000,0.000000e+000,...
 3.954007e+002,3.957421e+002,3.949629e-004,0.000000e+000,...
 3.946179e+002,3.946179e+002,4.042347e-004,0.000000e+000;...
6.300000e+000,2.842699e+002,2.797489e+002,4.484229e+000,...
 3.427191e-002,0.000000e+000,0.000000e+000,...
 2.801024e+002,2.803132e+002,5.047160e-004,0.000000e+000,...
 2.794295e+002,2.794295e+002,5.155093e-004,0.000000e+000;...
7.000000e+000,2.169610e+002,2.129933e+002,3.927538e+000,...
 3.737251e-002,0.000000e+000,0.000000e+000,...
 2.135988e+002,2.137432e+002,6.082319e-004,0.000000e+000,...
 2.127723e+002,2.127723e+002,6.207040e-004,0.000000e+000;...
8.000000e+000,1.547702e+002,1.515852e+002,3.143414e+000,...
 4.155613e-002,0.000000e+000,0.000000e+000,...
 1.514960e+002,1.515852e+002,7.667046e-004,0.000000e+000,...
 1.514463e+002,1.514463e+002,7.762115e-004,0.000000e+000;...
9.000000e+000,1.133422e+002,1.110683e+002,2.229024e+000,...
 4.528089e-002,0.000000e+000,0.000000e+000,...
 1.111496e+002,1.112074e+002,9.330845e-004,0.000000e+000,...
 1.109775e+002,1.109775e+002,9.474914e-004,0.000000e+000;...
9.558300e+000,9.703627e+001,9.564285e+001,1.344999e+000,...
 4.729848e-002,0.000000e+000,0.000000e+000,...
 9.488181e+001,9.492793e+001,1.031584e-003,0.000000e+000,...
 9.556600e+001,9.556600e+001,1.039294e-003,0.000000e+000;...
9.558300e+000,2.530784e+002,2.516850e+002,1.344999e+000,...
 4.729848e-002,0.000000e+000,0.000000e+000,...
 2.508395e+002,2.509631e+002,1.031602e-003,0.000000e+000,...
 2.184231e+002,2.184153e+002,1.039294e-003,0.000000e+000;...
9.686200e+000,2.459561e+002,2.440296e+002,1.880974e+000,...
 4.776070e-002,0.000000e+000,0.000000e+000,...
 2.430120e+002,2.431302e+002,1.054702e-003,0.000000e+000,...
 2.121494e+002,2.121416e+002,1.060165e-003,0.000000e+000;...
9.820700e+000,2.382468e+002,2.359998e+002,2.199266e+000,...
 4.824654e-002,0.000000e+000,0.000000e+000,...
 2.351343e+002,2.352469e+002,1.079234e-003,0.000000e+000,...
