function zr =z73(flag,e)

za = [8.000000e-001,5.252940e+003,5.249945e+003,2.884491e+000,...
 3.184545e-003,0.000000e+000,0.000000e+000,...
 3.477129e+003,3.493723e+003,1.179782e-005,0.000000e+000,...
 5.249865e+003,5.249865e+003,6.823211e-006,0.000000e+000;...
1.000000e+000,3.496746e+003,3.493751e+003,3.088499e+000,...
 4.491823e-003,0.000000e+000,0.000000e+000,...
 3.477129e+003,3.493723e+003,1.179782e-005,0.000000e+000,...
 3.493755e+003,3.493755e+003,1.180437e-005,0.000000e+000;...
1.100000e+000,2.895241e+003,2.892179e+003,3.055019e+000,...
 5.128473e-003,0.000000e+000,0.000000e+000,...
 2.885907e+003,2.898423e+003,1.473013e-005,0.000000e+000,...
 2.892180e+003,2.892180e+003,1.487167e-005,0.000000e+000;...
1.250000e+000,2.252368e+003,2.249406e+003,2.951118e+000,...
 6.117559e-003,0.000000e+000,0.000000e+000,...
 2.241796e+003,2.250346e+003,1.979406e-005,0.000000e+000,...
 2.249406e+003,2.249406e+003,1.981650e-005,0.000000e+000;...
1.400000e+000,1.789042e+003,1.786379e+003,2.674660e+000,...
 7.062050e-003,0.000000e+000,0.000000e+000,...
 1.781333e+003,1.787397e+003,2.543321e-005,0.000000e+000,...
 1.786358e+003,1.786358e+003,2.553398e-005,0.000000e+000;...
1.600000e+000,1.353903e+003,1.351840e+003,2.056847e+000,...
 8.303733e-003,0.000000e+000,0.000000e+000,...
 1.349513e+003,1.353531e+003,3.389721e-005,0.000000e+000,...
 1.351815e+003,1.351815e+003,3.434198e-005,0.000000e+000;...
1.741600e+000,1.138847e+003,1.137815e+003,1.029422e+000,...
 9.161030e-003,0.000000e+000,0.000000e+000,...
 1.126743e+003,1.129824e+003,4.048257e-005,0.000000e+000,...
 1.137819e+003,1.137819e+003,4.135895e-005,0.000000e+000;...
1.741600e+000,1.608829e+003,1.607798e+003,1.029422e+000,...
 9.161030e-003,0.000000e+000,0.000000e+000,...
 1.597224e+003,1.601591e+003,4.048744e-005,0.000000e+000,...
 1.607779e+003,1.607779e+003,4.135895e-005,0.000000e+000;...
1.800000e+000,3.163446e+003,3.161282e+003,2.167903e+000,...
 9.514465e-003,0.000000e+000,0.000000e+000,...
 3.152959e+003,3.161301e+003,4.337675e-005,0.000000e+000,...
 3.161236e+003,3.161236e+003,4.427365e-005,0.000000e+000;...
1.802300e+000,3.172731e+003,3.170468e+003,2.242584e+000,...
 9.528776e-003,0.000000e+000,0.000000e+000,...
 3.162008e+003,3.170363e+003,4.349286e-005,0.000000e+000,...
 3.170462e+003,3.170462e+003,4.439039e-005,0.000000e+000;...
1.802300e+000,3.563640e+003,3.561310e+003,2.242584e+000,...
 9.528776e-003,0.000000e+000,0.000000e+000,...
 3.552602e+003,3.561988e+003,4.349792e-005,0.000000e+000,...
 3.556829e+003,3.556829e+003,4.439039e-005,0.000000e+000;...
2.000000e+000,3.761656e+003,3.757330e+003,4.504802e+000,...
 1.074616e-002,0.000000e+000,0.000000e+000,...
 3.748282e+003,3.757205e+003,5.408243e-005,0.000000e+000,...
 3.743845e+003,3.743845e+003,5.445539e-005,0.000000e+000;...
2.184100e+000,3.019609e+003,3.014850e+003,4.756733e+000,...
 1.186937e-002,0.000000e+000,0.000000e+000,...
 3.000692e+003,3.007232e+003,6.487891e-005,0.000000e+000,...
 3.005168e+003,3.005168e+003,6.515368e-005,0.000000e+000;...
2.184100e+000,3.501739e+003,3.497079e+003,4.756733e+000,...
 1.186937e-002,0.000000e+000,0.000000e+000,...
 3.481407e+003,3.488994e+003,6.488489e-005,0.000000e+000,...
 3.486007e+003,3.486007e+003,6.515368e-005,0.000000e+000;...
2.200000e+000,3.429853e+003,3.424861e+003,5.123481e+000,...
 1.196189e-002,0.000000e+000,0.000000e+000,...
 3.417437e+003,3.424831e+003,6.583185e-005,0.000000e+000,...
 3.413868e+003,3.413868e+003,6.628493e-005,0.000000e+000;...
2.461400e+000,2.626104e+003,2.620081e+003,6.032362e+000,...
 1.349278e-002,0.000000e+000,0.000000e+000,...
 2.600292e+003,2.605320e+003,8.249930e-005,0.000000e+000,...
 2.612695e+003,2.612695e+003,8.500407e-005,0.000000e+000;...
2.461400e+000,2.790175e+003,2.784152e+003,6.032362e+000,...
 1.349278e-002,0.000000e+000,0.000000e+000,...
 2.763786e+003,2.769129e+003,8.250603e-005,0.000000e+000,...
 2.775409e+003,2.775409e+003,8.500407e-005,0.000000e+000;...
2.500000e+000,2.675692e+003,2.669435e+003,6.213073e+000,...
 1.371875e-002,0.000000e+000,0.000000e+000,...
 2.664787e+003,2.669859e+003,8.512068e-005,0.000000e+000,...
 2.661223e+003,2.661223e+003,8.778192e-005,0.000000e+000;...
2.684700e+000,2.290906e+003,2.284450e+003,6.435718e+000,...
 1.480967e-002,0.000000e+000,0.000000e+000,...
 2.253498e+003,2.257491e+003,9.823372e-005,0.000000e+000,...
 2.277963e+003,2.277963e+003,1.011630e-004,0.000000e+000;...
2.684700e+000,2.388218e+003,2.381761e+003,6.435718e+000,...
 1.480967e-002,0.000000e+000,0.000000e+000,...
 2.350443e+003,2.354609e+003,9.824106e-005,0.000000e+000,...
 2.374807e+003,2.374807e+003,1.011630e-004,0.000000e+000;...
2.800000e+000,2.145605e+003,2.138750e+003,6.854714e+000,...
 1.549092e-002,0.000000e+000,0.000000e+000,...
 2.136063e+003,2.139692e+003,1.068982e-004,0.000000e+000,...
 2.132757e+003,2.132757e+003,1.095533e-004,0.000000e+000;...
3.200000e+000,1.567762e+003,1.560740e+003,7.017787e+000,...
 1.784249e-002,0.000000e+000,0.000000e+000,...
 1.562597e+003,1.564919e+003,1.393346e-004,0.000000e+000,...
 1.556908e+003,1.556908e+003,1.409871e-004,0.000000e+000;...
3.500000e+000,1.262882e+003,1.255960e+003,6.878344e+000,...
 1.950151e-002,0.000000e+000,0.000000e+000,...
 1.259098e+003,1.260809e+003,1.659132e-004,0.000000e+000,...
 1.253135e+003,1.253135e+003,1.716619e-004,0.000000e+000;...
4.000000e+000,9.202297e+002,9.136735e+002,6.540550e+000,...
 2.226376e-002,0.000000e+000,0.000000e+000,...
 9.126089e+002,9.136936e+002,2.146951e-004,0.000000e+000,...
 9.118530e+002,9.118380e+002,2.227093e-004,0.000000e+000;...
4.500000e+000,6.866030e+002,6.804462e+002,6.131204e+000,...
 2.502369e-002,0.000000e+000,0.000000e+000,...
 6.813177e+002,6.820374e+002,2.690818e-004,0.000000e+000,...
 6.792496e+002,6.792496e+002,2.737014e-004,0.000000e+000;...
5.000000e+000,5.307853e+002,5.250611e+002,5.699560e+000,...
 2.762320e-002,0.000000e+000,0.000000e+000,...
 5.245618e+002,5.250602e+002,3.277210e-004,0.000000e+000,...
 5.242104e+002,5.242104e+002,3.349826e-004,0.000000e+000;...
5.500000e+000,4.175662e+002,4.122413e+002,5.282560e+000,...
 3.012620e-002,0.000000e+000,0.000000e+000,...
 4.124996e+002,4.128558e+002,3.916258e-004,0.000000e+000,...
 4.116183e+002,4.116183e+002,4.005918e-004,0.000000e+000;...
6.300000e+000,2.965828e+002,2.919169e+002,4.634262e+000,...
 3.401898e-002,0.000000e+000,0.000000e+000,...
 2.922986e+002,2.925186e+002,5.016805e-004,0.000000e+000,...
 2.915359e+002,2.915359e+002,5.079003e-004,0.000000e+000;...
7.000000e+000,2.265713e+002,2.224479e+002,4.084807e+000,...
 3.716063e-002,0.000000e+000,0.000000e+000,...
 2.231048e+002,2.232556e+002,6.057657e-004,0.000000e+000,...
 2.221860e+002,2.221860e+002,6.118736e-004,0.000000e+000;...
8.000000e+000,1.618880e+002,1.585134e+002,3.332675e+000,...
 4.117089e-002,0.000000e+000,0.000000e+000,...
 1.584231e+002,1.585165e+002,7.607045e-004,0.000000e+000,...
 1.583478e+002,1.583478e+002,7.801429e-004,0.000000e+000;...
9.000000e+000,1.184840e+002,1.159215e+002,2.519508e+000,...
 4.495484e-002,0.000000e+000,0.000000e+000,...
 1.160750e+002,1.161353e+002,9.277292e-004,0.000000e+000,...
 1.158147e+002,1.158080e+002,9.468530e-004,0.000000e+000;...
9.699201e+000,9.765398e+001,9.603323e+001,1.571656e+000,...
 4.753072e-002,0.000000e+000,0.000000e+000,...
 9.526449e+001,9.531010e+001,1.052403e-003,0.000000e+000,...
 9.595093e+001,9.595093e+001,1.058995e-003,0.000000e+000;...
9.781000e+000,9.522785e+001,9.384007e+001,1.339460e+000,...
 4.783025e-002,0.000000e+000,0.000000e+000,...
 9.317496e+001,9.321915e+001,1.067408e-003,0.000000e+000,...
 9.376107e+001,9.375494e+001,1.071932e-003,0.000000e+000;...
9.879200e+000,9.260204e+001,9.120428e+001,1.350243e+000,...
 4.819300e-002,0.000000e+000,0.000000e+000,...
 9.074905e+001,9.079161e+001,1.085529e-003,0.000000e+000,...
 9.112724e+001,9.112724e+001,1.087534e-003,0.000000e+000;...
9.879200e+000,2.404791e+002,2.390813e+002,1.350243e+000,...
 4.819300e-002,0.000000e+000,0.000000e+000,...
 2.385522e+002,2.386659e+002,1.085548e-003,0.000000e+000,...
