function zr =z74(flag,e)

za = [8.000000e-001,5.512046e+003,5.509098e+003,2.928152e+000,...
 3.063856e-003,0.000000e+000,0.000000e+000,...
 3.644573e+003,3.661967e+003,1.143375e-005,0.000000e+000,...
 5.509068e+003,5.509068e+003,6.573187e-006,0.000000e+000;...
1.000000e+000,3.665308e+003,3.662032e+003,3.167658e+000,...
 4.343668e-003,0.000000e+000,0.000000e+000,...
 3.644573e+003,3.661967e+003,1.143375e-005,0.000000e+000,...
 3.662021e+003,3.662021e+003,1.144093e-005,0.000000e+000;...
1.100000e+000,3.039749e+003,3.036571e+003,3.163007e+000,...
 4.970931e-003,0.000000e+000,0.000000e+000,...
 3.032472e+003,3.045623e+003,1.430836e-005,0.000000e+000,...
 3.036552e+003,3.036552e+003,1.444984e-005,0.000000e+000;...
1.250000e+000,2.376718e+003,2.373606e+003,3.101197e+000,...
 5.947690e-003,0.000000e+000,0.000000e+000,...
 2.364645e+003,2.373664e+003,1.930078e-005,0.000000e+000,...
 2.373596e+003,2.373596e+003,1.931606e-005,0.000000e+000;...
1.400000e+000,1.880706e+003,1.877791e+003,2.910660e+000,...
 6.882196e-003,0.000000e+000,0.000000e+000,...
 1.872063e+003,1.878435e+003,2.483034e-005,0.000000e+000,...
 1.877757e+003,1.877757e+003,2.494930e-005,0.000000e+000;...
1.600000e+000,1.417449e+003,1.415025e+003,2.397288e+000,...
 8.118050e-003,0.000000e+000,0.000000e+000,...
 1.413418e+003,1.417626e+003,3.320708e-005,0.000000e+000,...
 1.415026e+003,1.415026e+003,3.340026e-005,0.000000e+000;...
1.800000e+000,1.101820e+003,1.100673e+003,1.130742e+000,...
 9.331631e-003,0.000000e+000,0.000000e+000,...
 1.098184e+003,1.101089e+003,4.263073e-005,0.000000e+000,...
 1.100691e+003,1.100691e+003,4.273172e-005,0.000000e+000;...
1.816200e+000,1.083510e+003,1.082494e+003,1.036178e+000,...
 9.431534e-003,0.000000e+000,0.000000e+000,...
 1.077301e+003,1.080126e+003,4.344867e-005,0.000000e+000,...
 1.082486e+003,1.082486e+003,4.350312e-005,0.000000e+000;...
1.816200e+000,1.492360e+003,1.491345e+003,1.036178e+000,...
 9.431534e-003,0.000000e+000,0.000000e+000,...
 1.486610e+003,1.490508e+003,4.345375e-005,0.000000e+000,...
 1.491328e+003,1.491328e+003,4.350312e-005,0.000000e+000;...
1.881100e+000,2.988192e+003,2.985997e+003,2.192208e+000,...
 9.831475e-003,0.000000e+000,0.000000e+000,...
 2.969960e+003,2.977478e+003,4.680760e-005,0.000000e+000,...
 2.986071e+003,2.986071e+003,4.659935e-005,0.000000e+000;...
1.881100e+000,3.308276e+003,3.306311e+003,2.192208e+000,...
 9.831475e-003,0.000000e+000,0.000000e+000,...
 3.290177e+003,3.298505e+003,4.681289e-005,0.000000e+000,...
 3.301728e+003,3.301728e+003,4.659935e-005,0.000000e+000;...
2.000000e+000,3.913920e+003,3.909989e+003,4.188081e+000,...
 1.052851e-002,0.000000e+000,0.000000e+000,...
 3.900540e+003,3.909825e+003,5.309534e-005,0.000000e+000,...
 3.893523e+003,3.893523e+003,5.345337e-005,0.000000e+000;...
2.200000e+000,3.156521e+003,3.151542e+003,4.962414e+000,...
 1.169787e-002,0.000000e+000,0.000000e+000,...
 3.145573e+003,3.152379e+003,6.450871e-005,0.000000e+000,...
 3.139190e+003,3.139190e+003,6.551814e-005,0.000000e+000;...
2.271200e+000,2.882688e+003,2.877774e+003,4.895593e+000,...
 1.211910e-002,0.000000e+000,0.000000e+000,...
 2.857525e+003,2.863513e+003,6.884594e-005,0.000000e+000,...
 2.867170e+003,2.867170e+003,6.986789e-005,0.000000e+000;...
2.271200e+000,3.337428e+003,3.332515e+003,4.895593e+000,...
 1.211910e-002,0.000000e+000,0.000000e+000,...
 3.311056e+003,3.317995e+003,6.885210e-005,0.000000e+000,...
 3.320470e+003,3.320470e+003,6.986789e-005,0.000000e+000;...
2.500000e+000,2.619794e+003,2.613767e+003,5.993220e+000,...
 1.347254e-002,0.000000e+000,0.000000e+000,...
 2.609527e+003,2.614494e+003,8.376010e-005,0.000000e+000,...
 2.605389e+003,2.605389e+003,8.393368e-005,0.000000e+000;...
2.567800e+000,2.465026e+003,2.458999e+003,6.019424e+000,...
 1.387707e-002,0.000000e+000,0.000000e+000,...
 2.443521e+003,2.448049e+003,8.846650e-005,0.000000e+000,...
 2.451243e+003,2.451243e+003,8.814222e-005,0.000000e+000;...
2.567800e+000,2.618746e+003,2.612719e+003,6.019424e+000,...
 1.387707e-002,0.000000e+000,0.000000e+000,...
 2.596741e+003,2.601553e+003,8.847335e-005,0.000000e+000,...
 2.603588e+003,2.603588e+003,8.814222e-005,0.000000e+000;...
2.796500e+000,2.136982e+003,2.130563e+003,6.414124e+000,...
 1.517385e-002,0.000000e+000,0.000000e+000,...
 2.125891e+003,2.129508e+003,1.047944e-004,0.000000e+000,...
 2.123676e+003,2.123676e+003,1.066581e-004,0.000000e+000;...
2.796500e+000,2.228304e+003,2.221884e+003,6.414124e+000,...
 1.517385e-002,0.000000e+000,0.000000e+000,...
 2.216888e+003,2.220659e+003,1.048018e-004,0.000000e+000,...
 2.214648e+003,2.214648e+003,1.066581e-004,0.000000e+000;...
2.800000e+000,2.220901e+003,2.214481e+003,6.415762e+000,...
 1.519383e-002,0.000000e+000,0.000000e+000,...
 2.210774e+003,2.214530e+003,1.050546e-004,0.000000e+000,...
 2.207254e+003,2.207254e+003,1.069467e-004,0.000000e+000;...
3.200000e+000,1.622988e+003,1.615913e+003,7.043352e+000,...
 1.746770e-002,0.000000e+000,0.000000e+000,...
 1.617648e+003,1.620052e+003,1.368943e-004,0.000000e+000,...
 1.611253e+003,1.611253e+003,1.399158e-004,0.000000e+000;...
3.500000e+000,1.308472e+003,1.301495e+003,6.930346e+000,...
 1.918178e-002,0.000000e+000,0.000000e+000,...
 1.304438e+003,1.306211e+003,1.631630e-004,0.000000e+000,...
 1.298046e+003,1.298046e+003,1.648261e-004,0.000000e+000;...
4.000000e+000,9.544867e+002,9.478374e+002,6.627688e+000,...
 2.189456e-002,0.000000e+000,0.000000e+000,...
 9.467024e+002,9.478276e+002,2.114183e-004,0.000000e+000,...
 9.456218e+002,9.456218e+002,2.176166e-004,0.000000e+000;...
4.500000e+000,7.127205e+002,7.064643e+002,6.235609e+000,...
 2.455297e-002,0.000000e+000,0.000000e+000,...
 7.073812e+002,7.081282e+002,2.647379e-004,0.000000e+000,...
 7.049972e+002,7.049972e+002,2.735636e-004,0.000000e+000;...
5.000000e+000,5.514011e+002,5.455707e+002,5.816014e+000,...
 2.720320e-002,0.000000e+000,0.000000e+000,...
 5.450496e+002,5.455675e+002,3.235321e-004,0.000000e+000,...
 5.445285e+002,5.445285e+002,3.292746e-004,0.000000e+000;...
5.500000e+000,4.337117e+002,4.282743e+002,5.401006e+000,...
 2.969227e-002,0.000000e+000,0.000000e+000,...
 4.285511e+002,4.289211e+002,3.867407e-004,0.000000e+000,...
 4.275271e+002,4.275271e+002,3.951955e-004,0.000000e+000;...
6.300000e+000,3.081184e+002,3.033329e+002,4.751470e+000,...
 3.346272e-002,0.000000e+000,0.000000e+000,...
 3.037366e+002,3.039652e+002,4.950592e-004,0.000000e+000,...
 3.028703e+002,3.028703e+002,5.097787e-004,0.000000e+000;...
7.000000e+000,2.355951e+002,2.313435e+002,4.212975e+000,...
 3.671531e-002,0.000000e+000,0.000000e+000,...
 2.320239e+002,2.321809e+002,5.988153e-004,0.000000e+000,...
 2.310215e+002,2.310215e+002,6.078979e-004,0.000000e+000;...
8.000000e+000,1.685747e+002,1.650404e+002,3.493015e+000,...
 4.083264e-002,0.000000e+000,0.000000e+000,...
 1.649428e+002,1.650401e+002,7.557970e-004,0.000000e+000,...
 1.648381e+002,1.648381e+002,7.691063e-004,0.000000e+000;...
9.000000e+000,1.235461e+002,1.207586e+002,2.741578e+000,...
 4.471413e-002,0.000000e+000,0.000000e+000,...
 1.209982e+002,1.210612e+002,9.243921e-004,0.000000e+000,...
 1.206275e+002,1.206275e+002,9.299368e-004,0.000000e+000;...
9.841900e+000,9.804288e+001,9.609068e+001,1.906287e+000,...
 4.771451e-002,0.000000e+000,0.000000e+000,...
 9.563564e+001,9.568073e+001,1.072799e-003,0.000000e+000,...
 9.599435e+001,9.599435e+001,1.072869e-003,0.000000e+000;...
1.000000e+001,9.333269e+001,9.168182e+001,1.603367e+000,...
 4.826479e-002,0.000000e+000,0.000000e+000,...
 9.170939e+001,9.175186e+001,1.101365e-003,0.000000e+000,...
 9.159068e+001,9.159068e+001,1.100052e-003,0.000000e+000;...
1.004800e+001,9.224521e+001,9.071555e+001,1.478472e+000,...
 4.841219e-002,0.000000e+000,0.000000e+000,...
 9.056145e+001,9.060316e+001,1.109137e-003,0.000000e+000,...
 9.062717e+001,9.062717e+001,1.109596e-003,0.000000e+000;...
1.013300e+001,9.032248e+001,8.899590e+001,1.277355e+000,...
 4.867751e-002,0.000000e+000,0.000000e+000,...
 8.857677e+001,8.861718e+001,1.122941e-003,0.000000e+000,...
