function zr =z75(flag,e)

za = [8.000000e-001,5.795006e+003,5.792095e+003,3.033597e+000,...
 2.950705e-003,0.000000e+000,0.000000e+000,...
 3.836575e+003,3.854885e+003,1.110271e-005,0.000000e+000,...
 5.791984e+003,5.791984e+003,6.393911e-006,0.000000e+000;...
1.000000e+000,3.858378e+003,3.854821e+003,3.294660e+000,...
 4.210581e-003,0.000000e+000,0.000000e+000,...
 3.836575e+003,3.854885e+003,1.110271e-005,0.000000e+000,...
 3.854900e+003,3.854900e+003,1.111132e-005,0.000000e+000;...
1.100000e+000,3.207855e+003,3.204524e+003,3.302746e+000,...
 4.828956e-003,0.000000e+000,0.000000e+000,...
 3.193890e+003,3.207740e+003,1.391295e-005,0.000000e+000,...
 3.204524e+003,3.204524e+003,1.405717e-005,0.000000e+000;...
1.250000e+000,2.500281e+003,2.497014e+003,3.276872e+000,...
 5.794682e-003,0.000000e+000,0.000000e+000,...
 2.487561e+003,2.497049e+003,1.882986e-005,0.000000e+000,...
 2.496974e+003,2.496974e+003,1.883844e-005,0.000000e+000;...
1.400000e+000,1.982844e+003,1.979707e+003,3.121179e+000,...
 6.721275e-003,0.000000e+000,0.000000e+000,...
 1.973713e+003,1.980431e+003,2.430111e-005,0.000000e+000,...
 1.979679e+003,1.979679e+003,2.439513e-005,0.000000e+000;...
1.600000e+000,1.492607e+003,1.489922e+003,2.677417e+000,...
 7.947353e-003,0.000000e+000,0.000000e+000,...
 1.487641e+003,1.492070e+003,3.256837e-005,0.000000e+000,...
 1.489920e+003,1.489920e+003,3.273371e-005,0.000000e+000;...
1.800000e+000,1.160068e+003,1.158225e+003,1.826213e+000,...
 9.150469e-003,0.000000e+000,0.000000e+000,...
 1.157250e+003,1.160312e+003,4.188051e-005,0.000000e+000,...
 1.158236e+003,1.158236e+003,4.194418e-005,0.000000e+000;...
1.892700e+000,1.049330e+003,1.048263e+003,1.054149e+000,...
 9.717744e-003,0.000000e+000,0.000000e+000,...
 1.039725e+003,1.042341e+003,4.662044e-005,0.000000e+000,...
 1.048271e+003,1.048271e+003,4.631194e-005,0.000000e+000;...
1.892700e+000,1.409327e+003,1.408260e+003,1.054149e+000,...
 9.717744e-003,0.000000e+000,0.000000e+000,...
 1.400087e+003,1.403609e+003,4.662570e-005,0.000000e+000,...
 1.408260e+003,1.408260e+003,4.631194e-005,0.000000e+000;...
1.961800e+000,2.814870e+003,2.812767e+003,2.111856e+000,...
 1.011619e-002,0.000000e+000,0.000000e+000,...
 2.801737e+003,2.808537e+003,5.019272e-005,0.000000e+000,...
 2.812762e+003,2.812762e+003,5.027034e-005,0.000000e+000;...
1.961800e+000,2.987251e+003,2.985149e+003,2.111856e+000,...
 1.011619e-002,0.000000e+000,0.000000e+000,...
 2.974725e+003,2.981944e+003,5.019797e-005,0.000000e+000,...
 2.982271e+003,2.982271e+003,5.027034e-005,0.000000e+000;...
2.000000e+000,3.765880e+003,3.762646e+003,3.244854e+000,...
 1.033483e-002,0.000000e+000,0.000000e+000,...
 3.753614e+003,3.762549e+003,5.221472e-005,0.000000e+000,...
 3.747145e+003,3.747145e+003,5.251664e-005,0.000000e+000;...
2.200000e+000,3.284311e+003,3.279460e+003,5.093189e+000,...
 1.148813e-002,0.000000e+000,0.000000e+000,...
 3.272232e+003,3.279312e+003,6.347018e-005,0.000000e+000,...
 3.264424e+003,3.264424e+003,6.440619e-005,0.000000e+000;...
2.360500e+000,2.729358e+003,2.724377e+003,4.972877e+000,...
 1.242508e-002,0.000000e+000,0.000000e+000,...
 2.707169e+003,2.712627e+003,7.331686e-005,0.000000e+000,...
 2.713144e+003,2.713144e+003,7.409250e-005,0.000000e+000;...
2.360500e+000,3.159536e+003,3.154556e+003,4.972877e+000,...
 1.242508e-002,0.000000e+000,0.000000e+000,...
 3.136177e+003,3.142500e+003,7.332322e-005,0.000000e+000,...
 3.141822e+003,3.141822e+003,7.409250e-005,0.000000e+000;...
2.500000e+000,2.735309e+003,2.729229e+003,6.058915e+000,...
 1.323944e-002,0.000000e+000,0.000000e+000,...
 2.725163e+003,2.730350e+003,8.246594e-005,0.000000e+000,...
 2.718934e+003,2.718934e+003,8.256137e-005,0.000000e+000;...
2.677400e+000,2.343488e+003,2.337440e+003,6.027220e+000,...
 1.425239e-002,0.000000e+000,0.000000e+000,...
 2.305961e+003,2.310059e+003,9.466861e-005,0.000000e+000,...
 2.329290e+003,2.329290e+003,9.534293e-005,0.000000e+000;...
2.677400e+000,2.487926e+003,2.481878e+003,6.027220e+000,...
 1.425239e-002,0.000000e+000,0.000000e+000,...
 2.449962e+003,2.454316e+003,9.467563e-005,0.000000e+000,...
 2.472150e+003,2.472150e+003,9.534293e-005,0.000000e+000;...
2.800000e+000,2.214217e+003,2.207749e+003,6.457689e+000,...
 1.493545e-002,0.000000e+000,0.000000e+000,...
 2.204533e+003,2.208279e+003,1.034661e-004,0.000000e+000,...
 2.199606e+003,2.199606e+003,1.052195e-004,0.000000e+000;...
2.911600e+000,2.025568e+003,2.019002e+003,6.550510e+000,...
 1.556061e-002,0.000000e+000,0.000000e+000,...
 2.009913e+003,2.013197e+003,1.118112e-004,0.000000e+000,...
 2.011705e+003,2.011705e+003,1.142564e-004,0.000000e+000;...
2.911600e+000,2.111209e+003,2.104643e+003,6.550510e+000,...
 1.556061e-002,0.000000e+000,0.000000e+000,...
 2.095261e+003,2.098684e+003,1.118188e-004,0.000000e+000,...
 2.096996e+003,2.096996e+003,1.142564e-004,0.000000e+000;...
3.200000e+000,1.684297e+003,1.677246e+003,7.035314e+000,...
 1.717544e-002,0.000000e+000,0.000000e+000,...
 1.674938e+003,1.677428e+003,1.348563e-004,0.000000e+000,...
 1.671622e+003,1.671622e+003,1.376650e-004,0.000000e+000;...
3.500000e+000,1.360005e+003,1.352987e+003,6.994563e+000,...
 1.886433e-002,0.000000e+000,0.000000e+000,...
 1.351635e+003,1.353472e+003,1.610750e-004,0.000000e+000,...
 1.348838e+003,1.348838e+003,1.621857e-004,0.000000e+000;...
4.000000e+000,9.923115e+002,9.855520e+002,6.726126e+000,...
 2.154967e-002,0.000000e+000,0.000000e+000,...
 9.843884e+002,9.855585e+002,2.086105e-004,0.000000e+000,...
 9.828853e+002,9.828853e+002,2.143435e-004,0.000000e+000;...
4.500000e+000,7.414360e+002,7.350647e+002,6.353225e+000,...
 2.418715e-002,0.000000e+000,0.000000e+000,...
 7.360183e+002,7.367957e+002,2.614739e-004,0.000000e+000,...
 7.332805e+002,7.332805e+002,2.697325e-004,0.000000e+000;...
5.000000e+000,5.739378e+002,5.679545e+002,5.937956e+000,...
 2.681880e-002,0.000000e+000,0.000000e+000,...
 5.674445e+002,5.679836e+002,3.197350e-004,0.000000e+000,...
 5.667174e+002,5.667174e+002,3.249381e-004,0.000000e+000;...
5.500000e+000,4.516210e+002,4.460583e+002,5.528509e+000,...
 2.930459e-002,0.000000e+000,0.000000e+000,...
 4.463478e+002,4.467332e+002,3.824521e-004,0.000000e+000,...
 4.451605e+002,4.451605e+002,3.905285e-004,0.000000e+000;...
6.300000e+000,3.210539e+002,3.161315e+002,4.888141e+000,...
 3.308891e-002,0.000000e+000,0.000000e+000,...
 3.165525e+002,3.167908e+002,4.905327e-004,0.000000e+000,...
 3.155724e+002,3.155724e+002,5.049537e-004,0.000000e+000;...
7.000000e+000,2.456296e+002,2.412343e+002,4.360000e+000,...
 3.636190e-002,0.000000e+000,0.000000e+000,...
 2.419470e+002,2.421107e+002,5.928632e-004,0.000000e+000,...
 2.408454e+002,2.408454e+002,6.032418e-004,0.000000e+000;...
8.000000e+000,1.759071e+002,1.722201e+002,3.646216e+000,...
 4.051135e-002,0.000000e+000,0.000000e+000,...
 1.721177e+002,1.722192e+002,7.514070e-004,0.000000e+000,...
 1.719731e+002,1.719731e+002,7.646884e-004,0.000000e+000;...
9.000000e+000,1.291506e+002,1.261654e+002,2.940000e+000,...
 4.443441e-002,0.000000e+000,0.000000e+000,...
 1.265030e+002,1.265688e+002,9.199207e-004,0.000000e+000,...
 1.260070e+002,1.260070e+002,9.262079e-004,0.000000e+000;...
1.000000e+001,9.803127e+001,9.589994e+001,2.082813e+000,...
 4.801142e-002,0.000000e+000,0.000000e+000,...
 9.604575e+001,9.609029e+001,1.097855e-003,0.000000e+000,...
 9.578973e+001,9.578973e+001,1.096575e-003,0.000000e+000;...
1.027900e+001,9.167286e+001,8.992641e+001,1.697363e+000,...
 4.887818e-002,0.000000e+000,0.000000e+000,...
 8.937892e+001,8.941910e+001,1.143203e-003,0.000000e+000,...
 8.982963e+001,8.982963e+001,1.152155e-003,0.000000e+000;...
1.040700e+001,8.862627e+001,8.719028e+001,1.385750e+000,...
 4.927275e-002,0.000000e+000,0.000000e+000,...
 8.653347e+001,8.657182e+001,1.164205e-003,0.000000e+000,...
 8.709281e+001,8.708824e+001,1.177298e-003,0.000000e+000;...
1.053800e+001,8.576402e+001,8.437978e+001,1.334941e+000,...
 4.968026e-002,0.000000e+000,0.000000e+000,...
 8.374942e+001,8.378599e+001,1.185823e-003,0.000000e+000,...
