function zr =z76(flag,e)

za = [8.000000e-001,6.010647e+003,6.007481e+003,3.058673e+000,...
 2.833844e-003,0.000000e+000,0.000000e+000,...
 3.996227e+003,4.015298e+003,1.069950e-005,0.000000e+000,...
 6.007422e+003,6.007422e+003,6.079973e-006,0.000000e+000;...
1.000000e+000,4.018813e+003,4.015330e+003,3.343470e+000,...
 4.050475e-003,0.000000e+000,0.000000e+000,...
 3.996227e+003,4.015298e+003,1.069950e-005,0.000000e+000,...
 4.015374e+003,4.015374e+003,1.071068e-005,0.000000e+000;...
1.100000e+000,3.333022e+003,3.329539e+003,3.420724e+000,...
 4.656162e-003,0.000000e+000,0.000000e+000,...
 3.316363e+003,3.330744e+003,1.344964e-005,0.000000e+000,...
 3.329641e+003,3.329641e+003,1.358481e-005,0.000000e+000;...
1.250000e+000,2.579854e+003,2.576467e+003,3.392229e+000,...
 5.604745e-003,0.000000e+000,0.000000e+000,...
 2.569078e+003,2.578877e+003,1.819420e-005,0.000000e+000,...
 2.576447e+003,2.576447e+003,1.826637e-005,0.000000e+000;...
1.400000e+000,2.051896e+003,2.048635e+003,3.254184e+000,...
 6.519449e-003,0.000000e+000,0.000000e+000,...
 2.046701e+003,2.053669e+003,2.361214e-005,0.000000e+000,...
 2.048611e+003,2.048611e+003,2.372777e-005,0.000000e+000;...
1.600000e+000,1.562122e+003,1.559178e+003,2.933515e+000,...
 7.733040e-003,0.000000e+000,0.000000e+000,...
 1.557127e+003,1.561763e+003,3.174490e-005,0.000000e+000,...
 1.559177e+003,1.559177e+003,3.195891e-005,0.000000e+000;...
1.800000e+000,1.221633e+003,1.219290e+003,2.337801e+000,...
 8.927318e-003,0.000000e+000,0.000000e+000,...
 1.216777e+003,1.219996e+003,4.092717e-005,0.000000e+000,...
 1.219268e+003,1.219268e+003,4.108206e-005,0.000000e+000;...
1.970900e+000,1.002978e+003,1.001838e+003,1.131619e+000,...
 9.937008e-003,0.000000e+000,0.000000e+000,...
 9.959556e+002,9.983614e+002,4.960084e-005,0.000000e+000,...
 1.001839e+003,1.001839e+003,4.984127e-005,0.000000e+000;...
1.970900e+000,1.190573e+003,1.189433e+003,1.131619e+000,...
 9.937008e-003,0.000000e+000,0.000000e+000,...
 1.184919e+003,1.187781e+003,4.960603e-005,0.000000e+000,...
 1.189438e+003,1.189438e+003,4.984127e-005,0.000000e+000;...
2.000000e+000,2.206405e+003,2.204885e+003,1.525427e+000,...
 1.010165e-002,0.000000e+000,0.000000e+000,...
 2.199640e+003,2.204876e+003,5.112244e-005,0.000000e+000,...
 2.204874e+003,2.204874e+003,5.152414e-005,0.000000e+000;...
2.044500e+000,2.646059e+003,2.643526e+003,2.524637e+000,...
 1.035589e-002,0.000000e+000,0.000000e+000,...
 2.632119e+003,2.638248e+003,5.349530e-005,0.000000e+000,...
 2.643443e+003,2.643443e+003,5.411712e-005,0.000000e+000;...
2.044500e+000,2.930729e+003,2.928196e+003,2.524637e+000,...
 1.035589e-002,0.000000e+000,0.000000e+000,...
 2.916153e+003,2.922943e+003,5.350069e-005,0.000000e+000,...
 2.923000e+003,2.923000e+003,5.411712e-005,0.000000e+000;...
2.200000e+000,2.852334e+003,2.848408e+003,3.889000e+000,...
 1.124368e-002,0.000000e+000,0.000000e+000,...
 2.844008e+003,2.850161e+003,6.222272e-005,0.000000e+000,...
 2.839248e+003,2.839248e+003,6.322955e-005,0.000000e+000;...
2.451700e+000,2.573585e+003,2.568804e+003,4.748297e+000,...
 1.270075e-002,0.000000e+000,0.000000e+000,...
 2.548815e+003,2.553762e+003,7.779257e-005,0.000000e+000,...
 2.556797e+003,2.556797e+003,7.823819e-005,0.000000e+000;...
2.451700e+000,2.976986e+003,2.972206e+003,4.748297e+000,...
 1.270075e-002,0.000000e+000,0.000000e+000,...
 2.951163e+003,2.956891e+003,7.779911e-005,0.000000e+000,...
 2.958533e+003,2.958533e+003,7.823819e-005,0.000000e+000;...
2.500000e+000,2.824757e+003,2.819185e+003,5.532240e+000,...
 1.298033e-002,0.000000e+000,0.000000e+000,...
 2.814564e+003,2.819922e+003,8.098518e-005,0.000000e+000,...
 2.806735e+003,2.806735e+003,8.113602e-005,0.000000e+000;...
2.790200e+000,2.166227e+003,2.160179e+003,6.035343e+000,...
 1.460362e-002,0.000000e+000,0.000000e+000,...
 2.152690e+003,2.156361e+003,1.009983e-004,0.000000e+000,...
 2.151654e+003,2.151654e+003,1.026776e-004,0.000000e+000;...
2.790200e+000,2.300694e+003,2.294646e+003,6.035343e+000,...
 1.460362e-002,0.000000e+000,0.000000e+000,...
 2.286757e+003,2.290656e+003,1.010055e-004,0.000000e+000,...
 2.284564e+003,2.284564e+003,1.026776e-004,0.000000e+000;...
2.800000e+000,2.278024e+003,2.271945e+003,6.040726e+000,...
 1.465744e-002,0.000000e+000,0.000000e+000,...
 2.268186e+003,2.272040e+003,1.017059e-004,0.000000e+000,...
 2.262010e+003,2.262010e+003,1.034543e-004,0.000000e+000;...
3.030000e+000,1.898876e+003,1.892448e+003,6.419399e+000,...
 1.593024e-002,0.000000e+000,0.000000e+000,...
 1.883201e+003,1.886157e+003,1.190195e-004,0.000000e+000,...
 1.884712e+003,1.884712e+003,1.218095e-004,0.000000e+000;...
3.030000e+000,1.979423e+003,1.972996e+003,6.419399e+000,...
 1.593024e-002,0.000000e+000,0.000000e+000,...
 1.963499e+003,1.966582e+003,1.190273e-004,0.000000e+000,...
 1.964844e+003,1.964844e+003,1.218095e-004,0.000000e+000;...
3.200000e+000,1.743354e+003,1.736420e+003,6.941183e+000,...
 1.687123e-002,0.000000e+000,0.000000e+000,...
 1.734157e+003,1.736735e+003,1.326866e-004,0.000000e+000,...
 1.729619e+003,1.729619e+003,1.354273e-004,0.000000e+000;...
3.500000e+000,1.410843e+003,1.403782e+003,7.033952e+000,...
 1.854106e-002,0.000000e+000,0.000000e+000,...
 1.401902e+003,1.403807e+003,1.584421e-004,0.000000e+000,...
 1.398696e+003,1.398696e+003,1.596050e-004,0.000000e+000;...
4.000000e+000,1.020677e+003,1.013838e+003,6.810103e+000,...
 2.118956e-002,0.000000e+000,0.000000e+000,...
 1.012640e+003,1.013844e+003,2.054498e-004,0.000000e+000,...
 1.010633e+003,1.010633e+003,2.109548e-004,0.000000e+000;...
4.500000e+000,7.635206e+002,7.570616e+002,6.435863e+000,...
 2.378866e-002,0.000000e+000,0.000000e+000,...
 7.579727e+002,7.587733e+002,2.575408e-004,0.000000e+000,...
 7.549058e+002,7.549058e+002,2.654655e-004,0.000000e+000;...
5.000000e+000,5.915662e+002,5.855189e+002,6.039459e+000,...
 2.638270e-002,0.000000e+000,0.000000e+000,...
 5.849693e+002,5.855252e+002,3.149579e-004,0.000000e+000,...
 5.840142e+002,5.840142e+002,3.198316e-004,0.000000e+000;...
5.500000e+000,4.659961e+002,4.603287e+002,5.633873e+000,...
 2.883933e-002,0.000000e+000,0.000000e+000,...
 4.606554e+002,4.610532e+002,3.769653e-004,0.000000e+000,...
 4.592661e+002,4.592661e+002,3.845491e-004,0.000000e+000;...
6.300000e+000,3.316874e+002,3.266216e+002,5.008556e+000,...
 3.258933e-002,0.000000e+000,0.000000e+000,...
 3.270528e+002,3.272991e+002,4.837017e-004,0.000000e+000,...
 3.259630e+002,3.259630e+002,4.976757e-004,0.000000e+000;...
7.000000e+000,2.537966e+002,2.492816e+002,4.480123e+000,...
 3.583149e-002,0.000000e+000,0.000000e+000,...
 2.500049e+002,2.501740e+002,5.850502e-004,0.000000e+000,...
 2.488132e+002,2.488132e+002,5.948984e-004,0.000000e+000;...
8.000000e+000,1.818012e+002,1.779859e+002,3.776602e+000,...
 3.996016e-002,0.000000e+000,0.000000e+000,...
 1.778813e+002,1.779863e+002,7.423001e-004,0.000000e+000,...
 1.776916e+002,1.776916e+002,7.549844e-004,0.000000e+000;...
9.000000e+000,1.336565e+002,1.305093e+002,3.104424e+000,...
 4.387038e-002,0.000000e+000,0.000000e+000,...
 1.309331e+002,1.310013e+002,9.092879e-004,0.000000e+000,...
 1.303205e+002,1.303156e+002,9.153745e-004,0.000000e+000;...
1.000000e+001,1.016940e+002,9.927826e+001,2.367658e+000,...
 4.742282e-002,0.000000e+000,0.000000e+000,...
 9.954103e+001,9.958723e+001,1.086052e-003,0.000000e+000,...
 9.914931e+001,9.914489e+001,1.084271e-003,0.000000e+000;...
1.087700e+001,8.163639e+001,8.026544e+001,1.322570e+000,...
 5.012039e-002,0.000000e+000,0.000000e+000,...
 7.998825e+001,8.002197e+001,1.229105e-003,0.000000e+000,...
 8.016900e+001,8.016900e+001,1.254777e-003,0.000000e+000;...
1.087700e+001,2.088022e+002,2.074313e+002,1.322570e+000,...
 5.012039e-002,0.000000e+000,0.000000e+000,...
 2.070995e+002,2.071888e+002,1.229121e-003,0.000000e+000,...
 1.760533e+002,1.760492e+002,1.254777e-003,0.000000e+000;...
1.100000e+001,2.029258e+002,2.011148e+002,1.759121e+000,...
 5.049716e-002,0.000000e+000,0.000000e+000,...
 2.010404e+002,2.011260e+002,1.249622e-003,0.000000e+000,...
