function zr =z77(flag,e)

za = [8.000000e-001,6.339127e+003,6.335994e+003,3.136978e+000,...
 2.737023e-003,0.000000e+000,0.000000e+000,...
 4.211282e+003,4.231379e+003,1.041622e-005,0.000000e+000,...
 6.335861e+003,6.335861e+003,5.934991e-006,0.000000e+000;...
1.000000e+000,4.241750e+003,4.238304e+003,3.470352e+000,...
 3.937515e-003,0.000000e+000,0.000000e+000,...
 4.211282e+003,4.231379e+003,1.041622e-005,0.000000e+000,...
 4.238180e+003,4.238180e+003,1.042863e-005,0.000000e+000;...
1.100000e+000,3.508264e+003,3.504504e+003,3.539596e+000,...
 4.535647e-003,0.000000e+000,0.000000e+000,...
 3.490663e+003,3.505800e+003,1.312028e-005,0.000000e+000,...
 3.504622e+003,3.504622e+003,1.325845e-005,0.000000e+000;...
1.250000e+000,2.733419e+003,2.729848e+003,3.544923e+000,...
 5.474672e-003,0.000000e+000,0.000000e+000,...
 2.717096e+003,2.727460e+003,1.778150e-005,0.000000e+000,...
 2.729848e+003,2.729848e+003,1.788153e-005,0.000000e+000;...
1.400000e+000,2.170913e+003,2.167435e+003,3.456566e+000,...
 6.385499e-003,0.000000e+000,0.000000e+000,...
 2.158186e+003,2.165533e+003,2.313990e-005,0.000000e+000,...
 2.167421e+003,2.167421e+003,2.329648e-005,0.000000e+000;...
1.600000e+000,1.646788e+003,1.643561e+003,3.199642e+000,...
 7.596800e-003,0.000000e+000,0.000000e+000,...
 1.638525e+003,1.643404e+003,3.122880e-005,0.000000e+000,...
 1.643566e+003,1.643566e+003,3.146187e-005,0.000000e+000;...
1.800000e+000,1.283742e+003,1.281047e+003,2.696510e+000,...
 8.791810e-003,0.000000e+000,0.000000e+000,...
 1.277034e+003,1.280412e+003,4.036207e-005,0.000000e+000,...
 1.281024e+003,1.281024e+003,4.052433e-005,0.000000e+000;...
2.000000e+000,1.019737e+003,1.017983e+003,1.736743e+000,...
 9.968333e-003,0.000000e+000,0.000000e+000,...
 1.013946e+003,1.016360e+003,5.051559e-005,0.000000e+000,...
 1.017975e+003,1.017975e+003,5.091213e-005,0.000000e+000;...
2.044800e+000,9.752141e+002,9.738981e+002,1.323377e+000,...
 1.022463e-002,0.000000e+000,0.000000e+000,...
 9.654124e+002,9.676599e+002,5.289483e-005,0.000000e+000,...
 9.738809e+002,9.738809e+002,5.350706e-005,0.000000e+000;...
2.044800e+000,1.126643e+003,1.125295e+003,1.323377e+000,...
 1.022463e-002,0.000000e+000,0.000000e+000,...
 1.117407e+003,1.120009e+003,5.290020e-005,0.000000e+000,...
 1.125284e+003,1.125284e+003,5.350706e-005,0.000000e+000;...
2.123200e+000,2.502407e+003,2.500089e+003,2.323501e+000,...
 1.067299e-002,0.000000e+000,0.000000e+000,...
 2.497094e+003,2.502692e+003,5.719516e-005,0.000000e+000,...
 2.500097e+003,2.500097e+003,5.806881e-005,0.000000e+000;...
2.123200e+000,2.654431e+003,2.652112e+003,2.323501e+000,...
 1.067299e-002,0.000000e+000,0.000000e+000,...
 2.649196e+003,2.655135e+003,5.720074e-005,0.000000e+000,...
 2.648830e+003,2.648830e+003,5.806881e-005,0.000000e+000;...
2.200000e+000,2.593834e+003,2.590607e+003,3.220322e+000,...
 1.111227e-002,0.000000e+000,0.000000e+000,...
 2.599022e+003,2.604646e+003,6.157701e-005,0.000000e+000,...
 2.585354e+003,2.585354e+003,6.255575e-005,0.000000e+000;...
2.500000e+000,2.511713e+003,2.507326e+003,4.379926e+000,...
 1.285497e-002,0.000000e+000,0.000000e+000,...
 2.501583e+003,2.506344e+003,8.030765e-005,0.000000e+000,...
 2.493667e+003,2.493667e+003,8.042462e-005,0.000000e+000;...
2.539000e+000,2.445101e+003,2.440401e+003,4.699514e+000,...
 1.308401e-002,0.000000e+000,0.000000e+000,...
 2.433049e+003,2.437609e+003,8.293211e-005,0.000000e+000,...
 2.427080e+003,2.427080e+003,8.278526e-005,0.000000e+000;...
2.539000e+000,2.823061e+003,2.818361e+003,4.699514e+000,...
 1.308401e-002,0.000000e+000,0.000000e+000,...
 2.810218e+003,2.815484e+003,8.293891e-005,0.000000e+000,...
 2.803368e+003,2.803368e+003,8.278526e-005,0.000000e+000;...
2.800000e+000,2.230475e+003,2.224459e+003,6.019538e+000,...
 1.453093e-002,0.000000e+000,0.000000e+000,...
 2.220959e+003,2.224733e+003,1.009568e-004,0.000000e+000,...
 2.213903e+003,2.213903e+003,1.027383e-004,0.000000e+000;...
2.900200e+000,2.073720e+003,2.067642e+003,6.062777e+000,...
 1.508425e-002,0.000000e+000,0.000000e+000,...
 2.040145e+003,2.043491e+003,1.083026e-004,0.000000e+000,...
 2.058211e+003,2.058211e+003,1.107263e-004,0.000000e+000;...
2.900200e+000,2.199331e+003,2.193284e+003,6.062777e+000,...
 1.508425e-002,0.000000e+000,0.000000e+000,...
 2.165572e+003,2.169124e+003,1.083100e-004,0.000000e+000,...
 2.182168e+003,2.182168e+003,1.107263e-004,0.000000e+000;...
3.145700e+000,1.806457e+003,1.799940e+003,6.499547e+000,...
 1.643999e-002,0.000000e+000,0.000000e+000,...
 1.789642e+003,1.792348e+003,1.273899e-004,0.000000e+000,...
 1.791523e+003,1.791523e+003,1.303707e-004,0.000000e+000;...
3.145700e+000,1.883377e+003,1.876860e+003,6.499547e+000,...
 1.643999e-002,0.000000e+000,0.000000e+000,...
 1.866325e+003,1.869147e+003,1.273979e-004,0.000000e+000,...
 1.867948e+003,1.867948e+003,1.303707e-004,0.000000e+000;...
3.200000e+000,1.804420e+003,1.797652e+003,6.766811e+000,...
 1.673984e-002,0.000000e+000,0.000000e+000,...
 1.794580e+003,1.797248e+003,1.318204e-004,0.000000e+000,...
 1.789278e+003,1.789278e+003,1.347290e-004,0.000000e+000;...
3.500000e+000,1.463965e+003,1.456884e+003,7.058514e+000,...
 1.840766e-002,0.000000e+000,0.000000e+000,...
 1.454592e+003,1.456569e+003,1.574711e-004,0.000000e+000,...
 1.450618e+003,1.450618e+003,1.589525e-004,0.000000e+000;...
4.000000e+000,1.062349e+003,1.055424e+003,6.908746e+000,...
 2.105021e-002,0.000000e+000,0.000000e+000,...
 1.053677e+003,1.054929e+003,2.043467e-004,0.000000e+000,...
 1.051472e+003,1.051472e+003,2.100357e-004,0.000000e+000;...
4.500000e+000,7.947408e+002,7.881296e+002,6.569418e+000,...
 2.364326e-002,0.000000e+000,0.000000e+000,...
 7.887503e+002,7.895834e+002,2.562776e-004,0.000000e+000,...
 7.854991e+002,7.854991e+002,2.641986e-004,0.000000e+000;...
5.000000e+000,6.158654e+002,6.096616e+002,6.177766e+000,...
 2.623287e-002,0.000000e+000,0.000000e+000,...
 6.087385e+002,6.093169e+002,3.132033e-004,0.000000e+000,...
 6.078234e+002,6.078234e+002,3.182605e-004,0.000000e+000;...
5.500000e+000,4.856488e+002,4.798524e+002,5.773894e+000,...
 2.868837e-002,0.000000e+000,0.000000e+000,...
 4.798716e+002,4.802859e+002,3.754243e-004,0.000000e+000,...
 4.785094e+002,4.785094e+002,3.827751e-004,0.000000e+000;...
6.300000e+000,3.460326e+002,3.408628e+002,5.160410e+000,...
 3.244134e-002,0.000000e+000,0.000000e+000,...
 3.410912e+002,3.413480e+002,4.821942e-004,0.000000e+000,...
 3.400238e+002,3.400167e+002,4.957733e-004,0.000000e+000;...
7.000000e+000,2.648760e+002,2.602106e+002,4.630270e+000,...
 3.568735e-002,0.000000e+000,0.000000e+000,...
 2.608189e+002,2.609955e+002,5.832599e-004,0.000000e+000,...
 2.596406e+002,2.596406e+002,5.929654e-004,0.000000e+000;...
8.000000e+000,1.898542e+002,1.858844e+002,3.927802e+000,...
 3.983573e-002,0.000000e+000,0.000000e+000,...
 1.856289e+002,1.857384e+002,7.408132e-004,0.000000e+000,...
 1.855263e+002,1.855263e+002,7.534010e-004,0.000000e+000;...
9.000000e+000,1.395755e+002,1.362543e+002,3.279539e+000,...
 4.377419e-002,0.000000e+000,0.000000e+000,...
 1.366662e+002,1.367374e+002,9.090492e-004,0.000000e+000,...
 1.360194e+002,1.360194e+002,9.143621e-004,0.000000e+000;...
1.000000e+001,1.062537e+002,1.036124e+002,2.594399e+000,...
 4.735233e-002,0.000000e+000,0.000000e+000,...
 1.039203e+002,1.039686e+002,1.085531e-003,0.000000e+000,...
 1.034523e+002,1.034523e+002,1.083854e-003,0.000000e+000;...
1.100000e+001,8.273262e+001,8.113782e+001,1.545867e+000,...
 5.043228e-002,0.000000e+000,0.000000e+000,...
 8.111221e+001,8.114600e+001,1.249227e-003,0.000000e+000,...
 8.101938e+001,8.101938e+001,1.277674e-003,0.000000e+000;...
1.121400e+001,7.870644e+001,7.734975e+001,1.306991e+000,...
 5.106519e-002,0.000000e+000,0.000000e+000,...
 7.714915e+001,7.718056e+001,1.285203e-003,0.000000e+000,...
 7.723795e+001,7.723795e+001,1.317567e-003,0.000000e+000;...
1.121400e+001,2.008330e+002,1.994763e+002,1.306991e+000,...
 5.106519e-002,0.000000e+000,0.000000e+000,...
 1.992322e+002,1.993153e+002,1.285219e-003,0.000000e+000,...
