function zr =z78(flag,e)

za = [8.000000e-001,6.586313e+003,6.582917e+003,3.186198e+000,...
 2.317726e-003,0.000000e+000,0.000000e+000,...
 4.388862e+003,4.409808e+003,8.964471e-006,0.000000e+000,...
 6.582750e+003,6.582750e+003,5.034091e-006,0.000000e+000;...
1.000000e+000,4.413203e+003,4.409808e+003,3.557232e+000,...
 3.371716e-003,0.000000e+000,0.000000e+000,...
 4.388862e+003,4.409808e+003,8.964471e-006,0.000000e+000,...
 4.409696e+003,4.409696e+003,8.958041e-006,0.000000e+000;...
1.100000e+000,3.672370e+003,3.668666e+003,3.660949e+000,...
 3.919315e-003,0.000000e+000,0.000000e+000,...
 3.655707e+003,3.671560e+003,1.139516e-005,0.000000e+000,...
 3.668743e+003,3.668743e+003,1.144903e-005,0.000000e+000;...
1.250000e+000,2.867116e+003,2.863412e+003,3.694287e+000,...
 4.755838e-003,0.000000e+000,0.000000e+000,...
 2.852645e+003,2.863525e+003,1.558351e-005,0.000000e+000,...
 2.863403e+003,2.863403e+003,1.584112e-005,0.000000e+000;...
1.400000e+000,2.279357e+003,2.275715e+003,3.642428e+000,...
 5.619217e-003,0.000000e+000,0.000000e+000,...
 2.268677e+003,2.276400e+003,2.048180e-005,0.000000e+000,...
 2.275691e+003,2.275691e+003,2.079287e-005,0.000000e+000;...
1.600000e+000,1.715059e+003,1.711602e+003,3.425426e+000,...
 6.791894e-003,0.000000e+000,0.000000e+000,...
 1.712691e+003,1.717790e+003,2.805831e-005,0.000000e+000,...
 1.711597e+003,1.711597e+003,2.842075e-005,0.000000e+000;...
1.800000e+000,1.331616e+003,1.328591e+003,3.023802e+000,...
 7.959940e-003,0.000000e+000,0.000000e+000,...
 1.331337e+003,1.334860e+003,3.672144e-005,0.000000e+000,...
 1.328568e+003,1.328568e+003,3.720798e-005,0.000000e+000;...
2.000000e+000,1.067540e+003,1.065225e+003,2.307231e+000,...
 9.128296e-003,0.000000e+000,0.000000e+000,...
 1.062726e+003,1.065256e+003,4.648705e-005,0.000000e+000,...
 1.065221e+003,1.065221e+003,4.719347e-005,0.000000e+000;...
2.129000e+000,9.355175e+002,9.341594e+002,1.356218e+000,...
 9.862029e-003,0.000000e+000,0.000000e+000,...
 9.269998e+002,9.290723e+002,5.323990e-005,0.000000e+000,...
 9.341528e+002,9.341528e+002,5.449224e-005,0.000000e+000;...
2.129000e+000,1.112669e+003,1.111280e+003,1.356218e+000,...
 9.862029e-003,0.000000e+000,0.000000e+000,...
 1.104531e+003,1.107001e+003,5.324532e-005,0.000000e+000,...
 1.111283e+003,1.111283e+003,5.449224e-005,0.000000e+000;...
2.200000e+000,2.281642e+003,2.279450e+003,2.179592e+000,...
 1.026609e-002,0.000000e+000,0.000000e+000,...
 2.275202e+003,2.280124e+003,5.716789e-005,0.000000e+000,...
 2.279508e+003,2.279508e+003,5.855265e-005,0.000000e+000;...
2.212400e+000,2.381592e+003,2.379092e+003,2.484043e+000,...
 1.033832e-002,0.000000e+000,0.000000e+000,...
 2.372291e+003,2.377395e+003,5.786941e-005,0.000000e+000,...
 2.379047e+003,2.379047e+003,5.927598e-005,0.000000e+000;...
2.212400e+000,2.554422e+003,2.551922e+003,2.484043e+000,...
 1.033832e-002,0.000000e+000,0.000000e+000,...
 2.545105e+003,2.550580e+003,5.787507e-005,0.000000e+000,...
 2.547835e+003,2.547835e+003,5.927598e-005,0.000000e+000;...
2.500000e+000,2.458762e+003,2.454472e+003,4.277075e+000,...
 1.201754e-002,0.000000e+000,0.000000e+000,...
 2.451265e+003,2.455931e+003,7.544374e-005,0.000000e+000,...
 2.440839e+003,2.440839e+003,7.623310e-005,0.000000e+000;...
2.636900e+000,2.321554e+003,2.316770e+003,4.753677e+000,...
 1.280530e-002,0.000000e+000,0.000000e+000,...
 2.294618e+003,2.298758e+003,8.450105e-005,0.000000e+000,...
 2.302272e+003,2.302272e+003,8.525410e-005,0.000000e+000;...
2.636900e+000,2.679531e+003,2.674746e+003,4.753677e+000,...
 1.280530e-002,0.000000e+000,0.000000e+000,...
 2.651751e+003,2.656535e+003,8.450767e-005,0.000000e+000,...
 2.658522e+003,2.658522e+003,8.525410e-005,0.000000e+000;...
2.800000e+000,2.308312e+003,2.302261e+003,6.053222e+000,...
 1.370325e-002,0.000000e+000,0.000000e+000,...
 2.299802e+003,2.303709e+003,9.567067e-005,0.000000e+000,...
 2.289211e+003,2.289211e+003,9.723444e-005,0.000000e+000;...
3.022000e+000,1.932462e+003,1.926289e+003,6.140578e+000,...
 1.494322e-002,0.000000e+000,0.000000e+000,...
 1.915557e+003,1.918572e+003,1.120271e-004,0.000000e+000,...
 1.916328e+003,1.916328e+003,1.137995e-004,0.000000e+000;...
3.022000e+000,2.050656e+003,2.044483e+003,6.140578e+000,...
 1.494322e-002,0.000000e+000,0.000000e+000,...
 2.033452e+003,2.036653e+003,1.120348e-004,0.000000e+000,...
 2.032801e+003,2.032801e+003,1.137995e-004,0.000000e+000;...
3.200000e+000,1.785870e+003,1.779357e+003,6.488461e+000,...
 1.593717e-002,0.000000e+000,0.000000e+000,...
 1.777016e+003,1.779658e+003,1.261069e-004,0.000000e+000,...
 1.769668e+003,1.769668e+003,1.271824e-004,0.000000e+000;...
3.273200e+000,1.696044e+003,1.689531e+003,6.494017e+000,...
 1.635018e-002,0.000000e+000,0.000000e+000,...
 1.684503e+003,1.686951e+003,1.321472e-004,0.000000e+000,...
 1.680526e+003,1.680526e+003,1.327401e-004,0.000000e+000;...
3.273200e+000,1.767812e+003,1.761299e+003,6.494017e+000,...
 1.635018e-002,0.000000e+000,0.000000e+000,...
 1.756065e+003,1.758616e+003,1.321554e-004,0.000000e+000,...
 1.751884e+003,1.751884e+003,1.327401e-004,0.000000e+000;...
3.500000e+000,1.512132e+003,1.505064e+003,7.038221e+000,...
 1.754694e-002,0.000000e+000,0.000000e+000,...
 1.503528e+003,1.505571e+003,1.510143e-004,0.000000e+000,...
 1.497436e+003,1.497436e+003,1.546187e-004,0.000000e+000;...
4.000000e+000,1.098192e+003,1.091185e+003,6.995931e+000,...
 2.016547e-002,0.000000e+000,0.000000e+000,...
 1.089886e+003,1.091182e+003,1.966984e-004,0.000000e+000,...
 1.086352e+003,1.086352e+003,2.047902e-004,0.000000e+000;...
4.500000e+000,8.225714e+002,8.158730e+002,6.683547e+000,...
 2.279759e-002,0.000000e+000,0.000000e+000,...
 8.168067e+002,8.176694e+002,2.481975e-004,0.000000e+000,...
 8.126496e+002,8.126496e+002,2.553535e-004,0.000000e+000;...
5.000000e+000,6.380423e+002,6.317144e+002,6.301092e+000,...
 2.540038e-002,0.000000e+000,0.000000e+000,...
 6.311023e+002,6.317020e+002,3.044319e-004,0.000000e+000,...
 6.294545e+002,6.294545e+002,3.095851e-004,0.000000e+000;...
5.500000e+000,5.033342e+002,4.974075e+002,5.903203e+000,...
 2.781611e-002,0.000000e+000,0.000000e+000,...
 4.977416e+002,4.981714e+002,3.657342e-004,0.000000e+000,...
 4.957745e+002,4.957745e+002,3.783598e-004,0.000000e+000;...
6.300000e+000,3.588100e+002,3.535007e+002,5.282447e+000,...
 3.166134e-002,0.000000e+000,0.000000e+000,...
 3.539933e+002,3.542599e+002,4.728090e-004,0.000000e+000,...
 3.524919e+002,3.524919e+002,4.875125e-004,0.000000e+000;...
7.000000e+000,2.747348e+002,2.699441e+002,4.754294e+000,...
 3.500435e-002,0.000000e+000,0.000000e+000,...
 2.707860e+002,2.709693e+002,5.735476e-004,0.000000e+000,...
 2.692507e+002,2.692507e+002,5.822177e-004,0.000000e+000;...
8.000000e+000,1.970338e+002,1.929283e+002,4.064085e+000,...
 3.914376e-002,0.000000e+000,0.000000e+000,...
 1.928142e+002,1.929280e+002,7.313471e-004,0.000000e+000,...
 1.924942e+002,1.924942e+002,7.466199e-004,0.000000e+000;...
9.000000e+000,1.450149e+002,1.415485e+002,3.425735e+000,...
 4.319673e-002,0.000000e+000,0.000000e+000,...
 1.417786e+002,1.418526e+002,9.013036e-004,0.000000e+000,...
 1.412587e+002,1.412587e+002,9.061383e-004,0.000000e+000;...
1.000000e+001,1.105662e+002,1.077449e+002,2.776611e+000,...
 4.682372e-002,0.000000e+000,0.000000e+000,...
 1.076926e+002,1.077427e+002,1.078376e-003,0.000000e+000,...
 1.075478e+002,1.075478e+002,1.076643e-003,0.000000e+000;...
1.100000e+001,8.631628e+001,8.426048e+001,2.007287e+000,...
 4.991979e-002,0.000000e+000,0.000000e+000,...
 8.428922e+001,8.432438e+001,1.242075e-003,0.000000e+000,...
 8.412376e+001,8.411951e+001,1.269549e-003,0.000000e+000;...
1.156700e+001,7.576250e+001,7.440431e+001,1.306057e+000,...
 5.161135e-002,0.000000e+000,0.000000e+000,...
 7.407211e+001,7.410120e+001,1.338181e-003,0.000000e+000,...
 7.428898e+001,7.428898e+001,1.374257e-003,0.000000e+000;...
1.156700e+001,1.918634e+002,1.905052e+002,1.306057e+000,...
 5.161135e-002,0.000000e+000,0.000000e+000,...
 1.901258e+002,1.902026e+002,1.338199e-003,0.000000e+000,...
