function zr =z79(flag,e)

za = [8.000000e-001,6.905922e+003,6.902865e+003,3.230081e+000,...
 2.241704e-003,0.000000e+000,0.000000e+000,...
 4.611707e+003,4.633716e+003,8.707334e-006,0.000000e+000,...
 6.902822e+003,6.902822e+003,4.876229e-006,0.000000e+000;...
1.000000e+000,4.637375e+003,4.633707e+003,3.666363e+000,...
 3.271355e-003,0.000000e+000,0.000000e+000,...
 4.611707e+003,4.633716e+003,8.707334e-006,0.000000e+000,...
 4.633592e+003,4.633592e+003,8.700828e-006,0.000000e+000;...
1.100000e+000,3.850416e+003,3.846441e+003,3.757778e+000,...
 3.808224e-003,0.000000e+000,0.000000e+000,...
 3.839177e+003,3.855826e+003,1.105151e-005,0.000000e+000,...
 3.846509e+003,3.846509e+003,1.113825e-005,0.000000e+000;...
1.250000e+000,3.004694e+003,3.000842e+003,3.833295e+000,...
 4.630038e-003,0.000000e+000,0.000000e+000,...
 2.990756e+003,3.002164e+003,1.519221e-005,0.000000e+000,...
 3.000828e+003,3.000828e+003,1.544472e-005,0.000000e+000;...
1.400000e+000,2.387508e+003,2.383687e+003,3.804556e+000,...
 5.480590e-003,0.000000e+000,0.000000e+000,...
 2.377189e+003,2.385281e+003,1.999994e-005,0.000000e+000,...
 2.383688e+003,2.383688e+003,2.031278e-005,0.000000e+000;...
1.600000e+000,1.803831e+003,1.800163e+003,3.634261e+000,...
 6.638711e-003,0.000000e+000,0.000000e+000,...
 1.799846e+003,1.805205e+003,2.743765e-005,0.000000e+000,...
 1.800175e+003,1.800175e+003,2.782900e-005,0.000000e+000;...
1.800000e+000,1.405032e+003,1.401730e+003,3.284808e+000,...
 7.795609e-003,0.000000e+000,0.000000e+000,...
 1.401795e+003,1.405504e+003,3.600911e-005,0.000000e+000,...
 1.401714e+003,1.401714e+003,3.650794e-005,0.000000e+000;...
2.000000e+000,1.126600e+003,1.123848e+003,2.740937e+000,...
 8.954035e-003,0.000000e+000,0.000000e+000,...
 1.121193e+003,1.123862e+003,4.564635e-005,0.000000e+000,...
 1.123835e+003,1.123835e+003,4.638199e-005,0.000000e+000;...
2.200000e+000,9.103845e+002,9.088558e+002,1.519193e+000,...
 1.008250e-002,0.000000e+000,0.000000e+000,...
 9.070242e+002,9.089866e+002,5.621791e-005,0.000000e+000,...
 9.088557e+002,9.088557e+002,5.761105e-005,0.000000e+000;...
2.212200e+000,9.003870e+002,8.989501e+002,1.427687e+000,...
 1.015343e-002,0.000000e+000,0.000000e+000,...
 8.959355e+002,8.978631e+002,5.690081e-005,0.000000e+000,...
 8.989299e+002,8.989299e+002,5.831580e-005,0.000000e+000;...
2.212200e+000,1.061692e+003,1.060255e+003,1.427687e+000,...
 1.015343e-002,0.000000e+000,0.000000e+000,...
 1.057578e+003,1.059853e+003,5.690642e-005,0.000000e+000,...
 1.060232e+003,1.060232e+003,5.831580e-005,0.000000e+000;...
2.300700e+000,2.282458e+003,2.279921e+003,2.518974e+000,...
 1.066676e-002,0.000000e+000,0.000000e+000,...
 2.272054e+003,2.276754e+003,6.198869e-005,0.000000e+000,...
 2.279889e+003,2.279889e+003,6.344275e-005,0.000000e+000;...
2.300700e+000,2.437740e+003,2.435203e+003,2.518974e+000,...
 1.066676e-002,0.000000e+000,0.000000e+000,...
 2.427005e+003,2.432026e+003,6.199457e-005,0.000000e+000,...
 2.431072e+003,2.431072e+003,6.344275e-005,0.000000e+000;...
2.500000e+000,2.364609e+003,2.360665e+003,3.940913e+000,...
 1.182274e-002,0.000000e+000,0.000000e+000,...
 2.359087e+003,2.363578e+003,7.430978e-005,0.000000e+000,...
 2.349896e+003,2.349896e+003,7.513458e-005,0.000000e+000;...
2.734000e+000,2.220578e+003,2.215778e+003,4.804917e+000,...
 1.313526e-002,0.000000e+000,0.000000e+000,...
 2.198078e+003,2.201903e+003,8.978476e-005,0.000000e+000,...
 2.200834e+003,2.200834e+003,9.110980e-005,0.000000e+000;...
2.734000e+000,2.559820e+003,2.555020e+003,4.804917e+000,...
 1.313526e-002,0.000000e+000,0.000000e+000,...
 2.536545e+003,2.540959e+003,8.979155e-005,0.000000e+000,...
 2.538390e+003,2.538390e+003,9.110980e-005,0.000000e+000;...
2.800000e+000,2.408298e+003,2.402520e+003,5.745967e+000,...
 1.349541e-002,0.000000e+000,0.000000e+000,...
 2.399026e+003,2.403102e+003,9.434503e-005,0.000000e+000,...
 2.387238e+003,2.387238e+003,9.591283e-005,0.000000e+000;...
3.144300e+000,1.828596e+003,1.822420e+003,6.145562e+000,...
 1.540380e-002,0.000000e+000,0.000000e+000,...
 1.812936e+003,1.815679e+003,1.200399e-004,0.000000e+000,...
 1.812244e+003,1.812244e+003,1.214100e-004,0.000000e+000;...
3.144300e+000,1.939730e+003,1.933554e+003,6.145562e+000,...
 1.540380e-002,0.000000e+000,0.000000e+000,...
 1.923755e+003,1.926665e+003,1.200478e-004,0.000000e+000,...
 1.921713e+003,1.921713e+003,1.214100e-004,0.000000e+000;...
3.200000e+000,1.854339e+003,1.847888e+003,6.440289e+000,...
 1.571229e-002,0.000000e+000,0.000000e+000,...
 1.845473e+003,1.848216e+003,1.244985e-004,0.000000e+000,...
 1.836666e+003,1.836666e+003,1.255597e-004,0.000000e+000;...
3.401400e+000,1.610240e+003,1.603667e+003,6.545462e+000,...
 1.679917e-002,0.000000e+000,0.000000e+000,...
 1.596842e+003,1.599075e+003,1.409498e-004,0.000000e+000,...
 1.594612e+003,1.594612e+003,1.429505e-004,0.000000e+000;...
3.401400e+000,1.678114e+003,1.671540e+003,6.545462e+000,...
 1.679917e-002,0.000000e+000,0.000000e+000,...
 1.664516e+003,1.666843e+003,1.409580e-004,0.000000e+000,...
 1.661872e+003,1.661872e+003,1.429505e-004,0.000000e+000;...
3.500000e+000,1.565970e+003,1.559030e+003,6.950865e+000,...
 1.730914e-002,0.000000e+000,0.000000e+000,...
 1.557256e+003,1.559372e+003,1.491745e-004,0.000000e+000,...
 1.550281e+003,1.550281e+003,1.526619e-004,0.000000e+000;...
4.000000e+000,1.141550e+003,1.134457e+003,7.076828e+000,...
 1.990574e-002,0.000000e+000,0.000000e+000,...
 1.133115e+003,1.134462e+003,1.944414e-004,0.000000e+000,...
 1.128830e+003,1.128830e+003,2.021610e-004,0.000000e+000;...
4.500000e+000,8.556887e+002,8.488708e+002,6.802890e+000,...
 2.251762e-002,0.000000e+000,0.000000e+000,...
 8.499240e+002,8.508217e+002,2.456008e-004,0.000000e+000,...
 8.451346e+002,8.451346e+002,2.521049e-004,0.000000e+000;...
5.000000e+000,6.642380e+002,6.577870e+002,6.436009e+000,...
 2.510352e-002,0.000000e+000,0.000000e+000,...
 6.571694e+002,6.577939e+002,3.017893e-004,0.000000e+000,...
 6.551656e+002,6.551656e+002,3.057971e-004,0.000000e+000;...
5.500000e+000,5.241812e+002,5.180970e+002,6.040389e+000,...
 2.751515e-002,0.000000e+000,0.000000e+000,...
 5.185020e+002,5.189498e+002,3.623235e-004,0.000000e+000,...
 5.162150e+002,5.162150e+002,3.743459e-004,0.000000e+000;...
6.300000e+000,3.739128e+002,3.684708e+002,5.431061e+000,...
 3.135609e-002,0.000000e+000,0.000000e+000,...
 3.689482e+002,3.692261e+002,4.689983e-004,0.000000e+000,...
 3.672812e+002,3.672812e+002,4.832972e-004,0.000000e+000;...
7.000000e+000,2.864392e+002,2.814986e+002,4.903670e+000,...
 3.470388e-002,0.000000e+000,0.000000e+000,...
 2.823635e+002,2.825546e+002,5.697533e-004,0.000000e+000,...
 2.806862e+002,2.806862e+002,5.780168e-004,0.000000e+000;...
8.000000e+000,2.055542e+002,2.013076e+002,4.208125e+000,...
 3.888632e-002,0.000000e+000,0.000000e+000,...
 2.011918e+002,2.013107e+002,7.276650e-004,0.000000e+000,...
 2.007958e+002,2.007958e+002,7.430124e-004,0.000000e+000;...
9.000000e+000,1.514852e+002,1.478622e+002,3.580452e+000,...
 4.298928e-002,0.000000e+000,0.000000e+000,...
 1.481213e+002,1.481986e+002,8.983903e-004,0.000000e+000,...
 1.475270e+002,1.475270e+002,9.036117e-004,0.000000e+000;...
1.000000e+001,1.156929e+002,1.126814e+002,2.965835e+000,...
 4.665808e-002,0.000000e+000,0.000000e+000,...
 1.126285e+002,1.126810e+002,1.076344e-003,0.000000e+000,...
 1.124482e+002,1.124482e+002,1.075155e-003,0.000000e+000;...
1.007300e+001,1.138218e+002,1.108531e+002,2.922788e+000,...
 4.688433e-002,0.000000e+000,0.000000e+000,...
 1.105145e+002,1.105656e+002,1.088066e-003,0.000000e+000,...
 1.106313e+002,1.106313e+002,1.089562e-003,0.000000e+000;...
1.100000e+001,9.013654e+001,8.779462e+001,2.292578e+000,...
 4.977657e-002,0.000000e+000,0.000000e+000,...
 8.786411e+001,8.790082e+001,1.240499e-003,0.000000e+000,...
 8.762939e+001,8.762469e+001,1.268351e-003,0.000000e+000;...
1.125900e+001,8.543129e+001,8.329726e+001,2.083028e+000,...
 5.055314e-002,0.000000e+000,0.000000e+000,...
 8.269513e+001,8.272874e+001,1.284246e-003,0.000000e+000,...
