 
function zr =z8(flag,e)

za = [9.197300e-001,5.728452e+003,5.726570e+003,1.722939e+000,...
 7.294282e-003,0.000000e+000,0.000000e+000,...
 4.536345e+003,4.557995e+003,2.311471e-005,0.000000e+000,...
 5.707474e+003,5.707474e+003,1.843042e-005,0.000000e+000;...
1.000000e+000,4.559726e+003,4.558220e+003,1.730204e+000,...
 8.530008e-003,0.000000e+000,0.000000e+000,...
 4.536345e+003,4.557995e+003,2.311471e-005,0.000000e+000,...
 4.544156e+003,4.544156e+003,2.309937e-005,0.000000e+000;...
1.100000e+000,3.547056e+003,3.545324e+003,1.718159e+000,...
 1.015042e-002,0.000000e+000,0.000000e+000,...
 3.530240e+003,3.545549e+003,2.996963e-005,0.000000e+000,...
 3.535339e+003,3.535339e+003,3.072205e-005,0.000000e+000;...
1.224300e+000,2.706552e+003,2.704858e+003,1.684584e+000,...
 1.235989e-002,0.000000e+000,0.000000e+000,...
 2.663529e+003,2.673903e+003,4.012159e-005,0.000000e+000,...
 2.697990e+003,2.697990e+003,4.140953e-005,0.000000e+000;...
1.250000e+000,2.532993e+003,2.531299e+003,1.677245e+000,...
 1.281722e-002,0.000000e+000,0.000000e+000,...
 2.521822e+003,2.531441e+003,4.245834e-005,0.000000e+000,...
 2.525010e+003,2.525010e+003,4.369713e-005,0.000000e+000;...
1.322900e+000,2.190167e+003,2.188510e+003,1.656392e+000,...
 1.421819e-002,0.000000e+000,0.000000e+000,...
 2.172339e+003,2.180166e+003,4.954993e-005,0.000000e+000,...
 2.183373e+003,2.183373e+003,5.066958e-005,0.000000e+000;...
1.338300e+000,2.117596e+003,2.115903e+003,1.651950e+000,...
 1.451404e-002,0.000000e+000,0.000000e+000,...
 2.107164e+003,2.114669e+003,5.113754e-005,0.000000e+000,...
 2.111135e+003,2.111135e+003,5.226437e-005,0.000000e+000;...
1.400000e+000,1.868005e+003,1.866349e+003,1.634297e+000,...
 1.568389e-002,0.000000e+000,0.000000e+000,...
 1.860056e+003,1.866388e+003,5.752832e-005,0.000000e+000,...
 1.862191e+003,1.862191e+003,5.951214e-005,0.000000e+000;...
1.474200e+000,1.626204e+003,1.624586e+003,1.608815e+000,...
 1.718837e-002,0.000000e+000,0.000000e+000,...
 1.612316e+003,1.617527e+003,6.583820e-005,0.000000e+000,...
 1.621166e+003,1.621166e+003,6.885398e-005,0.000000e+000;...
1.500000e+000,1.544262e+003,1.542643e+003,1.599819e+000,...
 1.771270e-002,0.000000e+000,0.000000e+000,...
 1.536719e+003,1.541601e+003,6.889115e-005,0.000000e+000,...
 1.539445e+003,1.539445e+003,7.217634e-005,0.000000e+000;...
1.600000e+000,1.290153e+003,1.288572e+003,1.564889e+000,...
 1.974150e-002,0.000000e+000,0.000000e+000,...
 1.284813e+003,1.288638e+003,8.154385e-005,0.000000e+000,...
 1.286083e+003,1.286083e+003,8.528254e-005,0.000000e+000;...
1.697000e+000,1.115541e+003,1.113997e+003,1.528942e+000,...
 2.185800e-002,0.000000e+000,0.000000e+000,...
 1.091248e+003,1.094311e+003,9.509856e-005,0.000000e+000,...
 1.111994e+003,1.111994e+003,9.902626e-005,0.000000e+000;...
1.715400e+000,1.082455e+003,1.080912e+003,1.522242e+000,...
 2.225925e-002,0.000000e+000,0.000000e+000,...
 1.059081e+003,1.062022e+003,9.781606e-005,0.000000e+000,...
 1.079016e+003,1.079016e+003,1.016723e-004,0.000000e+000;...
1.800000e+000,9.305771e+002,9.290715e+002,1.491603e+000,...
 2.404113e-002,0.000000e+000,0.000000e+000,...
 9.266651e+002,9.291167e+002,1.105496e-004,0.000000e+000,...
 9.274551e+002,9.274551e+002,1.159086e-004,0.000000e+000;...
1.957200e+000,7.452747e+002,7.438067e+002,1.435482e+000,...
 2.751230e-002,0.000000e+000,0.000000e+000,...
 7.345624e+002,7.363492e+002,1.357590e-004,0.000000e+000,...
 7.426599e+002,7.426599e+002,1.440269e-004,0.000000e+000;...
2.000000e+000,6.948746e+002,6.934066e+002,1.419899e+000,...
 2.845707e-002,0.000000e+000,0.000000e+000,...
 6.917675e+002,6.934141e+002,1.431587e-004,0.000000e+000,...
 6.923373e+002,6.923373e+002,1.518474e-004,0.000000e+000;...
2.138400e+000,5.793193e+002,5.779266e+002,1.371117e+000,...
 3.167229e-002,0.000000e+000,0.000000e+000,...
 5.702328e+002,5.715020e+002,1.686981e-004,0.000000e+000,...
 5.770715e+002,5.770715e+002,1.785047e-004,0.000000e+000;...
2.200000e+000,5.278276e+002,5.264726e+002,1.349399e+000,...
 3.302056e-002,0.000000e+000,0.000000e+000,...
 5.253360e+002,5.264724e+002,1.808712e-004,0.000000e+000,...
 5.257014e+002,5.257014e+002,1.919365e-004,0.000000e+000;...
2.213400e+000,5.196597e+002,5.183047e+002,1.344807e+000,...
 3.332394e-002,0.000000e+000,0.000000e+000,...
 5.162044e+002,5.173143e+002,1.835859e-004,0.000000e+000,...
 5.175550e+002,5.175550e+002,1.949225e-004,0.000000e+000;...
2.345200e+000,4.391475e+002,4.377924e+002,1.300166e+000,...
 3.631746e-002,0.000000e+000,0.000000e+000,...
 4.367912e+002,4.376774e+002,2.115769e-004,0.000000e+000,...
 4.372047e+002,4.372047e+002,2.248686e-004,0.000000e+000;...
2.388200e+000,4.184077e+002,4.170903e+002,1.285636e+000,...
 3.729385e-002,0.000000e+000,0.000000e+000,...
 4.144617e+002,4.152874e+002,2.212215e-004,0.000000e+000,...
 4.165571e+002,4.165571e+002,2.347675e-004,0.000000e+000;...
2.500000e+000,3.650416e+002,3.637543e+002,1.247319e+000,...
 3.983079e-002,0.000000e+000,0.000000e+000,...
 3.630674e+002,3.637583e+002,2.453287e-004,0.000000e+000,...
 3.633030e+002,3.633030e+002,2.607949e-004,0.000000e+000;...
2.645800e+000,3.155184e+002,3.142763e+002,1.199968e+000,...
 4.317323e-002,0.000000e+000,0.000000e+000,...
 3.081407e+002,3.086945e+002,2.788708e-004,0.000000e+000,...
 3.138978e+002,3.138978e+002,2.972349e-004,0.000000e+000;...
2.800000e+000,2.631798e+002,2.619829e+002,1.150170e+000,...
 4.653826e-002,0.000000e+000,0.000000e+000,...
 2.615500e+002,2.619940e+002,3.169725e-004,0.000000e+000,...
 2.616965e+002,2.616965e+002,3.385734e-004,0.000000e+000;...
3.128600e+000,1.921981e+002,1.910914e+002,1.053058e+000,...
 5.376894e-002,0.000000e+000,0.000000e+000,...
 1.897065e+002,1.899945e+002,4.073558e-004,0.000000e+000,...
 1.909023e+002,1.909023e+002,4.314022e-004,0.000000e+000;...
3.200000e+000,1.790579e+002,1.779701e+002,1.032619e+000,...
 5.520679e-002,0.000000e+000,0.000000e+000,...
 1.777130e+002,1.779767e+002,4.265154e-004,0.000000e+000,...
 1.777992e+002,1.777992e+002,4.532890e-004,0.000000e+000;...
3.500000e+000,1.381619e+002,1.371456e+002,9.530106e-001,...
 6.132331e-002,0.000000e+000,0.000000e+000,...
 1.369595e+002,1.371451e+002,5.119230e-004,0.000000e+000,...
 1.370249e+002,1.370249e+002,5.465560e-004,0.000000e+000;...
4.000000e+000,9.272647e+001,9.181934e+001,8.353852e-001,...
 7.106834e-002,0.000000e+000,0.000000e+000,...
 9.171249e+001,9.182085e+001,6.719316e-004,0.000000e+000,...
 9.174947e+001,9.174772e+001,7.104967e-004,0.000000e+000;...
4.500000e+000,6.521906e+001,6.440604e+001,7.355259e-001,...
 7.994765e-002,0.000000e+000,0.000000e+000,...
 6.434090e+001,6.440804e+001,8.365966e-004,0.000000e+000,...
 6.436047e+001,6.435892e+001,8.819688e-004,0.000000e+000;...
5.000000e+000,4.763736e+001,4.689961e+001,6.511367e-001,...
 8.736276e-002,0.000000e+000,0.000000e+000,...
 4.685734e+001,4.690089e+001,1.007029e-003,0.000000e+000,...
 4.687054e+001,4.686914e+001,1.062589e-003,0.000000e+000;...
5.500000e+000,3.587519e+001,3.520068e+001,5.800722e-001,...
 9.455955e-002,0.000000e+000,0.000000e+000,...
 3.517242e+001,3.520164e+001,1.182007e-003,0.000000e+000,...
 3.518163e+001,3.518036e+001,1.239455e-003,0.000000e+000;...
6.000000e+000,2.771782e+001,2.709638e+001,5.208266e-001,...
 1.003599e-001,0.000000e+000,0.000000e+000,...
 2.706908e+001,2.708915e+001,1.368169e-003,0.000000e+000,...
 2.708421e+001,2.708187e+001,1.420457e-003,0.000000e+000;...
6.300000e+000,2.386836e+001,2.327628e+001,4.883808e-001,...
 1.038002e-001,0.000000e+000,0.000000e+000,...
 2.326009e+001,2.327617e+001,1.469588e-003,0.000000e+000,...
 2.326635e+001,2.326413e+001,1.526764e-003,0.000000e+000;...
6.928200e+000,1.797618e+001,1.743491e+001,4.318076e-001,...
 1.095253e-001,0.000000e+000,0.000000e+000,...
 1.731026e+001,1.732045e+001,1.689262e-003,0.000000e+000,...
 1.742859e+001,1.742657e+001,1.756293e-003,0.000000e+000;...
7.000000e+000,1.730882e+001,1.677320e+001,4.254465e-001,...
 1.101501e-001,0.000000e+000,0.000000e+000,...
 1.676346e+001,1.677312e+001,1.714982e-003,0.000000e+000,...
