function zr =z80(flag,e)

za = [8.000000e-001,7.145456e+003,7.142154e+003,3.156478e+000,...
 2.460365e-003,0.000000e+000,0.000000e+000,...
 4.789552e+003,4.812410e+003,9.476601e-006,0.000000e+000,...
 7.141961e+003,7.141961e+003,5.332848e-006,0.000000e+000;...
1.000000e+000,4.813974e+003,4.810371e+003,3.674652e+000,...
 3.566874e-003,0.000000e+000,0.000000e+000,...
 4.789552e+003,4.812410e+003,9.476601e-006,0.000000e+000,...
 4.810055e+003,4.810055e+003,9.464049e-006,0.000000e+000;...
1.100000e+000,3.997985e+003,3.994382e+003,3.802544e+000,...
 4.126778e-003,0.000000e+000,0.000000e+000,...
 3.986614e+003,4.003902e+003,1.199012e-005,0.000000e+000,...
 3.994269e+003,3.994269e+003,1.210287e-005,0.000000e+000;...
1.250000e+000,3.123754e+003,3.119851e+003,3.907319e+000,...
 5.010916e-003,0.000000e+000,0.000000e+000,...
 3.110257e+003,3.122120e+003,1.636566e-005,0.000000e+000,...
 3.119917e+003,3.119917e+003,1.644235e-005,0.000000e+000;...
1.400000e+000,2.488195e+003,2.484292e+003,3.879700e+000,...
 5.877641e-003,0.000000e+000,0.000000e+000,...
 2.478042e+003,2.486477e+003,2.141239e-005,0.000000e+000,...
 2.484286e+003,2.484286e+003,2.155354e-005,0.000000e+000;...
1.600000e+000,1.876714e+003,1.872991e+003,3.731993e+000,...
 7.037378e-003,0.000000e+000,0.000000e+000,...
 1.872048e+003,1.877622e+003,2.906234e-005,0.000000e+000,...
 1.872970e+003,1.872970e+003,2.930570e-005,0.000000e+000;...
1.800000e+000,1.464487e+003,1.461064e+003,3.431776e+000,...
 8.188409e-003,0.000000e+000,0.000000e+000,...
 1.459450e+003,1.463312e+003,3.774990e-005,0.000000e+000,...
 1.461030e+003,1.461030e+003,3.795709e-005,0.000000e+000;...
2.000000e+000,1.173247e+003,1.170244e+003,2.983793e+000,...
 9.322927e-003,0.000000e+000,0.000000e+000,...
 1.167989e+003,1.170770e+003,4.747026e-005,0.000000e+000,...
 1.170235e+003,1.170235e+003,4.787760e-005,0.000000e+000;...
2.200000e+000,9.488347e+002,9.466130e+002,2.198306e+000,...
 1.042532e-002,0.000000e+000,0.000000e+000,...
 9.458873e+002,9.479337e+002,5.804913e-005,0.000000e+000,...
 9.466062e+002,9.466062e+002,5.899763e-005,0.000000e+000;...
2.300800e+000,8.656746e+002,8.642636e+002,1.401711e+000,...
 1.099153e-002,0.000000e+000,0.000000e+000,...
 8.566053e+002,8.583773e+002,6.380649e-005,0.000000e+000,...
 8.642576e+002,8.642576e+002,6.472306e-005,0.000000e+000;...
2.300800e+000,1.068201e+003,1.066790e+003,1.401711e+000,...
 1.099153e-002,0.000000e+000,0.000000e+000,...
 1.059702e+003,1.061894e+003,6.381235e-005,0.000000e+000,...
 1.066782e+003,1.066782e+003,6.472306e-005,0.000000e+000;...
2.394800e+000,2.164922e+003,2.162280e+003,2.638004e+000,...
 1.151961e-002,0.000000e+000,0.000000e+000,...
 2.155645e+003,2.159929e+003,6.943422e-005,0.000000e+000,...
 2.162271e+003,2.162271e+003,7.009564e-005,0.000000e+000;...
2.394800e+000,2.355530e+003,2.352888e+003,2.638004e+000,...
 1.151961e-002,0.000000e+000,0.000000e+000,...
 2.345927e+003,2.350589e+003,6.944032e-005,0.000000e+000,...
 2.347660e+003,2.347660e+003,7.009564e-005,0.000000e+000;...
2.500000e+000,2.293895e+003,2.290263e+003,3.594494e+000,...
 1.211074e-002,0.000000e+000,0.000000e+000,...
 2.290179e+003,2.294538e+003,7.603010e-005,0.000000e+000,...
 2.281914e+003,2.281914e+003,7.614352e-005,0.000000e+000;...
2.800000e+000,2.150062e+003,2.145438e+003,4.594515e+000,...
 1.372921e-002,0.000000e+000,0.000000e+000,...
 2.142775e+003,2.146416e+003,9.586216e-005,0.000000e+000,...
 2.130096e+003,2.130096e+003,9.743256e-005,0.000000e+000;...
2.836900e+000,2.089448e+003,2.084554e+003,4.880922e+000,...
 1.392615e-002,0.000000e+000,0.000000e+000,...
 2.076544e+003,2.080026e+003,9.843252e-005,0.000000e+000,...
 2.069680e+003,2.069680e+003,1.002403e-004,0.000000e+000;...
2.836900e+000,2.411400e+003,2.406507e+003,4.880922e+000,...
 1.392615e-002,0.000000e+000,0.000000e+000,...
 2.397928e+003,2.401949e+003,9.843952e-005,0.000000e+000,...
 2.389780e+003,2.389780e+003,1.002403e-004,0.000000e+000;...
3.200000e+000,1.800969e+003,1.794845e+003,6.116313e+000,...
 1.586435e-002,0.000000e+000,0.000000e+000,...
 1.793367e+003,1.796033e+003,1.255592e-004,0.000000e+000,...
 1.783875e+003,1.783875e+003,1.279991e-004,0.000000e+000;...
3.273900e+000,1.712766e+003,1.706641e+003,6.108508e+000,...
 1.626243e-002,0.000000e+000,0.000000e+000,...
 1.696179e+003,1.698643e+003,1.314886e-004,0.000000e+000,...
 1.696504e+003,1.696504e+003,1.337077e-004,0.000000e+000;...
3.273900e+000,1.816701e+003,1.810576e+003,6.108508e+000,...
 1.626243e-002,0.000000e+000,0.000000e+000,...
 1.799900e+003,1.802515e+003,1.314967e-004,0.000000e+000,...
 1.798718e+003,1.798718e+003,1.337077e-004,0.000000e+000;...
3.500000e+000,1.540802e+003,1.534347e+003,6.432442e+000,...
 1.748041e-002,0.000000e+000,0.000000e+000,...
 1.533102e+003,1.535185e+003,1.504882e-004,0.000000e+000,...
 1.524920e+003,1.524920e+003,1.512350e-004,0.000000e+000;...
3.536800e+000,1.507177e+003,1.500633e+003,6.505995e+000,...
 1.767976e-002,0.000000e+000,0.000000e+000,...
 1.494962e+003,1.496972e+003,1.537029e-004,0.000000e+000,...
 1.491521e+003,1.491521e+003,1.541010e-004,0.000000e+000;...
3.536800e+000,1.570613e+003,1.564069e+003,6.505995e+000,...
 1.767976e-002,0.000000e+000,0.000000e+000,...
 1.558242e+003,1.560337e+003,1.537116e-004,0.000000e+000,...
 1.554431e+003,1.554431e+003,1.541010e-004,0.000000e+000;...
4.000000e+000,1.175979e+003,1.168923e+003,7.015762e+000,...
 2.002295e-002,0.000000e+000,0.000000e+000,...
 1.168066e+003,1.169454e+003,1.953893e-004,0.000000e+000,...
 1.162520e+003,1.162520e+003,2.021261e-004,0.000000e+000;...
4.500000e+000,8.819164e+002,8.750714e+002,6.824524e+000,...
 2.251355e-002,0.000000e+000,0.000000e+000,...
 8.766194e+002,8.775453e+002,2.453716e-004,0.000000e+000,...
 8.707779e+002,8.707779e+002,2.566235e-004,0.000000e+000;...
5.000000e+000,6.849742e+002,6.784595e+002,6.495787e+000,...
 2.500324e-002,0.000000e+000,0.000000e+000,...
 6.781047e+002,6.787491e+002,3.008253e-004,0.000000e+000,...
 6.754467e+002,6.754467e+002,3.110734e-004,0.000000e+000;...
5.500000e+000,5.406901e+002,5.345357e+002,6.115413e+000,...
 2.749144e-002,0.000000e+000,0.000000e+000,...
 5.352123e+002,5.356746e+002,3.610581e-004,0.000000e+000,...
 5.323678e+002,5.323678e+002,3.655021e-004,0.000000e+000;...
6.300000e+000,3.859285e+002,3.803745e+002,5.511377e+000,...
 3.120452e-002,0.000000e+000,0.000000e+000,...
 3.810643e+002,3.813513e+002,4.662531e-004,0.000000e+000,...
 3.790143e+002,3.790143e+002,4.764131e-004,0.000000e+000;...
7.000000e+000,2.957794e+002,2.907598e+002,4.983596e+000,...
 3.437781e-002,0.000000e+000,0.000000e+000,...
 2.917613e+002,2.919588e+002,5.654041e-004,0.000000e+000,...
 2.898273e+002,2.898273e+002,5.767543e-004,0.000000e+000;...
8.000000e+000,2.124033e+002,2.080591e+002,4.305707e+000,...
 3.860185e-002,0.000000e+000,0.000000e+000,...
 2.080303e+002,2.081531e+002,7.219145e-004,0.000000e+000,...
 2.074690e+002,2.074690e+002,7.337222e-004,0.000000e+000;...
9.000000e+000,1.569803e+002,1.532486e+002,3.686360e+000,...
 4.247165e-002,0.000000e+000,0.000000e+000,...
 1.535737e+002,1.536539e+002,8.871512e-004,0.000000e+000,...
 1.528619e+002,1.528619e+002,9.020294e-004,0.000000e+000;...
9.486800e+000,1.385920e+002,1.351425e+002,3.406258e+000,...
 4.431798e-002,0.000000e+000,0.000000e+000,...
 1.340807e+002,1.341469e+002,9.728126e-004,0.000000e+000,...
 1.348163e+002,1.348163e+002,9.818830e-004,0.000000e+000;...
9.884500e+000,1.243497e+002,1.211314e+002,3.172990e+000,...
 4.582506e-002,0.000000e+000,0.000000e+000,...
 1.206169e+002,1.206739e+002,1.045291e-003,0.000000e+000,...
 1.208480e+002,1.208480e+002,1.046414e-003,0.000000e+000;...
1.000000e+001,1.202097e+002,1.170605e+002,3.102139e+000,...
 4.626338e-002,0.000000e+000,0.000000e+000,...
 1.170597e+002,1.171142e+002,1.066757e-003,0.000000e+000,...
 1.167946e+002,1.167946e+002,1.065185e-003,0.000000e+000;...
1.048800e+001,1.071263e+002,1.042622e+002,2.814711e+000,...
 4.777647e-002,0.000000e+000,0.000000e+000,...
 1.032387e+002,1.032844e+002,1.145331e-003,0.000000e+000,...
