function zr =z81(flag,e)

za = [8.314300e-001,6.944048e+003,6.940807e+003,3.156144e+000,...
 2.673927e-003,0.000000e+000,0.000000e+000,...
 4.960184e+003,4.983856e+003,9.619149e-006,0.000000e+000,...
 6.940527e+003,6.940527e+003,6.009117e-006,0.000000e+000;...
1.000000e+000,4.987480e+003,4.983650e+003,3.710407e+000,...
 3.623187e-003,0.000000e+000,0.000000e+000,...
 4.960184e+003,4.983856e+003,9.619149e-006,0.000000e+000,...
 4.983618e+003,4.983618e+003,9.609214e-006,0.000000e+000;...
1.100000e+000,4.157412e+003,4.153582e+003,3.861570e+000,...
 4.193361e-003,0.000000e+000,0.000000e+000,...
 4.144810e+003,4.162784e+003,1.216401e-005,0.000000e+000,...
 4.153429e+003,4.153429e+003,1.230686e-005,0.000000e+000;...
1.250000e+000,3.251321e+003,3.247490e+003,3.942602e+000,...
 5.094443e-003,0.000000e+000,0.000000e+000,...
 3.236449e+003,3.248794e+003,1.658189e-005,0.000000e+000,...
 3.247440e+003,3.247440e+003,1.674676e-005,0.000000e+000;...
1.400000e+000,2.590095e+003,2.586147e+003,3.943486e+000,...
 5.981676e-003,0.000000e+000,0.000000e+000,...
 2.578405e+003,2.587182e+003,2.175387e-005,0.000000e+000,...
 2.586116e+003,2.586116e+003,2.197708e-005,0.000000e+000;...
1.600000e+000,1.953651e+003,1.949820e+003,3.833577e+000,...
 7.171235e-003,0.000000e+000,0.000000e+000,...
 1.950528e+003,1.956335e+003,2.958956e-005,0.000000e+000,...
 1.949819e+003,1.949819e+003,2.991147e-005,0.000000e+000;...
1.800000e+000,1.521526e+003,1.517931e+003,3.587532e+000,...
 8.354310e-003,0.000000e+000,0.000000e+000,...
 1.519939e+003,1.523960e+003,3.849775e-005,0.000000e+000,...
 1.517918e+003,1.517918e+003,3.877038e-005,0.000000e+000;...
2.000000e+000,1.221912e+003,1.218730e+003,3.189147e+000,...
 9.512633e-003,0.000000e+000,0.000000e+000,...
 1.215824e+003,1.218718e+003,4.836071e-005,0.000000e+000,...
 1.218729e+003,1.218729e+003,4.889505e-005,0.000000e+000;...
2.200000e+000,9.865935e+002,9.840005e+002,2.574154e+000,...
 1.062823e-002,0.000000e+000,0.000000e+000,...
 9.836393e+002,9.857675e+002,5.912365e-005,0.000000e+000,...
 9.839823e+002,9.839823e+002,6.018849e-005,0.000000e+000;...
2.393900e+000,8.256776e+002,8.242927e+002,1.371749e+000,...
 1.172998e-002,0.000000e+000,0.000000e+000,...
 8.152024e+002,8.168229e+002,7.060952e-005,0.000000e+000,...
 8.243007e+002,8.243007e+002,7.139520e-005,0.000000e+000;...
2.393900e+000,1.239327e+003,1.237942e+003,1.371749e+000,...
 1.172998e-002,0.000000e+000,0.000000e+000,...
 1.228664e+003,1.231106e+003,7.061572e-005,0.000000e+000,...
 1.237930e+003,1.237930e+003,7.139520e-005,0.000000e+000;...
2.493700e+000,2.033210e+003,2.030499e+003,2.694495e+000,...
 1.229721e-002,0.000000e+000,0.000000e+000,...
 2.033131e+003,2.037011e+003,7.693894e-005,0.000000e+000,...
 2.030475e+003,2.030475e+003,7.721847e-005,0.000000e+000;...
2.493700e+000,2.374225e+003,2.371514e+003,2.694495e+000,...
 1.229721e-002,0.000000e+000,0.000000e+000,...
 2.373442e+003,2.377971e+003,7.694542e-005,0.000000e+000,...
 2.361890e+003,2.361890e+003,7.721847e-005,0.000000e+000;...
2.500000e+000,2.374784e+003,2.371956e+003,2.829863e+000,...
 1.233286e-002,0.000000e+000,0.000000e+000,...
 2.369003e+003,2.373512e+003,7.734808e-005,0.000000e+000,...
 2.362150e+003,2.362150e+003,7.758362e-005,0.000000e+000;...
2.800000e+000,2.166192e+003,2.161536e+003,4.662171e+000,...
 1.394732e-002,0.000000e+000,0.000000e+000,...
 2.159683e+003,2.163352e+003,9.728470e-005,0.000000e+000,...
 2.146209e+003,2.146209e+003,9.891212e-005,0.000000e+000;...
2.944600e+000,1.985416e+003,1.980465e+003,4.926780e+000,...
 1.471109e-002,0.000000e+000,0.000000e+000,...
 1.968372e+003,1.971552e+003,1.075633e-004,0.000000e+000,...
 1.965853e+003,1.965853e+003,1.098702e-004,0.000000e+000;...
2.944600e+000,2.294930e+003,2.289980e+003,4.926780e+000,...
 1.471109e-002,0.000000e+000,0.000000e+000,...
 2.277221e+003,2.280900e+003,1.075706e-004,0.000000e+000,...
 2.273497e+003,2.273497e+003,1.098702e-004,0.000000e+000;...
3.200000e+000,1.863219e+003,1.856972e+003,6.215934e+000,...
 1.606036e-002,0.000000e+000,0.000000e+000,...
 1.855592e+003,1.858350e+003,1.269752e-004,0.000000e+000,...
 1.844763e+003,1.844763e+003,1.293009e-004,0.000000e+000;...
3.409700e+000,1.605977e+003,1.599760e+003,6.215639e+000,...
 1.717507e-002,0.000000e+000,0.000000e+000,...
 1.586761e+003,1.588975e+003,1.441135e-004,0.000000e+000,...
 1.589948e+003,1.589948e+003,1.453642e-004,0.000000e+000;...
3.409700e+000,1.702332e+003,1.696115e+003,6.215639e+000,...
 1.717507e-002,0.000000e+000,0.000000e+000,...
 1.682872e+003,1.685219e+003,1.441219e-004,0.000000e+000,...
 1.684614e+003,1.684614e+003,1.453642e-004,0.000000e+000;...
3.500000e+000,1.589299e+003,1.582816e+003,6.461389e+000,...
 1.765508e-002,0.000000e+000,0.000000e+000,...
 1.580941e+003,1.583090e+003,1.518265e-004,0.000000e+000,...
 1.572355e+003,1.572355e+003,1.522964e-004,0.000000e+000;...
3.678700e+000,1.420427e+003,1.413856e+003,6.546842e+000,...
 1.858121e-002,0.000000e+000,0.000000e+000,...
 1.402331e+003,1.404144e+003,1.674371e-004,0.000000e+000,...
 1.404938e+003,1.404938e+003,1.679811e-004,0.000000e+000;...
3.678700e+000,1.480686e+003,1.474115e+003,6.546842e+000,...
 1.858121e-002,0.000000e+000,0.000000e+000,...
 1.462423e+003,1.464313e+003,1.674457e-004,0.000000e+000,...
 1.464686e+003,1.464686e+003,1.679811e-004,0.000000e+000;...
4.000000e+000,1.209212e+003,1.202229e+003,6.963496e+000,...
 2.015324e-002,0.000000e+000,0.000000e+000,...
 1.200819e+003,1.202246e+003,1.964418e-004,0.000000e+000,...
 1.195094e+003,1.195094e+003,2.027410e-004,0.000000e+000;...
4.500000e+000,9.070048e+002,9.001686e+002,6.813807e+000,...
 2.259158e-002,0.000000e+000,0.000000e+000,...
 9.012816e+002,9.022336e+002,2.459390e-004,0.000000e+000,...
 8.953925e+002,8.953925e+002,2.565795e-004,0.000000e+000;...
5.000000e+000,7.044824e+002,6.979408e+002,6.512955e+000,...
 2.502168e-002,0.000000e+000,0.000000e+000,...
 6.972605e+002,6.979231e+002,3.006961e-004,0.000000e+000,...
 6.945904e+002,6.945904e+002,3.101365e-004,0.000000e+000;...
5.500000e+000,5.565316e+002,5.503437e+002,6.168787e+000,...
 2.744470e-002,0.000000e+000,0.000000e+000,...
 5.507938e+002,5.512695e+002,3.606622e-004,0.000000e+000,...
 5.479367e+002,5.479367e+002,3.634657e-004,0.000000e+000;...
6.300000e+000,3.976489e+002,3.920503e+002,5.566789e+000,...
 3.102516e-002,0.000000e+000,0.000000e+000,...
 3.925698e+002,3.928655e+002,4.631048e-004,0.000000e+000,...
 3.905412e+002,3.905412e+002,4.770437e-004,0.000000e+000;...
7.000000e+000,3.049771e+002,2.998794e+002,5.054369e+000,...
 3.406314e-002,0.000000e+000,0.000000e+000,...
 3.007987e+002,3.010023e+002,5.613047e-004,0.000000e+000,...
 2.988298e+002,2.988298e+002,5.799000e-004,0.000000e+000;...
8.000000e+000,2.192063e+002,2.147805e+002,4.388429e+000,...
 3.834755e-002,0.000000e+000,0.000000e+000,...
 2.146516e+002,2.147784e+002,7.162248e-004,0.000000e+000,...
 2.141212e+002,2.141212e+002,7.239441e-004,0.000000e+000;...
9.000000e+000,1.620946e+002,1.582757e+002,3.775823e+000,...
 4.221944e-002,0.000000e+000,0.000000e+000,...
 1.585239e+002,1.586067e+002,8.806778e-004,0.000000e+000,...
 1.578404e+002,1.578404e+002,8.881494e-004,0.000000e+000;...
1.000000e+001,1.242008e+002,1.209477e+002,3.207121e+000,...
 4.588211e-002,0.000000e+000,0.000000e+000,...
 1.208910e+002,1.209474e+002,1.056554e-003,0.000000e+000,...
 1.206485e+002,1.206485e+002,1.054949e-003,0.000000e+000;...
1.100000e+001,9.668216e+001,9.399482e+001,2.638509e+000,...
 4.896134e-002,0.000000e+000,0.000000e+000,...
 9.418240e+001,9.422186e+001,1.218076e-003,0.000000e+000,...
 9.377908e+001,9.377908e+001,1.245811e-003,0.000000e+000;...
1.250000e+001,6.875097e+001,6.737194e+001,1.325634e+000,...
 5.341372e-002,0.000000e+000,0.000000e+000,...
 6.738230e+001,6.740644e+001,1.474143e-003,0.000000e+000,...
 6.723685e+001,6.723550e+001,1.516314e-003,0.000000e+000;...
1.266000e+001,6.673842e+001,6.539474e+001,1.289007e+000,...
 5.387339e-002,0.000000e+000,0.000000e+000,...
 6.517437e+001,6.519733e+001,1.502400e-003,0.000000e+000,...
