function zr =z82(flag,e)

za = [8.767200e-001,6.580681e+003,6.577193e+003,3.290195e+000,...
 2.880200e-003,0.000000e+000,0.000000e+000,...
 5.165891e+003,5.190544e+003,9.550187e-006,0.000000e+000,...
 6.577077e+003,6.577077e+003,6.869617e-006,0.000000e+000;...
1.000000e+000,5.194265e+003,5.190486e+003,3.751462e+000,...
 3.590730e-003,0.000000e+000,0.000000e+000,...
 5.165891e+003,5.190544e+003,9.550187e-006,0.000000e+000,...
 5.190396e+003,5.190396e+003,9.543612e-006,0.000000e+000;...
1.100000e+000,4.327827e+003,4.324049e+003,3.924691e+000,...
 4.166515e-003,0.000000e+000,0.000000e+000,...
 4.310260e+003,4.328952e+003,1.211638e-005,0.000000e+000,...
 4.323909e+003,4.323909e+003,1.225711e-005,0.000000e+000;...
1.250000e+000,3.384657e+003,3.380588e+003,4.016828e+000,...
 5.079457e-003,0.000000e+000,0.000000e+000,...
 3.368385e+003,3.381233e+003,1.656683e-005,0.000000e+000,...
 3.380652e+003,3.380652e+003,1.674079e-005,0.000000e+000;...
1.400000e+000,2.691420e+003,2.687380e+003,4.038046e+000,...
 5.983970e-003,0.000000e+000,0.000000e+000,...
 2.680013e+003,2.689136e+003,2.178121e-005,0.000000e+000,...
 2.687351e+003,2.687351e+003,2.202958e-005,0.000000e+000;...
1.600000e+000,2.039049e+003,2.035096e+003,3.954047e+000,...
 7.202098e-003,0.000000e+000,0.000000e+000,...
 2.033298e+003,2.039352e+003,2.975051e-005,0.000000e+000,...
 2.035077e+003,2.035077e+003,3.011068e-005,0.000000e+000;...
1.800000e+000,1.590833e+003,1.587112e+003,3.720362e+000,...
 8.419063e-003,0.000000e+000,0.000000e+000,...
 1.584454e+003,1.588646e+003,3.883379e-005,0.000000e+000,...
 1.587078e+003,1.587078e+003,3.919481e-005,0.000000e+000;...
2.000000e+000,1.275619e+003,1.272218e+003,3.375647e+000,...
 9.622367e-003,0.000000e+000,0.000000e+000,...
 1.269203e+003,1.272224e+003,4.895225e-005,0.000000e+000,...
 1.272203e+003,1.272203e+003,4.937004e-005,0.000000e+000;...
2.200000e+000,1.029988e+003,1.027110e+003,2.864301e+000,...
 1.079428e-002,0.000000e+000,0.000000e+000,...
 1.027533e+003,1.029756e+003,6.008473e-005,0.000000e+000,...
 1.027113e+003,1.027113e+003,6.054465e-005,0.000000e+000;...
2.489000e+000,7.855776e+002,7.842407e+002,1.348079e+000,...
 1.244374e-002,0.000000e+000,0.000000e+000,...
 7.816041e+002,7.830984e+002,7.775586e-005,0.000000e+000,...
 7.842082e+002,7.842082e+002,7.858719e-005,0.000000e+000;...
2.489000e+000,1.489947e+003,1.488610e+003,1.348079e+000,...
 1.244374e-002,0.000000e+000,0.000000e+000,...
 1.485098e+003,1.487937e+003,7.776222e-005,0.000000e+000,...
 1.488523e+003,1.488523e+003,7.858719e-005,0.000000e+000;...
2.500000e+000,1.541828e+003,1.540346e+003,1.472362e+000,...
 1.250419e-002,0.000000e+000,0.000000e+000,...
 1.541748e+003,1.544683e+003,7.845700e-005,0.000000e+000,...
 1.540264e+003,1.540264e+003,7.933040e-005,0.000000e+000;...
2.594700e+000,1.932844e+003,1.929967e+003,2.870288e+000,...
 1.302766e-002,0.000000e+000,0.000000e+000,...
 1.924711e+003,1.928240e+003,8.462577e-005,0.000000e+000,...
 1.929857e+003,1.929857e+003,8.577634e-005,0.000000e+000;...
2.594700e+000,2.459101e+003,2.456224e+003,2.870288e+000,...
 1.302766e-002,0.000000e+000,0.000000e+000,...
 2.449911e+003,2.454404e+003,8.463240e-005,0.000000e+000,...
 2.440658e+003,2.440658e+003,8.577634e-005,0.000000e+000;...
2.800000e+000,2.241925e+003,2.237216e+003,4.689981e+000,...
 1.416266e-002,0.000000e+000,0.000000e+000,...
 2.234203e+003,2.237999e+003,9.881549e-005,0.000000e+000,...
 2.220264e+003,2.220264e+003,9.982065e-005,0.000000e+000;...
3.054600e+000,1.880207e+003,1.875179e+003,5.026267e+000,...
 1.558367e-002,0.000000e+000,0.000000e+000,...
 1.859590e+003,1.862486e+003,1.179647e-004,0.000000e+000,...
 1.860788e+003,1.860788e+003,1.174772e-004,0.000000e+000;...
3.054600e+000,2.171500e+003,2.166471e+003,5.026267e+000,...
 1.558367e-002,0.000000e+000,0.000000e+000,...
 2.150273e+003,2.153621e+003,1.179722e-004,0.000000e+000,...
 2.150205e+003,2.150205e+003,1.174772e-004,0.000000e+000;...
3.200000e+000,1.927089e+003,1.920957e+003,6.117379e+000,...
 1.632861e-002,0.000000e+000,0.000000e+000,...
 1.919431e+003,1.922284e+003,1.291077e-004,0.000000e+000,...
 1.907269e+003,1.907269e+003,1.300468e-004,0.000000e+000;...
3.500000e+000,1.549473e+003,1.543369e+003,6.085989e+000,...
 1.786646e-002,0.000000e+000,0.000000e+000,...
 1.541751e+003,1.543846e+003,1.536361e-004,0.000000e+000,...
 1.533392e+003,1.533392e+003,1.559874e-004,0.000000e+000;...
3.549300e+000,1.502009e+003,1.495876e+003,6.104881e+000,...
 1.811933e-002,0.000000e+000,0.000000e+000,...
 1.489895e+003,1.491891e+003,1.578645e-004,0.000000e+000,...
 1.486351e+003,1.486351e+003,1.602574e-004,0.000000e+000;...
3.549300e+000,1.591210e+003,1.585078e+003,6.104881e+000,...
 1.811933e-002,0.000000e+000,0.000000e+000,...
 1.578898e+003,1.581014e+003,1.578731e-004,0.000000e+000,...
 1.573903e+003,1.573903e+003,1.602574e-004,0.000000e+000;...
3.824300e+000,1.336860e+003,1.330349e+003,6.512086e+000,...
 1.952958e-002,0.000000e+000,0.000000e+000,...
 1.320270e+003,1.321911e+003,1.824700e-004,0.000000e+000,...
 1.321551e+003,1.321551e+003,1.840537e-004,0.000000e+000;...
3.824300e+000,1.394409e+003,1.387898e+003,6.512086e+000,...
 1.952958e-002,0.000000e+000,0.000000e+000,...
 1.377657e+003,1.379370e+003,1.824792e-004,0.000000e+000,...
 1.378617e+003,1.378617e+003,1.840537e-004,0.000000e+000;...
4.000000e+000,1.248210e+003,1.241322e+003,6.863486e+000,...
 2.043060e-002,0.000000e+000,0.000000e+000,...
 1.239845e+003,1.241319e+003,1.989667e-004,0.000000e+000,...
 1.233370e+003,1.233370e+003,1.992643e-004,0.000000e+000;...
4.500000e+000,9.370952e+002,9.302358e+002,6.828027e+000,...
 2.285349e-002,0.000000e+000,0.000000e+000,...
 9.312751e+002,9.322587e+002,2.486813e-004,0.000000e+000,...
 9.249144e+002,9.249144e+002,2.526481e-004,0.000000e+000;...
5.000000e+000,7.282609e+002,7.216630e+002,6.572833e+000,...
 2.522260e-002,0.000000e+000,0.000000e+000,...
 7.209662e+002,7.216514e+002,3.029276e-004,0.000000e+000,...
 7.179031e+002,7.179031e+002,3.082819e-004,0.000000e+000;...
5.500000e+000,5.754644e+002,5.692154e+002,6.230153e+000,...
 2.757660e-002,0.000000e+000,0.000000e+000,...
 5.696545e+002,5.701465e+002,3.610349e-004,0.000000e+000,...
 5.665037e+002,5.665037e+002,3.633800e-004,0.000000e+000;...
6.300000e+000,4.113907e+002,4.057229e+002,5.647393e+000,...
 3.108827e-002,0.000000e+000,0.000000e+000,...
 4.062398e+002,4.065458e+002,4.632953e-004,0.000000e+000,...
 4.040137e+002,4.040137e+002,4.770156e-004,0.000000e+000;...
7.000000e+000,3.157076e+002,3.105340e+002,5.141075e+000,...
 3.407328e-002,0.000000e+000,0.000000e+000,...
 3.115017e+002,3.117126e+002,5.608229e-004,0.000000e+000,...
 3.093518e+002,3.093518e+002,5.791945e-004,0.000000e+000;...
8.000000e+000,2.271426e+002,2.226288e+002,4.475188e+000,...
 3.827032e-002,0.000000e+000,0.000000e+000,...
 2.224956e+002,2.226270e+002,7.138360e-004,0.000000e+000,...
 2.218832e+002,2.218832e+002,7.217731e-004,0.000000e+000;...
9.000000e+000,1.679569e+002,1.640360e+002,3.881384e+000,...
 4.209531e-002,0.000000e+000,0.000000e+000,...
 1.643141e+002,1.643999e+002,8.768087e-004,0.000000e+000,...
 1.635438e+002,1.635438e+002,8.851199e-004,0.000000e+000;...
1.000000e+001,1.287332e+002,1.253675e+002,3.320423e+000,...
 4.573139e-002,0.000000e+000,0.000000e+000,...
 1.253078e+002,1.253663e+002,1.051312e-003,0.000000e+000,...
 1.250308e+002,1.250308e+002,1.051454e-003,0.000000e+000;...
1.100000e+001,1.005282e+002,9.768857e+001,2.789283e+000,...
 4.880650e-002,0.000000e+000,0.000000e+000,...
 9.784863e+001,9.788967e+001,1.212326e-003,0.000000e+000,...
 9.745293e+001,9.744493e+001,1.241570e-003,0.000000e+000;...
1.250000e+001,7.201516e+001,7.014336e+001,1.818879e+000,...
 5.325640e-002,0.000000e+000,0.000000e+000,...
 7.017879e+001,7.020400e+001,1.467666e-003,0.000000e+000,...
 6.999259e+001,6.999119e+001,1.511119e-003,0.000000e+000;...
1.304000e+001,6.443201e+001,6.310955e+001,1.266522e+000,...
 5.481139e-002,0.000000e+000,0.000000e+000,...
 6.281588e+001,6.283720e+001,1.563475e-003,0.000000e+000,...
