function zr =z83(flag,e)

za = [

9.234300e-001,6.272171e+003,6.268713e+003,3.431453e+000,...
 3.071249e-003,0.000000e+000,0.000000e+000,...
 5.395646e+003,5.421397e+003,9.328216e-006,0.000000e+000,...
 6.268532e+003,6.268532e+003,7.572435e-006,0.000000e+000;...
1.000000e+000,5.425258e+003,5.421512e+003,3.787336e+000,...
 3.503206e-003,0.000000e+000,0.000000e+000,...
 5.395646e+003,5.421397e+003,9.328216e-006,0.000000e+000,...
 5.421360e+003,5.421360e+003,9.321945e-006,0.000000e+000;...
1.100000e+000,4.525611e+003,4.521577e+003,3.965133e+000,...
 4.078669e-003,0.000000e+000,0.000000e+000,...
 4.512361e+003,4.531929e+003,1.185548e-005,0.000000e+000,...
 4.521671e+003,4.521671e+003,1.193374e-005,0.000000e+000;...
1.250000e+000,3.557669e+003,3.553347e+003,4.104027e+000,...
 4.957857e-003,0.000000e+000,0.000000e+000,...
 3.541294e+003,3.554802e+003,1.626600e-005,0.000000e+000,...
 3.553422e+003,3.553422e+003,1.654006e-005,0.000000e+000;...
1.400000e+000,2.823399e+003,2.819221e+003,4.175204e+000,...
 5.866149e-003,0.000000e+000,0.000000e+000,...
 2.811313e+003,2.820884e+003,2.139940e-005,0.000000e+000,...
 2.819183e+003,2.819183e+003,2.174002e-005,0.000000e+000;...
1.600000e+000,2.135898e+003,2.131806e+003,4.079246e+000,...
 7.099489e-003,0.000000e+000,0.000000e+000,...
 2.129069e+003,2.135408e+003,2.928443e-005,0.000000e+000,...
 2.131810e+003,2.131810e+003,2.973351e-005,0.000000e+000;...
1.800000e+000,1.664751e+003,1.660889e+003,3.859665e+000,...
 8.324762e-003,0.000000e+000,0.000000e+000,...
 1.658812e+003,1.663201e+003,3.841778e-005,0.000000e+000,...
 1.660853e+003,1.660853e+003,3.890656e-005,0.000000e+000;...
2.000000e+000,1.338117e+003,1.334544e+003,3.555075e+000,...
 9.545711e-003,0.000000e+000,0.000000e+000,...
 1.331377e+003,1.334547e+003,4.861492e-005,0.000000e+000,...
 1.334462e+003,1.334462e+003,4.930337e-005,0.000000e+000;...
2.200000e+000,1.080268e+003,1.077156e+003,3.113609e+000,...
 1.072516e-002,0.000000e+000,0.000000e+000,...
 1.076581e+003,1.078910e+003,5.971661e-005,0.000000e+000,...
 1.077115e+003,1.077115e+003,6.107707e-005,0.000000e+000;...
2.500000e+000,8.131692e+002,8.113249e+002,1.820762e+000,...
 1.253915e-002,0.000000e+000,0.000000e+000,...
 8.099512e+002,8.114929e+002,7.868682e-005,0.000000e+000,...
 8.112855e+002,8.112855e+002,7.937622e-005,0.000000e+000;...
2.586000e+000,7.589944e+002,7.576112e+002,1.377711e+000,...
 1.306333e-002,0.000000e+000,0.000000e+000,...
 7.520952e+002,7.534789e+002,8.460921e-005,0.000000e+000,...
 7.575656e+002,7.575656e+002,8.485369e-005,0.000000e+000;...
2.586000e+000,1.817362e+003,1.815979e+003,1.377711e+000,...
 1.306333e-002,0.000000e+000,0.000000e+000,...
 1.808640e+003,1.811968e+003,8.461584e-005,0.000000e+000,...
 1.815896e+003,1.815896e+003,8.485369e-005,0.000000e+000;...
2.698000e+000,1.829667e+003,1.826583e+003,3.073842e+000,...
 1.368489e-002,0.000000e+000,0.000000e+000,...
 1.820425e+003,1.823635e+003,9.221611e-005,0.000000e+000,...
 1.826492e+003,1.826492e+003,9.320311e-005,0.000000e+000;...
2.698000e+000,2.557395e+003,2.554312e+003,3.073842e+000,...
 1.368489e-002,0.000000e+000,0.000000e+000,...
 2.546705e+003,2.551196e+003,9.222305e-005,0.000000e+000,...
 2.531847e+003,2.531847e+003,9.320311e-005,0.000000e+000;...
2.800000e+000,2.378157e+003,2.373489e+003,4.641165e+000,...
 1.425114e-002,0.000000e+000,0.000000e+000,...
 2.369495e+003,2.373521e+003,9.943308e-005,0.000000e+000,...
 2.352446e+003,2.352446e+003,1.008369e-004,0.000000e+000;...
3.166900e+000,1.782177e+003,1.777077e+003,5.093582e+000,...
 1.630920e-002,0.000000e+000,0.000000e+000,...
 1.770803e+003,1.773463e+003,1.276776e-004,0.000000e+000,...
 1.762809e+003,1.762809e+003,1.286422e-004,0.000000e+000;...
3.166900e+000,2.057921e+003,2.052821e+003,5.093582e+000,...
 1.630920e-002,0.000000e+000,0.000000e+000,...
 2.045972e+003,2.049045e+003,1.276858e-004,0.000000e+000,...
 2.036525e+003,2.036525e+003,1.286422e-004,0.000000e+000;...
3.200000e+000,2.003631e+003,1.998012e+003,5.594698e+000,...
 1.649478e-002,0.000000e+000,0.000000e+000,...
 1.995265e+003,1.998231e+003,1.304019e-004,0.000000e+000,...
 1.982341e+003,1.982341e+003,1.311686e-004,0.000000e+000;...
3.500000e+000,1.607175e+003,1.600893e+003,6.275053e+000,...
 1.808371e-002,0.000000e+000,0.000000e+000,...
 1.600209e+003,1.602383e+003,1.554650e-004,0.000000e+000,...
 1.589529e+003,1.589529e+003,1.573231e-004,0.000000e+000;...
3.692700e+000,1.414970e+003,1.408832e+003,6.125784e+000,...
 1.906606e-002,0.000000e+000,0.000000e+000,...
 1.402298e+003,1.404104e+003,1.723440e-004,0.000000e+000,...
 1.399421e+003,1.399421e+003,1.751853e-004,0.000000e+000;...
3.692700e+000,1.498999e+003,1.492861e+003,6.125784e+000,...
 1.906606e-002,0.000000e+000,0.000000e+000,...
 1.486123e+003,1.488037e+003,1.723529e-004,0.000000e+000,...
 1.481854e+003,1.481854e+003,1.751853e-004,0.000000e+000;...
3.973900e+000,1.254319e+003,1.247778e+003,6.510483e+000,...
 2.049968e-002,0.000000e+000,0.000000e+000,...
 1.243820e+003,1.245308e+003,1.984694e-004,0.000000e+000,...
 1.239182e+003,1.239182e+003,2.012335e-004,0.000000e+000;...
3.973900e+000,1.309848e+003,1.303307e+003,6.510483e+000,...
 2.049968e-002,0.000000e+000,0.000000e+000,...
 1.299220e+003,1.300774e+003,1.984790e-004,0.000000e+000,...
 1.294199e+003,1.294199e+003,2.012335e-004,0.000000e+000;...
4.000000e+000,1.286651e+003,1.280081e+003,6.526332e+000,...
 2.063281e-002,0.000000e+000,0.000000e+000,...
 1.278583e+003,1.280103e+003,2.009839e-004,0.000000e+000,...
 1.271186e+003,1.271186e+003,2.036550e-004,0.000000e+000;...
4.500000e+000,9.693539e+002,9.624956e+002,6.818530e+000,...
 2.311678e-002,0.000000e+000,0.000000e+000,...
 9.614791e+002,9.624947e+002,2.511730e-004,0.000000e+000,...
 9.564881e+002,9.564881e+002,2.544373e-004,0.000000e+000;...
5.000000e+000,7.560551e+002,7.493986e+002,6.617104e+000,...
 2.542958e-002,0.000000e+000,0.000000e+000,...
 7.487129e+002,7.494245e+002,3.051391e-004,0.000000e+000,...
 7.451523e+002,7.451523e+002,3.161793e-004,0.000000e+000;...
5.500000e+000,5.986889e+002,5.923205e+002,6.322888e+000,...
 2.772048e-002,0.000000e+000,0.000000e+000,...
 5.920900e+002,5.926014e+002,3.637480e-004,0.000000e+000,...
 5.892536e+002,5.892536e+002,3.770111e-004,0.000000e+000;...
6.300000e+000,4.277502e+002,4.219581e+002,5.757223e+000,...
 3.134645e-002,0.000000e+000,0.000000e+000,...
 4.222889e+002,4.226070e+002,4.670417e-004,0.000000e+000,...
 4.200234e+002,4.200234e+002,4.727706e-004,0.000000e+000;...
7.000000e+000,3.286795e+002,3.233773e+002,5.258123e+000,...
 3.433182e-002,0.000000e+000,0.000000e+000,...
 3.237262e+002,3.239454e+002,5.639113e-004,0.000000e+000,...
 3.220478e+002,3.220478e+002,5.723080e-004,0.000000e+000;...
8.000000e+000,2.362885e+002,2.316462e+002,4.603415e+000,...
 3.836323e-002,0.000000e+000,0.000000e+000,...
 2.315090e+002,2.316459e+002,7.146748e-004,0.000000e+000,...
 2.308018e+002,2.308018e+002,7.288011e-004,0.000000e+000;...
9.000000e+000,1.750508e+002,1.709963e+002,4.010951e+000,...
 4.231108e-002,0.000000e+000,0.000000e+000,...
 1.712773e+002,1.713668e+002,8.801453e-004,0.000000e+000,...
 1.704342e+002,1.704342e+002,8.803507e-004,0.000000e+000;...
1.000000e+001,1.343938e+002,1.308840e+002,3.464016e+000,...
 4.586702e-002,0.000000e+000,0.000000e+000,...
 1.308240e+002,1.308851e+002,1.052949e-003,0.000000e+000,...
 1.304914e+002,1.304914e+002,1.051400e-003,0.000000e+000;...
1.100000e+001,1.046005e+002,1.016152e+002,2.934659e+000,...
 4.893020e-002,0.000000e+000,0.000000e+000,...
 1.019081e+002,1.019509e+002,1.213830e-003,0.000000e+000,...
 1.013365e+002,1.013365e+002,1.242900e-003,0.000000e+000;...
1.250000e+001,7.486781e+001,7.272388e+001,2.089965e+000,...
 5.336503e-002,0.000000e+000,0.000000e+000,...
 7.289746e+001,7.292371e+001,1.468855e-003,0.000000e+000,...
 7.254992e+001,7.254910e+001,1.514230e-003,0.000000e+000;...
1.329200e+001,6.386572e+001,6.257187e+001,1.238067e+000,...
 5.563289e-002,0.000000e+000,0.000000e+000,...
 6.205690e+001,6.207747e+001,1.609835e-003,0.000000e+000,...
