function zr =z84(flag,e)

za = [

9.716400e-001,6.037604e+003,6.034146e+003,3.598532e+000,...
 3.328549e-003,0.000000e+000,0.000000e+000,...
 5.681124e+003,5.708236e+003,9.320088e-006,0.000000e+000,...
 6.033779e+003,6.033779e+003,8.659424e-006,0.000000e+000;...
1.000000e+000,5.712298e+003,5.708265e+003,3.807431e+000,...
 3.490481e-003,0.000000e+000,0.000000e+000,...
 5.681124e+003,5.708236e+003,9.320088e-006,0.000000e+000,...
 5.708047e+003,5.708047e+003,9.313948e-006,0.000000e+000;...
1.100000e+000,4.763466e+003,4.759433e+003,4.051482e+000,...
 4.077126e-003,0.000000e+000,0.000000e+000,...
 4.740131e+003,4.760688e+003,1.189655e-005,0.000000e+000,...
 4.759364e+003,4.759364e+003,1.196547e-005,0.000000e+000;...
1.250000e+000,3.737125e+003,3.732803e+003,4.239635e+000,...
 4.977551e-003,0.000000e+000,0.000000e+000,...
 3.719559e+003,3.733747e+003,1.636825e-005,0.000000e+000,...
 3.732790e+003,3.732790e+003,1.666094e-005,0.000000e+000;...
1.400000e+000,2.975293e+003,2.970971e+003,4.289482e+000,...
 5.912265e-003,0.000000e+000,0.000000e+000,...
 2.962387e+003,2.972471e+003,2.160810e-005,0.000000e+000,...
 2.970647e+003,2.970647e+003,2.198805e-005,0.000000e+000;...
1.600000e+000,2.253512e+003,2.249277e+003,4.228109e+000,...
 7.184962e-003,0.000000e+000,0.000000e+000,...
 2.243330e+003,2.250009e+003,2.975053e-005,0.000000e+000,...
 2.249128e+003,2.249128e+003,3.019850e-005,0.000000e+000;...
1.800000e+000,1.756679e+003,1.752617e+003,4.053787e+000,...
 8.453050e-003,0.000000e+000,0.000000e+000,...
 1.750053e+003,1.754683e+003,3.903487e-005,0.000000e+000,...
 1.752504e+003,1.752504e+003,3.964414e-005,0.000000e+000;...
2.000000e+000,1.414806e+003,1.411031e+003,3.763922e+000,...
 9.717390e-003,0.000000e+000,0.000000e+000,...
 1.407672e+003,1.411023e+003,4.943237e-005,0.000000e+000,...
 1.410944e+003,1.410944e+003,5.035998e-005,0.000000e+000;...
2.200000e+000,1.143958e+003,1.140558e+003,3.381277e+000,...
 1.093851e-002,0.000000e+000,0.000000e+000,...
 1.141195e+003,1.143664e+003,6.097230e-005,0.000000e+000,...
 1.140509e+003,1.140509e+003,6.248537e-005,0.000000e+000;...
2.500000e+000,8.649846e+002,8.625931e+002,2.391155e+000,...
 1.282033e-002,0.000000e+000,0.000000e+000,...
 8.610236e+002,8.626624e+002,8.051926e-005,0.000000e+000,...
 8.625322e+002,8.625322e+002,8.138627e-005,0.000000e+000;...
2.685100e+000,7.392708e+002,7.378013e+002,1.452926e+000,...
 1.393196e-002,0.000000e+000,0.000000e+000,...
 7.312731e+002,7.325688e+002,9.352495e-005,0.000000e+000,...
 7.377783e+002,7.377783e+002,9.466884e-005,0.000000e+000;...
2.685100e+000,2.149611e+003,2.148141e+003,1.452926e+000,...
 1.393196e-002,0.000000e+000,0.000000e+000,...
 2.138698e+003,2.142488e+003,9.353203e-005,0.000000e+000,...
 2.148041e+003,2.148041e+003,9.466884e-005,0.000000e+000;...
2.800000e+000,1.766390e+003,1.763162e+003,3.201480e+000,...
 1.458977e-002,0.000000e+000,0.000000e+000,...
 1.760197e+003,1.763188e+003,1.018595e-004,0.000000e+000,...
 1.763106e+003,1.763106e+003,1.035446e-004,0.000000e+000;...
2.803500e+000,1.760339e+003,1.757054e+003,3.295701e+000,...
 1.461023e-002,0.000000e+000,0.000000e+000,...
 1.753721e+003,1.756697e+003,1.021191e-004,0.000000e+000,...
 1.756962e+003,1.756962e+003,1.038172e-004,0.000000e+000;...
2.803500e+000,2.678023e+003,2.674739e+003,3.295701e+000,...
 1.461023e-002,0.000000e+000,0.000000e+000,...
 2.669518e+003,2.674048e+003,1.021265e-004,0.000000e+000,...
 2.645337e+003,2.645337e+003,1.038172e-004,0.000000e+000;...
3.200000e+000,1.822346e+003,1.817159e+003,5.174348e+000,...
 1.690696e-002,0.000000e+000,0.000000e+000,...
 1.814657e+003,1.817355e+003,1.337051e-004,0.000000e+000,...
 1.801569e+003,1.801569e+003,1.348847e-004,0.000000e+000;...
3.281500e+000,1.714266e+003,1.709051e+003,5.195382e+000,...
 1.738296e-002,0.000000e+000,0.000000e+000,...
 1.704831e+003,1.707302e+003,1.407343e-004,0.000000e+000,...
 1.694766e+003,1.694766e+003,1.413471e-004,0.000000e+000;...
3.281500e+000,1.979322e+003,1.974107e+003,5.195382e+000,...
 1.738296e-002,0.000000e+000,0.000000e+000,...
 1.969380e+003,1.972234e+003,1.407428e-004,0.000000e+000,...
 1.957717e+003,1.957717e+003,1.413471e-004,0.000000e+000;...
3.500000e+000,1.688276e+003,1.681937e+003,6.328621e+000,...
 1.853810e-002,0.000000e+000,0.000000e+000,...
 1.681262e+003,1.683546e+003,1.593960e-004,0.000000e+000,...
 1.668946e+003,1.668946e+003,1.615972e-004,0.000000e+000;...
3.840200e+000,1.353519e+003,1.347238e+003,6.250537e+000,...
 2.031129e-002,0.000000e+000,0.000000e+000,...
 1.336890e+003,1.338545e+003,1.904448e-004,0.000000e+000,...
 1.337835e+003,1.337835e+003,1.936120e-004,0.000000e+000;...
3.840200e+000,1.433592e+003,1.427311e+003,6.250537e+000,...
 2.031129e-002,0.000000e+000,0.000000e+000,...
 1.416778e+003,1.418533e+003,1.904543e-004,0.000000e+000,...
 1.416319e+003,1.416319e+003,1.936120e-004,0.000000e+000;...
4.000000e+000,1.293702e+003,1.287162e+003,6.496893e+000,...
 2.114429e-002,0.000000e+000,0.000000e+000,...
 1.285648e+003,1.287176e+003,2.059397e-004,0.000000e+000,...
 1.277602e+003,1.277602e+003,2.086346e-004,0.000000e+000;...
4.127600e+000,1.205158e+003,1.198589e+003,6.524842e+000,...
 2.180816e-002,0.000000e+000,0.000000e+000,...
 1.191028e+003,1.192400e+003,2.187284e-004,0.000000e+000,...
 1.189964e+003,1.189964e+003,2.206153e-004,0.000000e+000;...
4.127600e+000,1.257224e+003,1.250655e+003,6.524842e+000,...
 2.180816e-002,0.000000e+000,0.000000e+000,...
 1.242953e+003,1.244385e+003,2.187386e-004,0.000000e+000,...
 1.241512e+003,1.241512e+003,2.206153e-004,0.000000e+000;...
4.500000e+000,1.014729e+003,1.007814e+003,6.904606e+000,...
 2.367067e-002,0.000000e+000,0.000000e+000,...
 1.007658e+003,1.008722e+003,2.573431e-004,0.000000e+000,...
 1.000978e+003,1.000978e+003,2.601336e-004,0.000000e+000;...
5.000000e+000,7.874472e+002,7.807048e+002,6.735470e+000,...
 2.598757e-002,0.000000e+000,0.000000e+000,...
 7.799406e+002,7.806818e+002,3.117330e-004,0.000000e+000,...
 7.758584e+002,7.758584e+002,3.224893e-004,0.000000e+000;...
5.500000e+000,6.244198e+002,6.179367e+002,6.441571e+000,...
 2.827826e-002,0.000000e+000,0.000000e+000,...
 6.183784e+002,6.189125e+002,3.707747e-004,0.000000e+000,...
 6.144557e+002,6.144557e+002,3.837495e-004,0.000000e+000;...
6.300000e+000,4.478500e+002,4.419144e+002,5.909096e+000,...
 3.189667e-002,0.000000e+000,0.000000e+000,...
 4.425493e+002,4.428827e+002,4.736198e-004,0.000000e+000,...
 4.397268e+002,4.397268e+002,4.798863e-004,0.000000e+000;...
7.000000e+000,3.439769e+002,3.385311e+002,5.405434e+000,...
 3.484718e-002,0.000000e+000,0.000000e+000,...
 3.396374e+002,3.398674e+002,5.708481e-004,0.000000e+000,...
 3.370019e+002,3.370019e+002,5.833844e-004,0.000000e+000;...
8.000000e+000,2.477855e+002,2.430054e+002,4.741856e+000,...
 3.878888e-002,0.000000e+000,0.000000e+000,...
 2.428598e+002,2.430034e+002,7.215698e-004,0.000000e+000,...
 2.420332e+002,2.420332e+002,7.485247e-004,0.000000e+000;...
9.000000e+000,1.836637e+002,1.794713e+002,4.151177e+000,...
 4.263550e-002,0.000000e+000,0.000000e+000,...
 1.797717e+002,1.798657e+002,8.853126e-004,0.000000e+000,...
 1.788269e+002,1.788269e+002,9.075108e-004,0.000000e+000;...
1.000000e+001,1.410916e+002,1.374438e+002,3.601125e+000,...
 4.640144e-002,0.000000e+000,0.000000e+000,...
 1.373785e+002,1.374427e+002,1.063031e-003,0.000000e+000,...
 1.369957e+002,1.369957e+002,1.061470e-003,0.000000e+000;...
1.100000e+001,1.098865e+002,1.067429e+002,3.093141e+000,...
 4.949314e-002,0.000000e+000,0.000000e+000,...
 1.071003e+002,1.071454e+002,1.225400e-003,0.000000e+000,...
 1.064280e+002,1.064280e+002,1.255170e-003,0.000000e+000;...
1.250000e+001,7.878794e+001,7.643387e+001,2.301142e+000,...
 5.396789e-002,0.000000e+000,0.000000e+000,...
 7.669456e+001,7.672223e+001,1.482775e-003,0.000000e+000,...
 7.623176e+001,7.623005e+001,1.529614e-003,0.000000e+000;...
1.381700e+001,6.065265e+001,5.934451e+001,1.251029e+000,...
 5.753790e-002,0.000000e+000,0.000000e+000,...
 5.904097e+001,5.905955e+001,1.715356e-003,0.000000e+000,...
