function zr =z85(flag,e)

za = [8.906500e-001,7.182579e+003,7.179138e+003,3.447191e+000,...
 2.811148e-003,0.000000e+000,0.000000e+000,...
 5.816464e+003,5.844223e+003,9.205001e-006,0.000000e+000,...
 7.178777e+003,7.178777e+003,6.828846e-006,0.000000e+000;...
1.000000e+000,5.847979e+003,5.844251e+003,3.687786e+000,...
 3.440308e-003,0.000000e+000,0.000000e+000,...
 5.816464e+003,5.844223e+003,9.205001e-006,0.000000e+000,...
 5.843889e+003,5.843889e+003,9.217556e-006,0.000000e+000;...
1.021400e+000,5.638068e+003,5.634340e+003,3.768366e+000,...
 3.566198e-003,0.000000e+000,0.000000e+000,...
 5.595552e+003,5.621694e+003,9.724087e-006,0.000000e+000,...
 5.634315e+003,5.634315e+003,9.772209e-006,0.000000e+000;...
1.021400e+000,5.757075e+003,5.753347e+003,3.768366e+000,...
 3.566198e-003,0.000000e+000,0.000000e+000,...
 5.713380e+003,5.740070e+003,9.726555e-006,0.000000e+000,...
 5.752671e+003,5.752671e+003,9.772209e-006,0.000000e+000;...
1.100000e+000,4.976790e+003,4.972775e+003,4.140299e+000,...
 4.029321e-003,0.000000e+000,0.000000e+000,...
 4.951420e+003,4.972892e+003,1.178339e-005,0.000000e+000,...
 4.972323e+003,4.972323e+003,1.186061e-005,0.000000e+000;...
1.250000e+000,3.895689e+003,3.891388e+003,4.337593e+000,...
 4.937790e-003,0.000000e+000,0.000000e+000,...
 3.876658e+003,3.891444e+003,1.626051e-005,0.000000e+000,...
 3.890933e+003,3.890933e+003,1.657422e-005,0.000000e+000;...
1.400000e+000,3.117412e+003,3.112824e+003,4.415306e+000,...
 5.885258e-003,0.000000e+000,0.000000e+000,...
 3.103895e+003,3.114461e+003,2.155204e-005,0.000000e+000,...
 3.112619e+003,3.112619e+003,2.195397e-005,0.000000e+000;...
1.600000e+000,2.371395e+003,2.367008e+003,4.381754e+000,...
 7.180572e-003,0.000000e+000,0.000000e+000,...
 2.363651e+003,2.370688e+003,2.978300e-005,0.000000e+000,...
 2.366875e+003,2.366875e+003,3.027708e-005,0.000000e+000;...
1.800000e+000,1.851721e+003,1.847477e+003,4.224321e+000,...
 8.476172e-003,0.000000e+000,0.000000e+000,...
 1.845099e+003,1.849980e+003,3.923174e-005,0.000000e+000,...
 1.847346e+003,1.847346e+003,3.988272e-005,0.000000e+000;...
2.000000e+000,1.484836e+003,1.480821e+003,3.987454e+000,...
 9.781808e-003,0.000000e+000,0.000000e+000,...
 1.477316e+003,1.480832e+003,4.995799e-005,0.000000e+000,...
 1.480722e+003,1.480722e+003,5.065000e-005,0.000000e+000;...
2.200000e+000,1.199649e+003,1.196007e+003,3.639896e+000,...
 1.106078e-002,0.000000e+000,0.000000e+000,...
 1.196078e+003,1.198666e+003,6.174288e-005,0.000000e+000,...
 1.195960e+003,1.195960e+003,6.266667e-005,0.000000e+000;...
2.500000e+000,9.031634e+002,9.003244e+002,2.821873e+000,...
 1.294883e-002,0.000000e+000,0.000000e+000,...
 8.998646e+002,9.015773e+002,8.143365e-005,0.000000e+000,...
 9.002667e+002,9.002667e+002,8.289779e-005,0.000000e+000;...
2.786200e+000,7.107734e+002,7.091962e+002,1.567739e+000,...
 1.469752e-002,0.000000e+000,0.000000e+000,...
 7.070912e+002,7.082986e+002,1.022583e-004,0.000000e+000,...
 7.091698e+002,7.091698e+002,1.042599e-004,0.000000e+000;...
2.786200e+000,2.336611e+003,2.335034e+003,1.567739e+000,...
 1.469752e-002,0.000000e+000,0.000000e+000,...
 2.329391e+003,2.333368e+003,1.022660e-004,0.000000e+000,...
 2.334920e+003,2.334920e+003,1.042599e-004,0.000000e+000;...
2.800000e+000,2.222594e+003,2.220471e+003,2.084688e+000,...
 1.478183e-002,0.000000e+000,0.000000e+000,...
 2.217239e+003,2.221006e+003,1.033252e-004,0.000000e+000,...
 2.220397e+003,2.220397e+003,1.053056e-004,0.000000e+000;...
2.911400e+000,1.676996e+003,1.673440e+003,3.536661e+000,...
 1.547407e-002,0.000000e+000,0.000000e+000,...
 1.666344e+003,1.669067e+003,1.121511e-004,0.000000e+000,...
 1.673384e+003,1.673384e+003,1.137940e-004,0.000000e+000;...
2.911400e+000,2.749809e+003,2.746253e+003,3.536661e+000,...
 1.547407e-002,0.000000e+000,0.000000e+000,...
 2.736799e+003,2.741271e+003,1.121592e-004,0.000000e+000,...
 2.710494e+003,2.710494e+003,1.137940e-004,0.000000e+000;...
3.200000e+000,1.799703e+003,1.794598e+003,5.098665e+000,...
 1.717516e-002,0.000000e+000,0.000000e+000,...
 1.791939e+003,1.794603e+003,1.359765e-004,0.000000e+000,...
 1.780243e+003,1.780243e+003,1.376840e-004,0.000000e+000;...
3.398500e+000,1.626210e+003,1.621135e+003,5.082319e+000,...
 1.828694e-002,0.000000e+000,0.000000e+000,...
 1.621627e+003,1.623896e+003,1.531316e-004,0.000000e+000,...
 1.607212e+003,1.607212e+003,1.553561e-004,0.000000e+000;...
3.398500e+000,1.880914e+003,1.875838e+003,5.082319e+000,...
 1.828694e-002,0.000000e+000,0.000000e+000,...
 1.875904e+003,1.878529e+003,1.531405e-004,0.000000e+000,...
 1.859873e+003,1.859873e+003,1.553561e-004,0.000000e+000;...
3.500000e+000,1.776589e+003,1.770481e+003,6.080258e+000,...
 1.885560e-002,0.000000e+000,0.000000e+000,...
 1.768238e+003,1.770640e+003,1.622920e-004,0.000000e+000,...
 1.755429e+003,1.755429e+003,1.644095e-004,0.000000e+000;...
3.991800e+000,1.277362e+003,1.271139e+003,6.193530e+000,...
 2.152967e-002,0.000000e+000,0.000000e+000,...
 1.268624e+003,1.270135e+003,2.094843e-004,0.000000e+000,...
 1.261892e+003,1.261892e+003,2.104453e-004,0.000000e+000;...
3.991800e+000,1.354501e+003,1.348279e+003,6.193530e+000,...
 2.152967e-002,0.000000e+000,0.000000e+000,...
 1.345614e+003,1.347217e+003,2.094942e-004,0.000000e+000,...
 1.337408e+003,1.337408e+003,2.104453e-004,0.000000e+000;...
4.000000e+000,1.346443e+003,1.340220e+003,6.220486e+000,...
 2.157183e-002,0.000000e+000,0.000000e+000,...
 1.338637e+003,1.340229e+003,2.102978e-004,0.000000e+000,...
 1.329417e+003,1.329417e+003,2.112611e-004,0.000000e+000;...
4.285500e+000,1.152476e+003,1.145852e+003,6.590984e+000,...
 2.304120e-002,0.000000e+000,0.000000e+000,...
 1.131832e+003,1.133088e+003,2.395430e-004,0.000000e+000,...
 1.137194e+003,1.137194e+003,2.396142e-004,0.000000e+000;...
4.285500e+000,1.201885e+003,1.195261e+003,6.590984e+000,...
 2.304120e-002,0.000000e+000,0.000000e+000,...
 1.181122e+003,1.182433e+003,2.395534e-004,0.000000e+000,...
 1.186093e+003,1.186093e+003,2.396142e-004,0.000000e+000;...
4.500000e+000,1.057528e+003,1.050646e+003,6.874308e+000,...
 2.407929e-002,0.000000e+000,0.000000e+000,...
 1.050359e+003,1.051468e+003,2.619963e-004,0.000000e+000,...
 1.042938e+003,1.042938e+003,2.648395e-004,0.000000e+000;...
5.000000e+000,8.224106e+002,8.155569e+002,6.818102e+000,...
 2.639950e-002,0.000000e+000,0.000000e+000,...
 8.147711e+002,8.155455e+002,3.168995e-004,0.000000e+000,...
 8.101334e+002,8.101334e+002,3.275333e-004,0.000000e+000;...
5.500000e+000,6.513845e+002,6.447889e+002,6.566896e+000,...
 2.869074e-002,0.000000e+000,0.000000e+000,...
 6.452724e+002,6.458298e+002,3.763792e-004,0.000000e+000,...
 6.408889e+002,6.408889e+002,3.890101e-004,0.000000e+000;...
6.300000e+000,4.667945e+002,4.607151e+002,6.037530e+000,...
 3.230110e-002,0.000000e+000,0.000000e+000,...
 4.614516e+002,4.617993e+002,4.807615e-004,0.000000e+000,...
 4.582540e+002,4.582540e+002,4.852381e-004,0.000000e+000;...
7.000000e+000,3.586845e+002,3.530926e+002,5.541429e+000,...
 3.524330e-002,0.000000e+000,0.000000e+000,...
 3.542976e+002,3.545375e+002,5.790386e-004,0.000000e+000,...
 3.513809e+002,3.513809e+002,5.889683e-004,0.000000e+000;...
8.000000e+000,2.585407e+002,2.536170e+002,4.886459e+000,...
 3.917197e-002,0.000000e+000,0.000000e+000,...
 2.534671e+002,2.536170e+002,7.289051e-004,0.000000e+000,...
 2.525278e+002,2.525278e+002,7.544999e-004,0.000000e+000;...
9.000000e+000,1.917161e+002,1.873860e+002,4.287696e+000,...
 4.299740e-002,0.000000e+000,0.000000e+000,...
 1.877280e+002,1.878262e+002,8.929846e-004,0.000000e+000,...
 1.866667e+002,1.866667e+002,9.134445e-004,0.000000e+000;...
1.000000e+001,1.473566e+002,1.435770e+002,3.732234e+000,...
 4.673394e-002,0.000000e+000,0.000000e+000,...
 1.435116e+002,1.435788e+002,1.070821e-003,0.000000e+000,...
 1.430778e+002,1.430778e+002,1.067022e-003,0.000000e+000;...
1.100000e+001,1.153193e+002,1.120416e+002,3.228103e+000,...
 4.984819e-002,0.000000e+000,0.000000e+000,...
 1.122961e+002,1.123433e+002,1.234334e-003,0.000000e+000,...
