function zr =z86(flag,e)

za = [

9.385100e-001,6.504352e+003,6.500825e+003,3.452097e+000,...
 2.861557e-003,0.000000e+000,0.000000e+000,...
 5.763855e+003,5.791363e+003,8.559504e-006,0.000000e+000,...
 6.500431e+003,6.500431e+003,7.320979e-006,0.000000e+000;...
1.000000e+000,5.790115e+003,5.786317e+003,3.630859e+000,...
 3.195210e-003,0.000000e+000,0.000000e+000,...
 5.763855e+003,5.791363e+003,8.559504e-006,0.000000e+000,...
 5.786022e+003,5.786022e+003,8.570091e-006,0.000000e+000;...
1.072700e+000,5.120366e+003,5.116840e+003,3.732312e+000,...
 3.596951e-003,0.000000e+000,0.000000e+000,...
 5.084677e+003,5.107291e+003,1.027614e-005,0.000000e+000,...
 5.116230e+003,5.116230e+003,1.036851e-005,0.000000e+000;...
1.072700e+000,5.227786e+003,5.224260e+003,3.732312e+000,...
 3.596951e-003,0.000000e+000,0.000000e+000,...
 5.190890e+003,5.213975e+003,1.027863e-005,0.000000e+000,...
 5.223633e+003,5.223633e+003,1.036851e-005,0.000000e+000;...
1.100000e+000,4.979038e+003,4.974969e+003,3.905106e+000,...
 3.747774e-003,0.000000e+000,0.000000e+000,...
 4.955604e+003,4.977094e+003,1.097127e-005,0.000000e+000,...
 4.974587e+003,4.974587e+003,1.106045e-005,0.000000e+000;...
1.250000e+000,3.905649e+003,3.901580e+003,4.221399e+000,...
 4.602795e-003,0.000000e+000,0.000000e+000,...
 3.887564e+003,3.902392e+003,1.517521e-005,0.000000e+000,...
 3.901172e+003,3.901172e+003,1.550092e-005,0.000000e+000;...
1.400000e+000,3.108949e+003,3.104608e+003,4.306034e+000,...
 5.496337e-003,0.000000e+000,0.000000e+000,...
 3.100193e+003,3.110747e+003,2.013735e-005,0.000000e+000,...
 3.104317e+003,3.104317e+003,2.057407e-005,0.000000e+000;...
1.600000e+000,2.360018e+003,2.355705e+003,4.302507e+000,...
 6.722718e-003,0.000000e+000,0.000000e+000,...
 2.353830e+003,2.360838e+003,2.788879e-005,0.000000e+000,...
 2.355537e+003,2.355537e+003,2.843461e-005,0.000000e+000;...
1.800000e+000,1.839002e+003,1.834825e+003,4.163620e+000,...
 7.955339e-003,0.000000e+000,0.000000e+000,...
 1.837893e+003,1.842756e+003,3.674064e-005,0.000000e+000,...
 1.834704e+003,1.834704e+003,3.752427e-005,0.000000e+000;...
2.000000e+000,1.480365e+003,1.476378e+003,3.979704e+000,...
 9.193656e-003,0.000000e+000,0.000000e+000,...
 1.472861e+003,1.476367e+003,4.691205e-005,0.000000e+000,...
 1.476259e+003,1.476259e+003,4.791675e-005,0.000000e+000;...
2.200000e+000,1.198523e+003,1.194833e+003,3.676974e+000,...
 1.039969e-002,0.000000e+000,0.000000e+000,...
 1.194715e+003,1.197300e+003,5.802039e-005,0.000000e+000,...
 1.194759e+003,1.194759e+003,5.976362e-005,0.000000e+000;...
2.500000e+000,9.042562e+002,9.012723e+002,2.974673e+000,...
 1.226924e-002,0.000000e+000,0.000000e+000,...
 9.008538e+002,9.025684e+002,7.706504e-005,0.000000e+000,...
 9.012127e+002,9.012127e+002,7.838437e-005,0.000000e+000;...
2.800000e+000,7.009986e+002,6.993439e+002,1.629967e+000,...
 1.404656e-002,0.000000e+000,0.000000e+000,...
 6.984602e+002,6.996469e+002,9.807947e-005,0.000000e+000,...
 6.993100e+002,6.993100e+002,1.003561e-004,0.000000e+000;...
2.889300e+000,6.572981e+002,6.557519e+002,1.529382e+000,...
 1.457037e-002,0.000000e+000,0.000000e+000,...
 6.500269e+002,6.510970e+002,1.047226e-004,0.000000e+000,...
 6.557134e+002,6.557134e+002,1.073066e-004,0.000000e+000;...
2.889300e+000,2.238899e+003,2.237353e+003,1.529382e+000,...
 1.457037e-002,0.000000e+000,0.000000e+000,...
 2.228166e+003,2.231834e+003,1.047301e-004,0.000000e+000,...
 2.237265e+003,2.237265e+003,1.073066e-004,0.000000e+000;...
3.021600e+000,1.524120e+003,1.520838e+003,3.255160e+000,...
 1.534672e-002,0.000000e+000,0.000000e+000,...
 1.510368e+003,1.512746e+003,1.149821e-004,0.000000e+000,...
 1.520774e+003,1.520774e+003,1.176660e-004,0.000000e+000;...
3.021600e+000,2.456072e+003,2.452790e+003,3.255160e+000,...
 1.534672e-002,0.000000e+000,0.000000e+000,...
 2.440624e+003,2.444466e+003,1.149901e-004,0.000000e+000,...
 2.420462e+003,2.420462e+003,1.176660e-004,0.000000e+000;...
3.200000e+000,2.026391e+003,2.020939e+003,5.440728e+000,...
 1.639353e-002,0.000000e+000,0.000000e+000,...
 2.018607e+003,2.021607e+003,1.296091e-004,0.000000e+000,...
 1.997752e+003,1.997752e+003,1.317157e-004,0.000000e+000;...
3.500000e+000,1.517447e+003,1.512456e+003,4.965203e+000,...
 1.803982e-002,0.000000e+000,0.000000e+000,...
 1.510458e+003,1.512511e+003,1.550284e-004,0.000000e+000,...
 1.498664e+003,1.498664e+003,1.581266e-004,0.000000e+000;...
3.517900e+000,1.496804e+003,1.491704e+003,5.077778e+000,...
 1.813395e-002,0.000000e+000,0.000000e+000,...
 1.489194e+003,1.491208e+003,1.565769e-004,0.000000e+000,...
 1.478213e+003,1.478213e+003,1.597848e-004,0.000000e+000;...
3.517900e+000,1.729819e+003,1.724719e+003,5.077778e+000,...
 1.813395e-002,0.000000e+000,0.000000e+000,...
 1.721757e+003,1.724084e+003,1.565856e-004,0.000000e+000,...
 1.709303e+003,1.709303e+003,1.597848e-004,0.000000e+000;...
4.000000e+000,1.256953e+003,1.250876e+003,6.051613e+000,...
 2.066647e-002,0.000000e+000,0.000000e+000,...
 1.250326e+003,1.251812e+003,2.010958e-004,0.000000e+000,...
 1.241161e+003,1.241161e+003,2.044681e-004,0.000000e+000;...
4.147600e+000,1.162662e+003,1.156694e+003,5.952059e+000,...
 2.144337e-002,0.000000e+000,0.000000e+000,...
 1.142553e+003,1.143863e+003,2.158065e-004,0.000000e+000,...
 1.148078e+003,1.148078e+003,2.181799e-004,0.000000e+000;...
4.147600e+000,1.231834e+003,1.225866e+003,5.952059e+000,...
 2.144337e-002,0.000000e+000,0.000000e+000,...
 1.211583e+003,1.212972e+003,2.158167e-004,0.000000e+000,...
 1.215701e+003,1.215701e+003,2.181799e-004,0.000000e+000;...
4.447700e+000,1.035765e+003,1.029634e+003,6.117259e+000,...
 2.291225e-002,0.000000e+000,0.000000e+000,...
 1.023224e+003,1.024317e+003,2.460816e-004,0.000000e+000,...
 1.021603e+003,1.021603e+003,2.493754e-004,0.000000e+000;...
4.447700e+000,1.080360e+003,1.074230e+003,6.117259e+000,...
 2.291225e-002,0.000000e+000,0.000000e+000,...
 1.067725e+003,1.068866e+003,2.460917e-004,0.000000e+000,...
 1.065738e+003,1.065738e+003,2.493754e-004,0.000000e+000;...
4.500000e+000,1.045828e+003,1.039481e+003,6.313382e+000,...
 2.315205e-002,0.000000e+000,0.000000e+000,...
 1.038477e+003,1.039574e+003,2.513724e-004,0.000000e+000,...
 1.031381e+003,1.031381e+003,2.552701e-004,0.000000e+000;...
5.000000e+000,8.137628e+002,8.072253e+002,6.509777e+000,...
 2.542605e-002,0.000000e+000,0.000000e+000,...
 8.064426e+002,8.072090e+002,3.044949e-004,0.000000e+000,...
 8.014799e+002,8.014799e+002,3.110586e-004,0.000000e+000;...
5.500000e+000,6.444131e+002,6.380927e+002,6.307414e+000,...
 2.767428e-002,0.000000e+000,0.000000e+000,...
 6.385753e+002,6.391268e+002,3.616278e-004,0.000000e+000,...
 6.339531e+002,6.339531e+002,3.659161e-004,0.000000e+000;...
6.300000e+000,4.619343e+002,4.560479e+002,5.846538e+000,...
 3.102981e-002,0.000000e+000,0.000000e+000,...
 4.567196e+002,4.570637e+002,4.607718e-004,0.000000e+000,...
 4.534332e+002,4.534332e+002,4.708396e-004,0.000000e+000;...
7.000000e+000,3.551650e+002,3.497398e+002,5.391629e+000,...
 3.380755e-002,0.000000e+000,0.000000e+000,...
 3.508681e+002,3.511058e+002,5.536989e-004,0.000000e+000,...
 3.479225e+002,3.479225e+002,5.694171e-004,0.000000e+000;...
8.000000e+000,2.562163e+002,2.514041e+002,4.772878e+000,...
 3.768390e-002,0.000000e+000,0.000000e+000,...
 2.512539e+002,2.514025e+002,6.985362e-004,0.000000e+000,...
 2.502441e+002,2.502441e+002,7.054341e-004,0.000000e+000;...
9.000000e+000,1.901013e+002,1.858615e+002,4.197528e+000,...
 4.129441e-002,0.000000e+000,0.000000e+000,...
 1.862047e+002,1.863022e+002,8.535470e-004,0.000000e+000,...
 1.850977e+002,1.850977e+002,8.598379e-004,0.000000e+000;...
1.000000e+001,1.462136e+002,1.424919e+002,3.675618e+000,...
 4.472047e-002,0.000000e+000,0.000000e+000,...
 1.424261e+002,1.424927e+002,1.020700e-003,0.000000e+000,...
 1.419630e+002,1.419630e+002,1.019620e-003,0.000000e+000;...
1.100000e+001,1.140011e+002,1.107541e+002,3.198466e+000,...
 4.767995e-002,0.000000e+000,0.000000e+000,...
 1.112455e+002,1.112924e+002,1.176317e-003,0.000000e+000,...
