function zr =z87(flag,e)

za = [

9.926900e-001,6.154368e+003,6.150587e+003,3.592973e+000,...
 4.056374e-003,0.000000e+000,0.000000e+000,...
 6.035638e+003,6.064443e+003,1.055910e-005,0.000000e+000,...
 6.150157e+003,6.150157e+003,1.038592e-005,0.000000e+000;...
1.000000e+000,6.068223e+003,6.064442e+003,3.606206e+000,...
 4.096881e-003,0.000000e+000,0.000000e+000,...
 6.035638e+003,6.064443e+003,1.055910e-005,0.000000e+000,...
 6.064000e+003,6.064000e+003,1.054620e-005,0.000000e+000;...
1.100000e+000,5.076341e+003,5.072560e+003,3.771744e+000,...
 4.640485e-003,0.000000e+000,0.000000e+000,...
 5.054996e+003,5.076917e+003,1.308854e-005,0.000000e+000,...
 5.072182e+003,5.072182e+003,1.351673e-005,0.000000e+000;...
1.130300e+000,4.849501e+003,4.845721e+003,3.837906e+000,...
 4.811155e-003,0.000000e+000,0.000000e+000,...
 4.805782e+003,4.826062e+003,1.391495e-005,0.000000e+000,...
 4.845262e+003,4.845262e+003,1.445085e-005,0.000000e+000;...
1.130300e+000,4.951579e+003,4.947798e+003,3.837906e+000,...
 4.811155e-003,0.000000e+000,0.000000e+000,...
 4.906770e+003,4.927475e+003,1.391772e-005,0.000000e+000,...
 4.947359e+003,4.947359e+003,1.445085e-005,0.000000e+000;...
1.250000e+000,4.054753e+003,4.050703e+003,4.249998e+000,...
 5.484651e-003,0.000000e+000,0.000000e+000,...
 4.043245e+003,4.058667e+003,1.745744e-005,0.000000e+000,...
 4.050240e+003,4.050240e+003,1.820480e-005,0.000000e+000;...
1.400000e+000,3.248124e+003,3.243803e+003,4.375029e+000,...
 6.360414e-003,0.000000e+000,0.000000e+000,...
 3.232909e+003,3.243914e+003,2.253602e-005,0.000000e+000,...
 3.243429e+003,3.243429e+003,2.314143e-005,0.000000e+000;...
1.600000e+000,2.468930e+003,2.464529e+003,4.391772e+000,...
 7.541599e-003,0.000000e+000,0.000000e+000,...
 2.458747e+003,2.466068e+003,3.031029e-005,0.000000e+000,...
 2.464375e+003,2.464375e+003,3.109625e-005,0.000000e+000;...
1.800000e+000,1.929269e+003,1.925002e+003,4.270791e+000,...
 8.719273e-003,0.000000e+000,0.000000e+000,...
 1.920351e+003,1.925432e+003,3.918531e-005,0.000000e+000,...
 1.924889e+003,1.924889e+003,4.075445e-005,0.000000e+000;...
2.000000e+000,1.548530e+003,1.544452e+003,4.073657e+000,...
 9.928002e-003,0.000000e+000,0.000000e+000,...
 1.540776e+003,1.544444e+003,4.929320e-005,0.000000e+000,...
 1.544400e+003,1.544400e+003,5.078100e-005,0.000000e+000;...
2.200000e+000,1.269274e+003,1.265440e+003,3.816842e+000,...
 1.113457e-002,0.000000e+000,0.000000e+000,...
 1.264240e+003,1.266975e+003,6.049943e-005,0.000000e+000,...
 1.265364e+003,1.265364e+003,6.207454e-005,0.000000e+000;...
2.500000e+000,9.735729e+002,9.702513e+002,3.298622e+000,...
 1.287394e-002,0.000000e+000,0.000000e+000,...
 9.685352e+002,9.703786e+002,7.894233e-005,0.000000e+000,...
 9.702400e+002,9.702400e+002,8.268000e-005,0.000000e+000;...
2.800000e+000,7.475167e+002,7.450862e+002,2.410519e+000,...
 1.464194e-002,0.000000e+000,0.000000e+000,...
 7.441806e+002,7.454449e+002,9.994394e-005,0.000000e+000,...
 7.450714e+002,7.450714e+002,1.037786e-004,0.000000e+000;...
2.999200e+000,6.379587e+002,6.365275e+002,1.431167e+000,...
 1.583231e-002,0.000000e+000,0.000000e+000,...
 6.295502e+002,6.305486e+002,1.153144e-004,0.000000e+000,...
 6.364897e+002,6.364897e+002,1.180515e-004,0.000000e+000;...
2.999200e+000,1.660005e+003,1.658574e+003,1.431167e+000,...
 1.583231e-002,0.000000e+000,0.000000e+000,...
 1.649847e+003,1.652463e+003,1.153224e-004,0.000000e+000,...
 1.658442e+003,1.658442e+003,1.180515e-004,0.000000e+000;...
3.138900e+000,1.449071e+003,1.445831e+003,3.212477e+000,...
 1.662489e-002,0.000000e+000,0.000000e+000,...
 1.439262e+003,1.441443e+003,1.264305e-004,0.000000e+000,...
 1.445729e+003,1.445729e+003,1.294275e-004,0.000000e+000;...
3.138900e+000,2.242658e+003,2.239417e+003,3.212477e+000,...
 1.662489e-002,0.000000e+000,0.000000e+000,...
 2.231423e+003,2.234804e+003,1.264384e-004,0.000000e+000,...
 2.210774e+003,2.210774e+003,1.294275e-004,0.000000e+000;...
3.200000e+000,2.108796e+003,2.104043e+003,4.721499e+000,...
 1.695273e-002,0.000000e+000,0.000000e+000,...
 2.101101e+003,2.104224e+003,1.312963e-004,0.000000e+000,...
 2.078000e+003,2.078000e+003,1.349875e-004,0.000000e+000;...
3.500000e+000,1.584041e+003,1.578775e+003,5.229727e+000,...
 1.856383e-002,0.000000e+000,0.000000e+000,...
 1.576729e+003,1.578872e+003,1.564917e-004,0.000000e+000,...
 1.563143e+003,1.563143e+003,1.623314e-004,0.000000e+000;...
3.644500e+000,1.431680e+003,1.426577e+003,5.085252e+000,...
 1.934076e-002,0.000000e+000,0.000000e+000,...
 1.419596e+003,1.421448e+003,1.693987e-004,0.000000e+000,...
 1.413198e+003,1.413198e+003,1.755248e-004,0.000000e+000;...
3.644500e+000,1.659006e+003,1.653902e+003,5.085252e+000,...
 1.934076e-002,0.000000e+000,0.000000e+000,...
 1.646505e+003,1.648653e+003,1.694078e-004,0.000000e+000,...
 1.638524e+003,1.638524e+003,1.755248e-004,0.000000e+000;...
4.000000e+000,1.312671e+003,1.306460e+003,6.196225e+000,...
 2.125269e-002,0.000000e+000,0.000000e+000,...
 1.306104e+003,1.307656e+003,2.032216e-004,0.000000e+000,...
 1.295500e+003,1.295500e+003,2.080050e-004,0.000000e+000;...
4.312500e+000,1.103573e+003,1.097578e+003,5.956963e+000,...
 2.281653e-002,0.000000e+000,0.000000e+000,...
 1.082508e+003,1.083701e+003,2.343546e-004,0.000000e+000,...
 1.089113e+003,1.089113e+003,2.395965e-004,0.000000e+000;...
4.312500e+000,1.170734e+003,1.164739e+003,5.956963e+000,...
 2.281653e-002,0.000000e+000,0.000000e+000,...
 1.149556e+003,1.150823e+003,2.343648e-004,0.000000e+000,...
 1.154690e+003,1.154690e+003,2.395965e-004,0.000000e+000;...
4.500000e+000,1.043407e+003,1.037169e+003,6.202706e+000,...
 2.370822e-002,0.000000e+000,0.000000e+000,...
 1.036242e+003,1.037337e+003,2.534944e-004,0.000000e+000,...
 1.028578e+003,1.028578e+003,2.596400e-004,0.000000e+000;...
4.619100e+000,9.872373e+002,9.809722e+002,6.233491e+000,...
 2.426884e-002,0.000000e+000,0.000000e+000,...
 9.719949e+002,9.729951e+002,2.660085e-004,0.000000e+000,...
 9.730034e+002,9.730034e+002,2.722651e-004,0.000000e+000;...
4.619100e+000,1.029041e+003,1.022775e+003,6.233491e+000,...
 2.426884e-002,0.000000e+000,0.000000e+000,...
 1.013710e+003,1.014753e+003,2.660192e-004,0.000000e+000,...
 1.014397e+003,1.014397e+003,2.722651e-004,0.000000e+000;...
5.000000e+000,8.468129e+002,8.402238e+002,6.569970e+000,...
 2.606276e-002,0.000000e+000,0.000000e+000,...
 8.394260e+002,8.402239e+002,3.078746e-004,0.000000e+000,...
 8.338000e+002,8.338000e+002,3.124400e-004,0.000000e+000;...
5.500000e+000,6.704724e+002,6.640182e+002,6.418474e+000,...
 2.823880e-002,0.000000e+000,0.000000e+000,...
 6.645509e+002,6.651249e+002,3.650591e-004,0.000000e+000,...
 6.593818e+002,6.593818e+002,3.743636e-004,0.000000e+000;...
6.300000e+000,4.806564e+002,4.746343e+002,5.983428e+000,...
 3.155227e-002,0.000000e+000,0.000000e+000,...
 4.753946e+002,4.757528e+002,4.637938e-004,0.000000e+000,...
 4.717143e+002,4.717143e+002,4.768254e-004,0.000000e+000;...
7.000000e+000,3.698292e+002,3.642932e+002,5.524078e+000,...
 3.438777e-002,0.000000e+000,0.000000e+000,...
 3.655291e+002,3.657767e+002,5.568849e-004,0.000000e+000,...
 3.622286e+002,3.622286e+002,5.635714e-004,0.000000e+000;...
8.000000e+000,2.670898e+002,2.621372e+002,4.915393e+000,...
 3.810361e-002,0.000000e+000,0.000000e+000,...
 2.619804e+002,2.621353e+002,7.019840e-004,0.000000e+000,...
 2.608250e+002,2.608250e+002,7.195249e-004,0.000000e+000;...
9.000000e+000,1.982468e+002,1.938666e+002,4.337763e+000,...
 4.166283e-002,0.000000e+000,0.000000e+000,...
 1.941983e+002,1.942999e+002,8.581908e-004,0.000000e+000,...
 1.930044e+002,1.930022e+002,8.758890e-004,0.000000e+000;...
1.000000e+001,1.525225e+002,1.486608e+002,3.817923e+000,...
 4.512753e-002,0.000000e+000,0.000000e+000,...
 1.485902e+002,1.486597e+002,1.026955e-003,0.000000e+000,...
 1.480600e+002,1.480580e+002,1.025960e-003,0.000000e+000;...
1.100000e+001,1.189637e+002,1.155747e+002,3.341290e+000,...
 4.809805e-002,0.000000e+000,0.000000e+000,...
 1.161191e+002,1.161681e+002,1.183286e-003,0.000000e+000,...
