function zr =z88(flag,e)

za = [8.673100e-001,7.932046e+003,7.929115e+003,2.905237e+000,...
 3.990804e-003,0.000000e+000,0.000000e+000,...
 6.127764e+003,6.157008e+003,1.229242e-005,0.000000e+000,...
 7.928423e+003,7.928423e+003,9.015002e-006,0.000000e+000;...
1.000000e+000,6.160605e+003,6.156875e+003,3.589245e+000,...
 4.796053e-003,0.000000e+000,0.000000e+000,...
 6.127764e+003,6.157008e+003,1.229242e-005,0.000000e+000,...
 6.156399e+003,6.156399e+003,1.227880e-005,0.000000e+000;...
1.048600e+000,5.672447e+003,5.668982e+003,3.683307e+000,...
 5.075838e-003,0.000000e+000,0.000000e+000,...
 5.638026e+003,5.663680e+003,1.360462e-005,0.000000e+000,...
 5.668320e+003,5.668320e+003,1.373755e-005,0.000000e+000;...
1.048600e+000,5.754250e+003,5.750787e+003,3.683307e+000,...
 5.075838e-003,0.000000e+000,0.000000e+000,...
 5.718480e+003,5.744498e+003,1.360739e-005,0.000000e+000,...
 5.750143e+003,5.750143e+003,1.373755e-005,0.000000e+000;...
1.100000e+000,5.254101e+003,5.250104e+003,3.845849e+000,...
 5.372144e-003,0.000000e+000,0.000000e+000,...
 5.232540e+003,5.255231e+003,1.506976e-005,0.000000e+000,...
 5.249636e+003,5.249636e+003,1.529527e-005,0.000000e+000;...
1.189700e+000,4.569826e+003,4.566096e+003,3.906602e+000,...
 5.900005e-003,0.000000e+000,0.000000e+000,...
 4.515063e+003,4.533161e+003,1.781849e-005,0.000000e+000,...
 4.565521e+003,4.565521e+003,1.807514e-005,0.000000e+000;...
1.189700e+000,4.663088e+003,4.659357e+003,3.906602e+000,...
 5.900005e-003,0.000000e+000,0.000000e+000,...
 4.607232e+003,4.625698e+003,1.782170e-005,0.000000e+000,...
 4.658821e+003,4.658821e+003,1.807514e-005,0.000000e+000;...
1.250000e+000,4.204773e+003,4.200510e+003,4.219961e+000,...
 6.254933e-003,0.000000e+000,0.000000e+000,...
 4.190843e+003,4.206828e+003,1.980454e-005,0.000000e+000,...
 4.200160e+003,4.200160e+003,1.996320e-005,0.000000e+000;...
1.400000e+000,3.364618e+003,3.360088e+003,4.388366e+000,...
 7.132126e-003,0.000000e+000,0.000000e+000,...
 3.356271e+003,3.367697e+003,2.514080e-005,0.000000e+000,...
 3.360000e+003,3.360000e+003,2.568571e-005,0.000000e+000;...
1.600000e+000,2.559955e+003,2.555505e+003,4.443523e+000,...
 8.277914e-003,0.000000e+000,0.000000e+000,...
 2.552271e+003,2.559870e+003,3.311217e-005,0.000000e+000,...
 2.555375e+003,2.555375e+003,3.503500e-005,0.000000e+000;...
1.800000e+000,2.002197e+003,1.997827e+003,4.350261e+000,...
 9.439955e-003,0.000000e+000,0.000000e+000,...
 1.993061e+003,1.998334e+003,4.221730e-005,0.000000e+000,...
 1.997667e+003,1.997667e+003,4.458667e-005,0.000000e+000;...
2.000000e+000,1.610684e+003,1.606474e+003,4.198644e+000,...
 1.061745e-002,0.000000e+000,0.000000e+000,...
 1.602659e+003,1.606474e+003,5.246454e-005,0.000000e+000,...
 1.606400e+003,1.606400e+003,5.431800e-005,0.000000e+000;...
2.200000e+000,1.304732e+003,1.300735e+003,3.986274e+000,...
 1.180827e-002,0.000000e+000,0.000000e+000,...
 1.299886e+003,1.302699e+003,6.376566e-005,0.000000e+000,...
 1.300636e+003,1.300636e+003,6.420454e-005,0.000000e+000;...
2.500000e+000,9.864163e+002,9.828990e+002,3.515968e+000,...
 1.349791e-002,0.000000e+000,0.000000e+000,...
 9.813940e+002,9.832619e+002,8.239292e-005,0.000000e+000,...
 9.828800e+002,9.828800e+002,8.551200e-005,0.000000e+000;...
2.800000e+000,7.657057e+002,7.629345e+002,2.767476e+000,...
 1.519367e-002,0.000000e+000,0.000000e+000,...
 7.620505e+002,7.633452e+002,1.032532e-004,0.000000e+000,...
 7.629286e+002,7.629286e+002,1.071429e-004,0.000000e+000;...
3.111300e+000,6.072140e+002,6.056685e+002,1.523231e+000,...
 1.696325e-002,0.000000e+000,0.000000e+000,...
 5.999630e+002,6.008802e+002,1.273732e-004,0.000000e+000,...
 6.056439e+002,6.056439e+002,1.297464e-004,0.000000e+000;...
3.111300e+000,1.661845e+003,1.660299e+003,1.523231e+000,...
 1.696325e-002,0.000000e+000,0.000000e+000,...
 1.652755e+003,1.655281e+003,1.273814e-004,0.000000e+000,...
 1.660206e+003,1.660206e+003,1.297464e-004,0.000000e+000;...
3.200000e+000,1.447609e+003,1.444811e+003,2.786395e+000,...
 1.746739e-002,0.000000e+000,0.000000e+000,...
 1.443078e+003,1.445223e+003,1.347009e-004,0.000000e+000,...
 1.444688e+003,1.444688e+003,1.362062e-004,0.000000e+000;...
3.258700e+000,1.359037e+003,1.355813e+003,3.221794e+000,...
 1.778368e-002,0.000000e+000,0.000000e+000,...
 1.352400e+003,1.354374e+003,1.395294e-004,0.000000e+000,...
 1.355694e+003,1.355694e+003,1.413324e-004,0.000000e+000;...
3.258700e+000,2.011976e+003,2.008752e+003,3.221794e+000,...
 1.778368e-002,0.000000e+000,0.000000e+000,...
 2.004221e+003,2.007147e+003,1.395375e-004,0.000000e+000,...
 1.984165e+003,1.984165e+003,1.413324e-004,0.000000e+000;...
3.500000e+000,1.655236e+003,1.650040e+003,5.178426e+000,...
 1.904565e-002,0.000000e+000,0.000000e+000,...
 1.647879e+003,1.650118e+003,1.598863e-004,0.000000e+000,...
 1.631886e+003,1.631886e+003,1.640914e-004,0.000000e+000;...
3.773700e+000,1.359970e+003,1.354880e+003,5.076371e+000,...
 2.047069e-002,0.000000e+000,0.000000e+000,...
 1.345516e+003,1.347211e+003,1.845662e-004,0.000000e+000,...
 1.341548e+003,1.341548e+003,1.897766e-004,0.000000e+000;...
3.773700e+000,1.577669e+003,1.572580e+003,5.076371e+000,...
 2.047069e-002,0.000000e+000,0.000000e+000,...
 1.562843e+003,1.564812e+003,1.845755e-004,0.000000e+000,...
 1.557251e+003,1.557251e+003,1.897766e-004,0.000000e+000;...
4.000000e+000,1.358104e+003,1.351949e+003,6.123568e+000,...
 2.164899e-002,0.000000e+000,0.000000e+000,...
 1.351363e+003,1.352970e+003,2.062394e-004,0.000000e+000,...
 1.339650e+003,1.339650e+003,2.109550e-004,0.000000e+000;...
4.482000e+000,1.026306e+003,1.020310e+003,5.951699e+000,...
 2.403675e-002,0.000000e+000,0.000000e+000,...
 1.017164e+003,1.018243e+003,2.550406e-004,0.000000e+000,...
 1.012137e+003,1.012137e+003,2.595761e-004,0.000000e+000;...
4.482000e+000,1.088818e+003,1.082822e+003,5.951699e+000,...
 2.403675e-002,0.000000e+000,0.000000e+000,...
 1.079552e+003,1.080697e+003,2.550510e-004,0.000000e+000,...
 1.073092e+003,1.073092e+003,2.595761e-004,0.000000e+000;...
4.500000e+000,1.076374e+003,1.070379e+003,5.981543e+000,...
 2.412042e-002,0.000000e+000,0.000000e+000,...
 1.069258e+003,1.070387e+003,2.568987e-004,0.000000e+000,...
 1.060800e+003,1.060800e+003,2.615645e-004,0.000000e+000;...
4.795100e+000,9.324311e+002,9.262225e+002,6.170198e+000,...
 2.547725e-002,0.000000e+000,0.000000e+000,...
 9.150994e+002,9.160063e+002,2.882195e-004,0.000000e+000,...
 9.184376e+002,9.184376e+002,2.938750e-004,0.000000e+000;...
4.795100e+000,9.720540e+002,9.658454e+002,6.170198e+000,...
 2.547725e-002,0.000000e+000,0.000000e+000,...
 9.546223e+002,9.555684e+002,2.882303e-004,0.000000e+000,...
 9.575609e+002,9.575609e+002,2.938750e-004,0.000000e+000;...
5.000000e+000,8.710915e+002,8.645632e+002,6.492084e+000,...
 2.641946e-002,0.000000e+000,0.000000e+000,...
 8.637449e+002,8.645658e+002,3.109118e-004,0.000000e+000,...
 8.574401e+002,8.574401e+002,3.161440e-004,0.000000e+000;...
5.500000e+000,6.901104e+002,6.836620e+002,6.421472e+000,...
 2.859139e-002,0.000000e+000,0.000000e+000,...
 6.842188e+002,6.848098e+002,3.677286e-004,0.000000e+000,...
 6.784728e+002,6.784728e+002,3.782545e-004,0.000000e+000;...
6.300000e+000,4.952199e+002,4.891446e+002,6.025509e+000,...
 3.178094e-002,0.000000e+000,0.000000e+000,...
 4.898505e+002,4.902196e+002,4.655055e-004,0.000000e+000,...
 4.859048e+002,4.858730e+002,4.920000e-004,0.000000e+000;...
7.000000e+000,3.812807e+002,3.756584e+002,5.589311e+000,...
 3.449886e-002,0.000000e+000,0.000000e+000,...
 3.768956e+002,3.771510e+002,5.583355e-004,0.000000e+000,...
 3.734000e+002,3.734000e+002,5.874572e-004,0.000000e+000;...
8.000000e+000,2.755752e+002,2.705390e+002,4.991103e+000,...
 3.827995e-002,0.000000e+000,0.000000e+000,...
 2.703711e+002,2.705310e+002,7.021546e-004,0.000000e+000,...
 2.690750e+002,2.690750e+002,7.184999e-004,0.000000e+000;...
9.000000e+000,2.046403e+002,2.001770e+002,4.421140e+000,...
 4.183723e-002,0.000000e+000,0.000000e+000,...
 2.005253e+002,2.006303e+002,8.590661e-004,0.000000e+000,...
