function zr =z89(flag,e)

za = [

9.114400e-001,7.585389e+003,7.582206e+003,3.077079e+000,...
 4.321812e-003,0.000000e+000,0.000000e+000,...
 6.413458e+003,6.444066e+003,1.257818e-005,0.000000e+000,...
 7.581442e+003,7.581442e+003,1.023022e-005,0.000000e+000;...
1.000000e+000,6.447833e+003,6.444119e+003,3.697323e+000,...
 4.880509e-003,0.000000e+000,0.000000e+000,...
 6.413458e+003,6.444066e+003,1.257818e-005,0.000000e+000,...
 6.443496e+003,6.443496e+003,1.256207e-005,0.000000e+000;...
1.100000e+000,5.400475e+003,5.396760e+003,3.803704e+000,...
 5.479795e-003,0.000000e+000,0.000000e+000,...
 5.373928e+003,5.397232e+003,1.545147e-005,0.000000e+000,...
 5.396136e+003,5.396136e+003,1.567482e-005,0.000000e+000;...
1.104800e+000,5.362008e+003,5.358293e+003,3.826519e+000,...
 5.509243e-003,0.000000e+000,0.000000e+000,...
 5.330661e+003,5.353678e+003,1.559738e-005,0.000000e+000,...
 5.357681e+003,5.357681e+003,1.582784e-005,0.000000e+000;...
1.104800e+000,5.440002e+003,5.436289e+003,3.826519e+000,...
 5.509243e-003,0.000000e+000,0.000000e+000,...
 5.407445e+003,5.430791e+003,1.560042e-005,0.000000e+000,...
 5.435701e+003,5.435701e+003,1.582784e-005,0.000000e+000;...
1.249500e+000,4.321016e+003,4.317037e+003,4.089419e+000,...
 6.397163e-003,0.000000e+000,0.000000e+000,...
 4.299860e+003,4.316268e+003,2.034405e-005,0.000000e+000,...
 4.316642e+003,4.316642e+003,2.049201e-005,0.000000e+000;...
1.249500e+000,4.408562e+003,4.404582e+003,4.089419e+000,...
 6.397163e-003,0.000000e+000,0.000000e+000,...
 4.386567e+003,4.403304e+003,2.034757e-005,0.000000e+000,...
 4.404225e+003,4.404225e+003,2.049201e-005,0.000000e+000;...
1.250000e+000,4.404582e+003,4.400603e+003,4.089950e+000,...
 6.400346e-003,0.000000e+000,0.000000e+000,...
 4.383961e+003,4.400683e+003,2.036163e-005,0.000000e+000,...
 4.400238e+003,4.400238e+003,2.050923e-005,0.000000e+000;...
1.400000e+000,3.513479e+003,3.508969e+003,4.475945e+000,...
 7.308959e-003,0.000000e+000,0.000000e+000,...
 3.504483e+003,3.516412e+003,2.587781e-005,0.000000e+000,...
 3.508725e+003,3.508725e+003,2.633423e-005,0.000000e+000;...
1.600000e+000,2.681004e+003,2.676494e+003,4.549695e+000,...
 8.481268e-003,0.000000e+000,0.000000e+000,...
 2.672676e+003,2.680634e+003,3.406141e-005,0.000000e+000,...
 2.676266e+003,2.676266e+003,3.567900e-005,0.000000e+000;...
1.800000e+000,2.091188e+003,2.086678e+003,4.491066e+000,...
 9.670556e-003,0.000000e+000,0.000000e+000,...
 2.084287e+003,2.089802e+003,4.340353e-005,0.000000e+000,...
 2.086561e+003,2.086561e+003,4.522289e-005,0.000000e+000;...
2.000000e+000,1.684899e+003,1.680548e+003,4.340913e+000,...
 1.087496e-002,0.000000e+000,0.000000e+000,...
 1.676565e+003,1.680557e+003,5.390623e-005,0.000000e+000,...
 1.680437e+003,1.680437e+003,5.494042e-005,0.000000e+000;...
2.200000e+000,1.377748e+003,1.373557e+003,4.164496e+000,...
 1.206637e-002,0.000000e+000,0.000000e+000,...
 1.371952e+003,1.374920e+003,6.544899e-005,0.000000e+000,...
 1.373477e+003,1.373477e+003,6.610093e-005,0.000000e+000;...
2.500000e+000,1.046695e+003,1.042901e+003,3.768156e+000,...
 1.377536e-002,0.000000e+000,0.000000e+000,...
 1.041141e+003,1.043123e+003,8.430018e-005,0.000000e+000,...
 1.042860e+003,1.042860e+003,8.736842e-005,0.000000e+000;...
2.800000e+000,8.077764e+002,8.046461e+002,3.127219e+000,...
 1.549178e-002,0.000000e+000,0.000000e+000,...
 8.037072e+002,8.050727e+002,1.055072e-004,0.000000e+000,...
 8.045823e+002,8.045823e+002,1.087672e-004,0.000000e+000;...
3.200000e+000,5.925480e+002,5.912747e+002,1.242000e+000,...
 1.776689e-002,0.000000e+000,0.000000e+000,...
 5.904657e+002,5.913433e+002,1.372525e-004,0.000000e+000,...
 5.912364e+002,5.912364e+002,1.387537e-004,0.000000e+000;...
3.224100e+000,5.837670e+002,5.822018e+002,1.528618e+000,...
 1.789476e-002,0.000000e+000,0.000000e+000,...
 5.804012e+002,5.812573e+002,1.392260e-004,0.000000e+000,...
 5.821660e+002,5.821660e+002,1.410338e-004,0.000000e+000;...
3.224100e+000,1.506015e+003,1.504450e+003,1.528618e+000,...
 1.789476e-002,0.000000e+000,0.000000e+000,...
 1.501149e+003,1.503363e+003,1.392341e-004,0.000000e+000,...
 1.504342e+003,1.504342e+003,1.410338e-004,0.000000e+000;...
3.379600e+000,1.296066e+003,1.292803e+003,3.259863e+000,...
 1.872113e-002,0.000000e+000,0.000000e+000,...
 1.286435e+003,1.288245e+003,1.522799e-004,0.000000e+000,...
 1.292703e+003,1.292703e+003,1.557244e-004,0.000000e+000;...
3.379600e+000,1.875880e+003,1.872617e+003,3.259863e+000,...
 1.872113e-002,0.000000e+000,0.000000e+000,...
 1.865303e+003,1.867928e+003,1.522884e-004,0.000000e+000,...
 1.849875e+003,1.849875e+003,1.557244e-004,0.000000e+000;...
3.500000e+000,1.716999e+003,1.712091e+003,4.882367e+000,...
 1.936101e-002,0.000000e+000,0.000000e+000,...
 1.709845e+003,1.712168e+003,1.627677e-004,0.000000e+000,...
 1.692041e+003,1.692041e+003,1.670790e-004,0.000000e+000;...
3.903900e+000,1.306784e+003,1.301637e+003,5.112902e+000,...
 2.149737e-002,0.000000e+000,0.000000e+000,...
 1.288968e+003,1.290537e+003,2.003608e-004,0.000000e+000,...
 1.288376e+003,1.288376e+003,2.049665e-004,0.000000e+000;...
3.903900e+000,1.515088e+003,1.509942e+003,5.112902e+000,...
 2.149737e-002,0.000000e+000,0.000000e+000,...
 1.496949e+003,1.498772e+003,2.003705e-004,0.000000e+000,...
 1.494673e+003,1.494673e+003,2.049665e-004,0.000000e+000;...
4.000000e+000,1.421919e+003,1.415923e+003,5.980395e+000,...
 2.200567e-002,0.000000e+000,0.000000e+000,...
 1.414248e+003,1.415929e+003,2.098493e-004,0.000000e+000,...
 1.402036e+003,1.402036e+003,2.139598e-004,0.000000e+000;...
4.500000e+000,1.056511e+003,1.050356e+003,6.146996e+000,...
 2.445852e-002,0.000000e+000,0.000000e+000,...
 1.049425e+003,1.050533e+003,2.606649e-004,0.000000e+000,...
 1.041311e+003,1.041311e+003,2.673066e-004,0.000000e+000;...
4.654700e+000,9.790996e+002,9.730776e+002,6.006128e+000,...
 2.517082e-002,0.000000e+000,0.000000e+000,...
 9.623403e+002,9.633229e+002,2.769952e-004,0.000000e+000,...
 9.649940e+002,9.649940e+002,2.849412e-004,0.000000e+000;...
4.654700e+000,1.038498e+003,1.032476e+003,6.006128e+000,...
 2.517082e-002,0.000000e+000,0.000000e+000,...
 1.021610e+003,1.022654e+003,2.770059e-004,0.000000e+000,...
 1.022895e+003,1.022895e+003,2.849412e-004,0.000000e+000;...
4.974300e+000,8.769371e+002,8.706498e+002,6.236398e+000,...
 2.664291e-002,0.000000e+000,0.000000e+000,...
 8.677329e+002,8.685620e+002,3.121201e-004,0.000000e+000,...
 8.630858e+002,8.630657e+002,3.210744e-004,0.000000e+000;...
4.974300e+000,9.148998e+002,9.086125e+002,6.236398e+000,...
 2.664291e-002,0.000000e+000,0.000000e+000,...
 9.056304e+002,9.064955e+002,3.121314e-004,0.000000e+000,...
 9.005774e+002,9.005774e+002,3.210744e-004,0.000000e+000;...
5.000000e+000,9.015028e+002,8.952420e+002,6.237989e+000,...
 2.676229e-002,0.000000e+000,0.000000e+000,...
 8.943784e+002,8.952285e+002,3.150249e-004,0.000000e+000,...
 8.873486e+002,8.873486e+002,3.239921e-004,0.000000e+000;...
5.500000e+000,7.146602e+002,7.081342e+002,6.494524e+000,...
 2.903050e-002,0.000000e+000,0.000000e+000,...
 7.076519e+002,7.082631e+002,3.739028e-004,0.000000e+000,...
 7.023924e+002,7.023924e+002,3.793988e-004,0.000000e+000;...
6.300000e+000,5.147124e+002,5.085312e+002,6.138772e+000,...
 3.231212e-002,0.000000e+000,0.000000e+000,...
 5.082843e+002,5.086672e+002,4.730808e-004,0.000000e+000,...
 5.048943e+002,5.048943e+002,4.873505e-004,0.000000e+000;...
7.000000e+000,3.965530e+002,3.907962e+002,5.720412e+000,...
 3.501010e-002,0.000000e+000,0.000000e+000,...
 3.913640e+002,3.916292e+002,5.661854e-004,0.000000e+000,...
 3.882536e+002,3.882536e+002,5.850191e-004,0.000000e+000;...
8.000000e+000,2.865379e+002,2.813648e+002,5.125901e+000,...
 3.875862e-002,0.000000e+000,0.000000e+000,...
 2.812091e+002,2.813754e+002,7.109590e-004,0.000000e+000,...
 2.797542e+002,2.797542e+002,7.185824e-004,0.000000e+000;...
9.000000e+000,2.129151e+002,2.083071e+002,4.564286e+000,...
 4.222329e-002,0.000000e+000,0.000000e+000,...
 2.087041e+002,2.088134e+002,8.655826e-004,0.000000e+000,...
