 
function zr =z9(flag,e)

za = [9.486800e-001,6.482305e+003,6.480720e+003,1.681786e+000,...
 5.841682e-003,0.000000e+000,0.000000e+000,...
 5.581031e+003,5.607666e+003,1.748355e-005,0.000000e+000,...
 6.439558e+003,6.439558e+003,1.516506e-005,0.000000e+000;...
1.000000e+000,5.609017e+003,5.607115e+003,1.719348e+000,...
 6.442999e-003,0.000000e+000,0.000000e+000,...
 5.581031e+003,5.607666e+003,1.748355e-005,0.000000e+000,...
 5.573231e+003,5.573231e+003,1.747405e-005,0.000000e+000;...
1.100000e+000,4.422548e+003,4.420964e+003,1.759795e+000,...
 7.688743e-003,0.000000e+000,0.000000e+000,...
 4.401867e+003,4.420956e+003,2.275104e-005,0.000000e+000,...
 4.396333e+003,4.396333e+003,2.334155e-005,0.000000e+000;...
1.106700e+000,4.366760e+003,4.365175e+003,1.760841e+000,...
 7.780351e-003,0.000000e+000,0.000000e+000,...
 4.335797e+003,4.354486e+003,2.313598e-005,0.000000e+000,...
 4.340948e+003,4.340948e+003,2.377138e-005,0.000000e+000;...
1.228600e+000,3.356851e+003,3.354949e+003,1.779860e+000,...
 9.452754e-003,0.000000e+000,0.000000e+000,...
 3.340603e+003,3.353567e+003,3.088007e-005,0.000000e+000,...
 3.338523e+003,3.338523e+003,3.190086e-005,0.000000e+000;...
1.250000e+000,3.203115e+003,3.201213e+003,1.783189e+000,...
 9.745646e-003,0.000000e+000,0.000000e+000,...
 3.189150e+003,3.201314e+003,3.238918e-005,0.000000e+000,...
 3.185661e+003,3.185661e+003,3.337123e-005,0.000000e+000;...
1.322900e+000,2.793509e+003,2.791702e+003,1.774218e+000,...
 1.082941e-002,0.000000e+000,0.000000e+000,...
 2.738567e+003,2.748434e+003,3.775785e-005,0.000000e+000,...
 2.778834e+003,2.778834e+003,3.878165e-005,0.000000e+000;...
1.333500e+000,2.733884e+003,2.732109e+003,1.772918e+000,...
 1.098759e-002,0.000000e+000,0.000000e+000,...
 2.680458e+003,2.690039e+003,3.858029e-005,0.000000e+000,...
 2.719781e+003,2.719781e+003,3.958541e-005,0.000000e+000;...
1.400000e+000,2.361556e+003,2.359781e+003,1.764740e+000,...
 1.197689e-002,0.000000e+000,0.000000e+000,...
 2.351850e+003,2.359856e+003,4.399772e-005,0.000000e+000,...
 2.349478e+003,2.349478e+003,4.566206e-005,0.000000e+000;...
1.425900e+000,2.257617e+003,2.255842e+003,1.757988e+000,...
 1.239024e-002,0.000000e+000,0.000000e+000,...
 2.238793e+003,2.246275e+003,4.623013e-005,0.000000e+000,...
 2.246181e+003,2.246181e+003,4.818208e-005,0.000000e+000;...
1.496700e+000,1.973505e+003,1.971762e+003,1.739508e+000,...
 1.352187e-002,0.000000e+000,0.000000e+000,...
 1.965316e+003,1.971573e+003,5.269250e-005,0.000000e+000,...
 1.963715e+003,1.963715e+003,5.522763e-005,0.000000e+000;...
1.510400e+000,1.930174e+003,1.928430e+003,1.735895e+000,...
 1.374217e-002,0.000000e+000,0.000000e+000,...
 1.917761e+003,1.923810e+003,5.400492e-005,0.000000e+000,...
 1.920724e+003,1.920724e+003,5.662392e-005,0.000000e+000;...
1.600000e+000,1.649073e+003,1.647361e+003,1.712533e+000,...
 1.517398e-002,0.000000e+000,0.000000e+000,...
 1.642522e+003,1.647412e+003,6.309708e-005,0.000000e+000,...
 1.641067e+003,1.641067e+003,6.583505e-005,0.000000e+000;...
1.677300e+000,1.475303e+003,1.473591e+003,1.689520e+000,...
 1.650880e-002,0.000000e+000,0.000000e+000,...
 1.446846e+003,1.450955e+003,7.138879e-005,0.000000e+000,...
 1.468204e+003,1.468204e+003,7.442962e-005,0.000000e+000;...
1.732100e+000,1.352472e+003,1.350792e+003,1.672625e+000,...
 1.744897e-002,0.000000e+000,0.000000e+000,...
 1.327037e+003,1.330686e+003,7.760600e-005,0.000000e+000,...
 1.346012e+003,1.346012e+003,8.093568e-005,0.000000e+000;...
1.800000e+000,1.201303e+003,1.199623e+003,1.651609e+000,...
 1.860025e-002,0.000000e+000,0.000000e+000,...
 1.196479e+003,1.199645e+003,8.575719e-005,0.000000e+000,...
 1.195558e+003,1.195558e+003,9.005504e-005,0.000000e+000;...
2.000000e+000,9.046064e+002,9.029898e+002,1.588466e+000,...
 2.216948e-002,0.000000e+000,0.000000e+000,...
 9.008550e+002,9.029994e+002,1.127510e-004,0.000000e+000,...
 9.002358e+002,9.002358e+002,1.187942e-004,0.000000e+000;...
2.138400e+000,7.565119e+002,7.549587e+002,1.544278e+000,...
 2.478269e-002,0.000000e+000,0.000000e+000,...
 7.451789e+002,7.468376e+002,1.341517e-004,0.000000e+000,...
 7.528001e+002,7.528001e+002,1.402642e-004,0.000000e+000;...
2.143400e+000,7.510915e+002,7.495383e+002,1.542662e+000,...
 2.487462e-002,0.000000e+000,0.000000e+000,...
 7.402606e+002,7.419045e+002,1.349141e-004,0.000000e+000,...
 7.474128e+002,7.474128e+002,1.411639e-004,0.000000e+000;...
2.200000e+000,6.905477e+002,6.889945e+002,1.523484e+000,...
 2.589752e-002,0.000000e+000,0.000000e+000,...
 6.875240e+002,6.890114e+002,1.437223e-004,0.000000e+000,...
 6.870712e+002,6.870712e+002,1.512650e-004,0.000000e+000;...
2.225400e+000,6.705778e+002,6.690246e+002,1.515148e+000,...
 2.637680e-002,0.000000e+000,0.000000e+000,...
 6.655051e+002,6.669283e+002,1.477818e-004,0.000000e+000,...
 6.672004e+002,6.672004e+002,1.559556e-004,0.000000e+000;...
2.345200e+000,5.762437e+002,5.747538e+002,1.475873e+000,...
 2.864133e-002,0.000000e+000,0.000000e+000,...
 5.735596e+002,5.747234e+002,1.678327e-004,0.000000e+000,...
 5.732303e+002,5.732303e+002,1.784380e-004,0.000000e+000;...
2.445600e+000,5.143685e+002,5.128787e+002,1.443002e+000,...
 3.053752e-002,0.000000e+000,0.000000e+000,...
 5.092708e+002,5.102617e+002,1.858028e-004,0.000000e+000,...
 5.116042e+002,5.116042e+002,1.976379e-004,0.000000e+000;...
2.500000e+000,4.808317e+002,4.793736e+002,1.423761e+000,...
 3.156581e-002,0.000000e+000,0.000000e+000,...
 4.784656e+002,4.793762e+002,1.959911e-004,0.000000e+000,...
 4.782076e+002,4.782076e+002,2.081816e-004,0.000000e+000;...
2.645800e+000,4.164524e+002,4.150260e+002,1.376531e+000,...
 3.436731e-002,0.000000e+000,0.000000e+000,...
 4.073596e+002,4.080919e+002,2.248896e-004,0.000000e+000,...
 4.140819e+002,4.140819e+002,2.388531e-004,0.000000e+000;...
2.800000e+000,3.487131e+002,3.473501e+002,1.326131e+000,...
 3.718529e-002,0.000000e+000,0.000000e+000,...
 3.468059e+002,3.473949e+002,2.567562e-004,0.000000e+000,...
 3.466139e+002,3.466139e+002,2.741745e-004,0.000000e+000;...
2.979400e+000,2.929780e+002,2.916657e+002,1.271483e+000,...
 4.060237e-002,0.000000e+000,0.000000e+000,...
 2.907099e+002,2.911738e+002,2.953403e-004,0.000000e+000,...
 2.910710e+002,2.910710e+002,3.171146e-004,0.000000e+000;...
2.993300e+000,2.886321e+002,2.873230e+002,1.267203e+000,...
 4.086863e-002,0.000000e+000,0.000000e+000,...
 2.868908e+002,2.873465e+002,2.984556e-004,0.000000e+000,...
 2.867450e+002,2.867450e+002,3.205074e-004,0.000000e+000;...
3.200000e+000,2.389070e+002,2.376581e+002,1.204536e+000,...
 4.480873e-002,0.000000e+000,0.000000e+000,...
 2.373135e+002,2.376659e+002,3.469407e-004,0.000000e+000,...
 2.371941e+002,2.371941e+002,3.710753e-004,0.000000e+000;...
3.423400e+000,1.983205e+002,1.971286e+002,1.141171e+000,...
 4.894220e-002,0.000000e+000,0.000000e+000,...
 1.959072e+002,1.961790e+002,4.039477e-004,0.000000e+000,...
 1.967763e+002,1.967763e+002,4.309616e-004,0.000000e+000;...
3.500000e+000,1.851625e+002,1.839929e+002,1.120218e+000,...
 5.028303e-002,0.000000e+000,0.000000e+000,...
 1.837427e+002,1.839920e+002,4.246102e-004,0.000000e+000,...
 1.836759e+002,1.836759e+002,4.526954e-004,0.000000e+000;...
4.000000e+000,1.249389e+002,1.238897e+002,9.923791e-001,...
 5.921562e-002,0.000000e+000,0.000000e+000,...
 1.237416e+002,1.238881e+002,5.621453e-004,0.000000e+000,...
 1.236999e+002,1.236984e+002,5.982901e-004,0.000000e+000;...
4.500000e+000,8.828931e+001,8.734153e+001,8.805474e-001,...
 6.713703e-002,0.000000e+000,0.000000e+000,...
 8.725436e+001,8.734583e+001,7.128641e-004,0.000000e+000,...
 8.722353e+001,8.722222e+001,7.578616e-004,0.000000e+000;...
5.000000e+000,6.475014e+001,6.389112e+001,7.841529e-001,...
 7.497285e-002,0.000000e+000,0.000000e+000,...
 6.383466e+001,6.389448e+001,8.701694e-004,0.000000e+000,...
 6.381250e+001,6.381250e+001,9.197406e-004,0.000000e+000;...
5.500000e+000,4.893586e+001,4.815290e+001,7.014202e-001,...
 8.152489e-002,0.000000e+000,0.000000e+000,...
 4.811392e+001,4.815446e+001,1.039844e-003,0.000000e+000,...
