function zr =z90(flag,e)

za = [

9.561600e-001,7.149167e+003,7.145793e+003,3.205148e+000,...
 4.531067e-003,0.000000e+000,0.000000e+000,...
 6.554099e+003,6.585377e+003,1.245861e-005,0.000000e+000,...
 7.145065e+003,7.145065e+003,1.127234e-005,0.000000e+000;...
1.000000e+000,6.589110e+003,6.585217e+003,3.716934e+000,...
 4.811615e-003,0.000000e+000,0.000000e+000,...
 6.554099e+003,6.585377e+003,1.245861e-005,0.000000e+000,...
 6.584470e+003,6.584470e+003,1.244283e-005,0.000000e+000;...
1.100000e+000,5.532319e+003,5.528426e+003,3.890557e+000,...
 5.418127e-003,0.000000e+000,0.000000e+000,...
 5.512227e+003,5.536131e+003,1.534541e-005,0.000000e+000,...
 5.527769e+003,5.527769e+003,1.557477e-005,0.000000e+000;...
1.162300e+000,5.017938e+003,5.013786e+003,3.981650e+000,...
 5.806638e-003,0.000000e+000,0.000000e+000,...
 4.987241e+003,5.007704e+003,1.730983e-005,0.000000e+000,...
 5.013450e+003,5.013450e+003,1.758972e-005,0.000000e+000;...
1.162300e+000,5.090346e+003,5.086194e+003,3.981650e+000,...
 5.806638e-003,0.000000e+000,0.000000e+000,...
 5.058768e+003,5.079523e+003,1.731309e-005,0.000000e+000,...
 5.085832e+003,5.085832e+003,1.758972e-005,0.000000e+000;...
1.250000e+000,4.407792e+003,4.403640e+003,4.166173e+000,...
 6.353200e-003,0.000000e+000,0.000000e+000,...
 4.390864e+003,4.407612e+003,2.029422e-005,0.000000e+000,...
 4.403276e+003,4.403276e+003,2.046280e-005,0.000000e+000;...
1.310600e+000,4.057173e+003,4.052761e+003,4.197577e+000,...
 6.739894e-003,0.000000e+000,0.000000e+000,...
 3.999889e+003,4.014437e+003,2.250754e-005,0.000000e+000,...
 4.052478e+003,4.052478e+003,2.249966e-005,0.000000e+000;...
1.310600e+000,4.138145e+003,4.133733e+003,4.197577e+000,...
 6.739894e-003,0.000000e+000,0.000000e+000,...
 4.080221e+003,4.095060e+003,2.251119e-005,0.000000e+000,...
 4.133466e+003,4.133466e+003,2.249966e-005,0.000000e+000;...
1.400000e+000,3.611826e+003,3.607154e+003,4.497848e+000,...
 7.276335e-003,0.000000e+000,0.000000e+000,...
 3.595273e+003,3.607512e+003,2.585919e-005,0.000000e+000,...
 3.606960e+003,3.606960e+003,2.615188e-005,0.000000e+000;...
1.600000e+000,2.746825e+003,2.742154e+003,4.631504e+000,...
 8.464965e-003,0.000000e+000,0.000000e+000,...
 2.734479e+003,2.742620e+003,3.411134e-005,0.000000e+000,...
 2.742001e+003,2.742001e+003,3.496960e-005,0.000000e+000;...
1.800000e+000,2.150408e+003,2.145814e+003,4.587903e+000,...
 9.673319e-003,0.000000e+000,0.000000e+000,...
 2.143323e+003,2.148994e+003,4.350391e-005,0.000000e+000,...
 2.145667e+003,2.145667e+003,4.400123e-005,0.000000e+000;...
2.000000e+000,1.729301e+003,1.724837e+003,4.469560e+000,...
 1.086610e-002,0.000000e+000,0.000000e+000,...
 1.720735e+003,1.724831e+003,5.402090e-005,0.000000e+000,...
 1.724659e+003,1.724659e+003,5.444539e-005,0.000000e+000;...
2.200000e+000,1.403388e+003,1.399054e+003,4.316958e+000,...
 1.202333e-002,0.000000e+000,0.000000e+000,...
 1.396054e+003,1.399075e+003,6.538278e-005,0.000000e+000,...
 1.398930e+003,1.398930e+003,6.669253e-005,0.000000e+000;...
2.500000e+000,1.056505e+003,1.052586e+003,3.905090e+000,...
 1.377098e-002,0.000000e+000,0.000000e+000,...
 1.051186e+003,1.053187e+003,8.446040e-005,0.000000e+000,...
 1.052491e+003,1.052491e+003,8.524232e-005,0.000000e+000;...
2.800000e+000,8.248001e+002,8.214263e+002,3.369169e+000,...
 1.545349e-002,0.000000e+000,0.000000e+000,...
 8.204774e+002,8.218714e+002,1.054489e-004,0.000000e+000,...
 8.213677e+002,8.213677e+002,1.078864e-004,0.000000e+000;...
3.200000e+000,6.099384e+002,6.078362e+002,2.086642e+000,...
 1.765193e-002,0.000000e+000,0.000000e+000,...
 6.070593e+002,6.079616e+002,1.365805e-004,0.000000e+000,...
 6.077752e+002,6.077752e+002,1.404357e-004,0.000000e+000;...
3.338600e+000,5.577217e+002,5.561386e+002,1.547710e+000,...
 1.841338e-002,0.000000e+000,0.000000e+000,...
 5.512733e+002,5.520584e+002,1.482732e-004,0.000000e+000,...
 5.561179e+002,5.561179e+002,1.517082e-004,0.000000e+000;...
3.338600e+000,1.375904e+003,1.374321e+003,1.547710e+000,...
 1.841338e-002,0.000000e+000,0.000000e+000,...
 1.368204e+003,1.370153e+003,1.482818e-004,0.000000e+000,...
 1.374245e+003,1.374245e+003,1.517082e-004,0.000000e+000;...
3.500000e+000,1.211442e+003,1.208224e+003,3.205408e+000,...
 1.930018e-002,0.000000e+000,0.000000e+000,...
 1.206595e+003,1.208234e+003,1.624740e-004,0.000000e+000,...
 1.208142e+003,1.208142e+003,1.648342e-004,0.000000e+000;...
3.502400e+000,1.209340e+003,1.206096e+003,3.241741e+000,...
 1.931342e-002,0.000000e+000,0.000000e+000,...
 1.204393e+003,1.206028e+003,1.626899e-004,0.000000e+000,...
 1.205999e+003,1.205999e+003,1.650307e-004,0.000000e+000;...
3.502400e+000,1.728652e+003,1.725408e+003,3.241741e+000,...
 1.931342e-002,0.000000e+000,0.000000e+000,...
 1.722868e+003,1.725208e+003,1.626989e-004,0.000000e+000,...
 1.704292e+003,1.704292e+003,1.650307e-004,0.000000e+000;...
4.000000e+000,1.244168e+003,1.239289e+003,4.850544e+000,...
 2.188351e-002,0.000000e+000,0.000000e+000,...
 1.237916e+003,1.239388e+003,2.088911e-004,0.000000e+000,...
 1.226109e+003,1.226109e+003,2.132252e-004,0.000000e+000;...
4.036200e+000,1.218086e+003,1.213025e+003,5.033250e+000,...
 2.206465e-002,0.000000e+000,0.000000e+000,...
 1.210548e+003,1.211974e+003,2.124216e-004,0.000000e+000,...
 1.200272e+003,1.200272e+003,2.169149e-004,0.000000e+000;...
4.036200e+000,1.416442e+003,1.411381e+003,5.033250e+000,...
 2.206465e-002,0.000000e+000,0.000000e+000,...
 1.408607e+003,1.410266e+003,2.124313e-004,0.000000e+000,...
 1.396618e+003,1.396618e+003,2.169149e-004,0.000000e+000;...
4.500000e+000,1.078980e+003,1.072751e+003,6.188401e+000,...
 2.438560e-002,0.000000e+000,0.000000e+000,...
 1.072580e+003,1.073713e+003,2.600261e-004,0.000000e+000,...
 1.062780e+003,1.062780e+003,2.637846e-004,0.000000e+000;...
4.831600e+000,9.127795e+002,9.068104e+002,5.937959e+000,...
 2.595002e-002,0.000000e+000,0.000000e+000,...
 8.970107e+002,8.978930e+002,2.959215e-004,0.000000e+000,...
 8.990161e+002,8.990161e+002,3.003019e-004,0.000000e+000;...
4.831600e+000,9.681105e+002,9.621414e+002,5.937959e+000,...
 2.595002e-002,0.000000e+000,0.000000e+000,...
 9.522424e+002,9.531791e+002,2.959323e-004,0.000000e+000,...
 9.528956e+002,9.528956e+002,3.003019e-004,0.000000e+000;...
5.000000e+000,8.842576e+002,8.780808e+002,6.150251e+000,...
 2.669227e-002,0.000000e+000,0.000000e+000,...
 8.772546e+002,8.780884e+002,3.143464e-004,0.000000e+000,...
 8.698976e+002,8.698976e+002,3.206826e-004,0.000000e+000;...
5.157900e+000,8.216599e+002,8.154572e+002,6.168677e+000,...
 2.738001e-002,0.000000e+000,0.000000e+000,...
 8.120870e+002,8.128351e+002,3.320562e-004,0.000000e+000,...
 8.080649e+002,8.080649e+002,3.395666e-004,0.000000e+000;...
5.157900e+000,8.566959e+002,8.504932e+002,6.168677e+000,...
 2.738001e-002,0.000000e+000,0.000000e+000,...
 8.470369e+002,8.478173e+002,3.320675e-004,0.000000e+000,...
 8.426386e+002,8.426386e+002,3.395666e-004,0.000000e+000;...
5.500000e+000,7.295281e+002,7.230659e+002,6.441440e+000,...
 2.886710e-002,0.000000e+000,0.000000e+000,...
 7.232071e+002,7.238318e+002,3.718630e-004,0.000000e+000,...
 7.167391e+002,7.167391e+002,3.800651e-004,0.000000e+000;...
6.300000e+000,5.231528e+002,5.169502e+002,6.148175e+000,...
 3.220201e-002,0.000000e+000,0.000000e+000,...
 5.175648e+002,5.179548e+002,4.701579e-004,0.000000e+000,...
 5.129611e+002,5.129611e+002,4.801858e-004,0.000000e+000;...
7.000000e+000,4.037708e+002,3.979834e+002,5.753176e+000,...
 3.478170e-002,0.000000e+000,0.000000e+000,...
 3.991223e+002,3.993928e+002,5.622108e-004,0.000000e+000,...
 3.951731e+002,3.951731e+002,5.907849e-004,0.000000e+000;...
8.000000e+000,2.923562e+002,2.871657e+002,5.173913e+000,...
 3.835278e-002,0.000000e+000,0.000000e+000,...
 2.869880e+002,2.871578e+002,7.029492e-004,0.000000e+000,...
 2.853669e+002,2.853669e+002,7.409662e-004,0.000000e+000;...
9.000000e+000,2.175841e+002,2.129256e+002,4.618787e+000,...
 4.180707e-002,0.000000e+000,0.000000e+000,...
 2.132442e+002,2.133559e+002,8.560652e-004,0.000000e+000,...
