function zr =z91(flag,e)

za = [

9.905701e-001,6.971099e+003,6.967739e+003,3.329441e+000,...
 4.611646e-003,0.000000e+000,0.000000e+000,...
 6.817142e+003,6.849676e+003,1.207036e-005,0.000000e+000,...
 6.966802e+003,6.966802e+003,1.181079e-005,0.000000e+000;...
1.000000e+000,6.853242e+003,6.849624e+003,3.547062e+000,...
 4.669799e-003,0.000000e+000,0.000000e+000,...
 6.817142e+003,6.849676e+003,1.207036e-005,0.000000e+000,...
 6.849056e+003,6.849056e+003,1.205465e-005,0.000000e+000;...
1.100000e+000,5.765656e+003,5.761521e+003,4.022881e+000,...
 5.256237e-003,0.000000e+000,0.000000e+000,...
 5.738142e+003,5.763026e+003,1.486379e-005,0.000000e+000,...
 5.760987e+003,5.760987e+003,1.508251e-005,0.000000e+000;...
1.210100e+000,4.861574e+003,4.857438e+003,4.137378e+000,...
 5.919954e-003,0.000000e+000,0.000000e+000,...
 4.811496e+003,4.830456e+003,1.830702e-005,0.000000e+000,...
 4.856974e+003,4.856974e+003,1.853786e-005,0.000000e+000;...
1.210100e+000,4.930323e+003,4.926188e+003,4.137378e+000,...
 5.919954e-003,0.000000e+000,0.000000e+000,...
 4.879138e+003,4.898362e+003,1.831032e-005,0.000000e+000,...
 4.925686e+003,4.925686e+003,1.853786e-005,0.000000e+000;...
1.250000e+000,4.613455e+003,4.609320e+003,4.266089e+000,...
 6.160320e-003,0.000000e+000,0.000000e+000,...
 4.592591e+003,4.610108e+003,1.965122e-005,0.000000e+000,...
 4.608771e+003,4.608771e+003,1.980533e-005,0.000000e+000;...
1.362100e+000,3.916397e+003,3.912003e+003,4.377484e+000,...
 6.838769e-003,0.000000e+000,0.000000e+000,...
 3.872555e+003,3.886106e+003,2.365419e-005,0.000000e+000,...
 3.911733e+003,3.911733e+003,2.380218e-005,0.000000e+000;...
1.362100e+000,3.993676e+003,3.989282e+003,4.377484e+000,...
 6.838769e-003,0.000000e+000,0.000000e+000,...
 3.949059e+003,3.962877e+003,2.365780e-005,0.000000e+000,...
 3.989018e+003,3.989018e+003,2.380218e-005,0.000000e+000;...
1.400000e+000,3.756412e+003,3.751760e+003,4.559438e+000,...
 7.055614e-003,0.000000e+000,0.000000e+000,...
 3.740234e+003,3.752967e+003,2.504456e-005,0.000000e+000,...
 3.751417e+003,3.751417e+003,2.550841e-005,0.000000e+000;...
1.600000e+000,2.871714e+003,2.866804e+003,4.756899e+000,...
 8.214018e-003,0.000000e+000,0.000000e+000,...
 2.858520e+003,2.867031e+003,3.306780e-005,0.000000e+000,...
 2.866705e+003,2.866705e+003,3.467266e-005,0.000000e+000;...
1.800000e+000,2.247877e+003,2.243095e+003,4.750954e+000,...
 9.392581e-003,0.000000e+000,0.000000e+000,...
 2.237447e+003,2.243366e+003,4.225353e-005,0.000000e+000,...
 2.242825e+003,2.242825e+003,4.407215e-005,0.000000e+000;...
2.000000e+000,1.804882e+003,1.800204e+003,4.660753e+000,...
 1.058949e-002,0.000000e+000,0.000000e+000,...
 1.796101e+003,1.800377e+003,5.261297e-005,0.000000e+000,...
 1.800000e+003,1.800000e+003,5.368250e-005,0.000000e+000;...
2.200000e+000,1.468242e+003,1.463719e+003,4.514725e+000,...
 1.177426e-002,0.000000e+000,0.000000e+000,...
 1.460575e+003,1.463735e+003,6.389126e-005,0.000000e+000,...
 1.463565e+003,1.463565e+003,6.471579e-005,0.000000e+000;...
2.500000e+000,1.110408e+003,1.106221e+003,4.153143e+000,...
 1.346845e-002,0.000000e+000,0.000000e+000,...
 1.104315e+003,1.106417e+003,8.258299e-005,0.000000e+000,...
 1.106129e+003,1.106129e+003,8.566298e-005,0.000000e+000;...
2.800000e+000,8.617211e+002,8.580251e+002,3.673965e+000,...
 1.517323e-002,0.000000e+000,0.000000e+000,...
 8.567759e+002,8.582316e+002,1.035263e-004,0.000000e+000,...
 8.579562e+002,8.579562e+002,1.068082e-004,0.000000e+000;...
3.200000e+000,6.353387e+002,6.327283e+002,2.597750e+000,...
 1.743524e-002,0.000000e+000,0.000000e+000,...
 6.324783e+002,6.334184e+002,1.348818e-004,0.000000e+000,...
 6.326854e+002,6.326854e+002,1.364570e-004,0.000000e+000;...
3.443600e+000,5.403558e+002,5.387534e+002,1.586563e+000,...
 1.871745e-002,0.000000e+000,0.000000e+000,...
 5.354888e+002,5.362282e+002,1.552141e-004,0.000000e+000,...
 5.387305e+002,5.387305e+002,1.590666e-004,0.000000e+000;...
3.443600e+000,1.336222e+003,1.334620e+003,1.586563e+000,...
 1.871745e-002,0.000000e+000,0.000000e+000,...
 1.330147e+003,1.331984e+003,1.552226e-004,0.000000e+000,...
 1.334546e+003,1.334546e+003,1.590666e-004,0.000000e+000;...
3.500000e+000,1.274554e+003,1.271866e+003,2.686142e+000,...
 1.901416e-002,0.000000e+000,0.000000e+000,...
 1.270257e+003,1.271983e+003,1.601058e-004,0.000000e+000,...
 1.271772e+003,1.271772e+003,1.642922e-004,0.000000e+000;...
3.616100e+000,1.164943e+003,1.161634e+003,3.309799e+000,...
 1.962308e-002,0.000000e+000,0.000000e+000,...
 1.158294e+003,1.159818e+003,1.704033e-004,0.000000e+000,...
 1.161544e+003,1.161544e+003,1.750215e-004,0.000000e+000;...
3.616100e+000,1.667538e+003,1.664230e+003,3.309799e+000,...
 1.962308e-002,0.000000e+000,0.000000e+000,...
 1.660122e+003,1.662305e+003,1.704123e-004,0.000000e+000,...
 1.642855e+003,1.642855e+003,1.750215e-004,0.000000e+000;...
4.000000e+000,1.293396e+003,1.288227e+003,5.136313e+000,...
 2.163594e-002,0.000000e+000,0.000000e+000,...
 1.286713e+003,1.288242e+003,2.066225e-004,0.000000e+000,...
 1.273504e+003,1.273504e+003,2.104262e-004,0.000000e+000;...
4.159400e+000,1.178357e+003,1.173213e+003,5.103748e+000,...
 2.246946e-002,0.000000e+000,0.000000e+000,...
 1.168557e+003,1.169892e+003,2.226351e-004,0.000000e+000,...
 1.160316e+003,1.160316e+003,2.250744e-004,0.000000e+000;...
4.159400e+000,1.370183e+003,1.365040e+003,5.103748e+000,...
 2.246946e-002,0.000000e+000,0.000000e+000,...
 1.360102e+003,1.361657e+003,2.226452e-004,0.000000e+000,...
 1.350040e+003,1.350040e+003,2.250744e-004,0.000000e+000;...
4.500000e+000,1.122142e+003,1.115862e+003,6.255690e+000,...
 2.407577e-002,0.000000e+000,0.000000e+000,...
 1.116022e+003,1.117201e+003,2.569231e-004,0.000000e+000,...
 1.104576e+003,1.104576e+003,2.632690e-004,0.000000e+000;...
5.000000e+000,8.616177e+002,8.556473e+002,5.940372e+000,...
 2.637294e-002,0.000000e+000,0.000000e+000,...
 8.548284e+002,8.556409e+002,3.108232e-004,0.000000e+000,...
 8.479246e+002,8.479246e+002,3.196487e-004,0.000000e+000;...
5.001800e+000,8.609199e+002,8.549495e+002,5.944508e+000,...
 2.638069e-002,0.000000e+000,0.000000e+000,...
 8.540502e+002,8.548616e+002,3.110257e-004,0.000000e+000,...
 8.472422e+002,8.472422e+002,3.198458e-004,0.000000e+000;...
5.001800e+000,9.137226e+002,9.077522e+002,5.944508e+000,...
 2.638069e-002,0.000000e+000,0.000000e+000,...
 9.067476e+002,9.076091e+002,3.110369e-004,0.000000e+000,...
 8.986095e+002,8.986095e+002,3.198458e-004,0.000000e+000;...
5.334900e+000,7.864584e+002,7.802554e+002,6.167814e+000,...
 2.789008e-002,0.000000e+000,0.000000e+000,...
 7.733379e+002,7.740266e+002,3.494654e-004,0.000000e+000,...
 7.728414e+002,7.728414e+002,3.567186e-004,0.000000e+000;...
5.334900e+000,8.197993e+002,8.135964e+002,6.167814e+000,...
 2.789008e-002,0.000000e+000,0.000000e+000,...
 8.066314e+002,8.073498e+002,3.494772e-004,0.000000e+000,...
 8.057083e+002,8.057083e+002,3.567186e-004,0.000000e+000;...
5.500000e+000,7.559605e+002,7.494991e+002,6.423170e+000,...
 2.863961e-002,0.000000e+000,0.000000e+000,...
 7.492261e+002,7.498732e+002,3.691947e-004,0.000000e+000,...
 7.424263e+002,7.424263e+002,3.749098e-004,0.000000e+000;...
6.300000e+000,5.434314e+002,5.371251e+002,6.260601e+000,...
 3.189099e-002,0.000000e+000,0.000000e+000,...
 5.372368e+002,5.376417e+002,4.673529e-004,0.000000e+000,...
 5.326290e+002,5.326290e+002,4.841115e-004,0.000000e+000;...
7.000000e+000,4.198115e+002,4.138928e+002,5.878085e+000,...
 3.455568e-002,0.000000e+000,0.000000e+000,...
 4.137045e+002,4.139849e+002,5.592831e-004,0.000000e+000,...
 4.107352e+002,4.107352e+002,5.832977e-004,0.000000e+000;...
8.000000e+000,3.031441e+002,2.977940e+002,5.304310e+000,...
 3.825420e-002,0.000000e+000,0.000000e+000,...
 2.976127e+002,2.977888e+002,7.016961e-004,0.000000e+000,...
 2.957791e+002,2.957791e+002,7.189329e-004,0.000000e+000;...
9.000000e+000,2.256535e+002,2.208669e+002,4.746819e+000,...
 4.177438e-002,0.000000e+000,0.000000e+000,...
 2.212498e+002,2.213658e+002,8.567682e-004,0.000000e+000,...
