function zr =z92(flag,e)

za = [8.000000e-001,9.406078e+003,9.403295e+003,2.826478e+000,...
 3.314465e-003,0.000000e+000,0.000000e+000,...
 6.562797e+003,6.594118e+003,1.172304e-005,0.000000e+000,...
 9.402374e+003,9.402374e+003,7.026385e-006,0.000000e+000;...
1.000000e+000,6.594525e+003,6.591237e+003,3.319524e+000,...
 4.530764e-003,0.000000e+000,0.000000e+000,...
 6.562797e+003,6.594118e+003,1.172304e-005,0.000000e+000,...
 6.590500e+003,6.590500e+003,1.170818e-005,0.000000e+000;...
1.030500e+000,6.282103e+003,6.278814e+003,3.414389e+000,...
 4.705822e-003,0.000000e+000,0.000000e+000,...
 6.221897e+003,6.250707e+003,1.252169e-005,0.000000e+000,...
 6.278172e+003,6.278172e+003,1.260243e-005,0.000000e+000;...
1.030500e+000,6.679777e+003,6.676489e+003,3.414389e+000,...
 4.705822e-003,0.000000e+000,0.000000e+000,...
 6.616693e+003,6.647329e+003,1.252436e-005,0.000000e+000,...
 6.675551e+003,6.675551e+003,1.260243e-005,0.000000e+000;...
1.100000e+000,5.939829e+003,5.935781e+003,4.000530e+000,...
 5.104762e-003,0.000000e+000,0.000000e+000,...
 5.911046e+003,5.936680e+003,1.444915e-005,0.000000e+000,...
 5.935236e+003,5.935236e+003,1.466395e-005,0.000000e+000;...
1.250000e+000,4.652444e+003,4.648396e+003,4.188743e+000,...
 5.989918e-003,0.000000e+000,0.000000e+000,...
 4.631906e+003,4.649573e+003,1.912630e-005,0.000000e+000,...
 4.648021e+003,4.648021e+003,1.928021e-005,0.000000e+000;...
1.264200e+000,4.564662e+003,4.560615e+003,4.227954e+000,...
 6.075928e-003,0.000000e+000,0.000000e+000,...
 4.529373e+003,4.546454e+003,1.960615e-005,0.000000e+000,...
 4.559915e+003,4.559915e+003,1.973069e-005,0.000000e+000;...
1.264200e+000,4.628412e+003,4.624364e+003,4.227954e+000,...
 6.075928e-003,0.000000e+000,0.000000e+000,...
 4.592221e+003,4.609538e+003,1.960953e-005,0.000000e+000,...
 4.623780e+003,4.623780e+003,1.973069e-005,0.000000e+000;...
1.400000e+000,3.780443e+003,3.776142e+003,4.364560e+000,...
 6.870773e-003,0.000000e+000,0.000000e+000,...
 3.763753e+003,3.776565e+003,2.441228e-005,0.000000e+000,...
 3.775725e+003,3.775725e+003,2.469619e-005,0.000000e+000;...
1.419900e+000,3.686843e+003,3.682289e+003,4.425779e+000,...
 6.985117e-003,0.000000e+000,0.000000e+000,...
 3.660426e+003,3.672711e+003,2.514654e-005,0.000000e+000,...
 3.682001e+003,3.682001e+003,2.553266e-005,0.000000e+000;...
1.419900e+000,3.759193e+003,3.754640e+003,4.425779e+000,...
 6.985117e-003,0.000000e+000,0.000000e+000,...
 3.732067e+003,3.744592e+003,2.515025e-005,0.000000e+000,...
 3.754399e+003,3.754399e+003,2.553266e-005,0.000000e+000;...
1.600000e+000,2.942087e+003,2.937281e+003,4.786015e+000,...
 8.018768e-003,0.000000e+000,0.000000e+000,...
 2.930391e+003,2.939115e+003,3.231178e-005,0.000000e+000,...
 2.937071e+003,2.937071e+003,3.317942e-005,0.000000e+000;...
1.800000e+000,2.314003e+003,2.309197e+003,4.803470e+000,...
 9.189279e-003,0.000000e+000,0.000000e+000,...
 2.303133e+003,2.309226e+003,4.137652e-005,0.000000e+000,...
 2.308912e+003,2.308912e+003,4.190267e-005,0.000000e+000;...
2.000000e+000,1.846305e+003,1.841549e+003,4.752622e+000,...
 1.035144e-002,0.000000e+000,0.000000e+000,...
 1.839215e+003,1.843593e+003,5.142841e-005,0.000000e+000,...
 1.841345e+003,1.841345e+003,5.201055e-005,0.000000e+000;...
2.200000e+000,1.504335e+003,1.499731e+003,4.587683e+000,...
 1.148755e-002,0.000000e+000,0.000000e+000,...
 1.496833e+003,1.500071e+003,6.249482e-005,0.000000e+000,...
 1.499592e+003,1.499592e+003,6.387623e-005,0.000000e+000;...
2.500000e+000,1.137219e+003,1.132944e+003,4.263876e+000,...
 1.320929e-002,0.000000e+000,0.000000e+000,...
 1.130959e+003,1.133112e+003,8.096378e-005,0.000000e+000,...
 1.132855e+003,1.132855e+003,8.194406e-005,0.000000e+000;...
2.800000e+000,8.842958e+002,8.804506e+002,3.827749e+000,...
 1.486247e-002,0.000000e+000,0.000000e+000,...
 8.794500e+002,8.809442e+002,1.014916e-004,0.000000e+000,...
 8.803807e+002,8.803807e+002,1.040256e-004,0.000000e+000;...
3.200000e+000,6.545701e+002,6.515850e+002,2.956254e+000,...
 1.702161e-002,0.000000e+000,0.000000e+000,...
 6.507994e+002,6.517667e+002,1.318268e-004,0.000000e+000,...
 6.515501e+002,6.515501e+002,1.358311e-004,0.000000e+000;...
3.500000e+000,5.315236e+002,5.299805e+002,1.508458e+000,...
 1.864393e-002,0.000000e+000,0.000000e+000,...
 5.294081e+002,5.301273e+002,1.571167e-004,0.000000e+000,...
 5.299509e+002,5.299509e+002,1.597437e-004,0.000000e+000;...
3.555200e+000,5.151056e+002,5.134866e+002,1.593989e+000,...
 1.894269e-002,0.000000e+000,0.000000e+000,...
 5.105981e+002,5.112810e+002,1.620063e-004,0.000000e+000,...
 5.134550e+002,5.134550e+002,1.641655e-004,0.000000e+000;...
3.555200e+000,1.250931e+003,1.249312e+003,1.593989e+000,...
 1.894269e-002,0.000000e+000,0.000000e+000,...
 1.245363e+003,1.247029e+003,1.620152e-004,0.000000e+000,...
 1.249201e+003,1.249201e+003,1.641655e-004,0.000000e+000;...
3.736800e+000,1.101929e+003,1.098615e+003,3.285879e+000,...
 1.987819e-002,0.000000e+000,0.000000e+000,...
 1.093116e+003,1.094507e+003,1.781898e-004,0.000000e+000,...
 1.098523e+003,1.098523e+003,1.807453e-004,0.000000e+000;...
3.736800e+000,1.568009e+003,1.564695e+003,3.285879e+000,...
 1.987819e-002,0.000000e+000,0.000000e+000,...
 1.558511e+003,1.560495e+003,1.781987e-004,0.000000e+000,...
 1.544081e+003,1.544081e+003,1.807453e-004,0.000000e+000;...
4.000000e+000,1.322624e+003,1.317514e+003,5.078958e+000,...
 2.118075e-002,0.000000e+000,0.000000e+000,...
 1.315924e+003,1.317488e+003,2.024356e-004,0.000000e+000,...
 1.301306e+003,1.301306e+003,2.069921e-004,0.000000e+000;...
4.289600e+000,1.117007e+003,1.111896e+003,5.069598e+000,...
 2.260373e-002,0.000000e+000,0.000000e+000,...
 1.106085e+003,1.107310e+003,2.307724e-004,0.000000e+000,...
 1.099192e+003,1.099192e+003,2.356439e-004,0.000000e+000;...
4.289600e+000,1.299122e+003,1.294012e+003,5.069598e+000,...
 2.260373e-002,0.000000e+000,0.000000e+000,...
 1.287934e+003,1.289362e+003,2.307825e-004,0.000000e+000,...
 1.279157e+003,1.279157e+003,2.356439e-004,0.000000e+000;...
4.500000e+000,1.148729e+003,1.142582e+003,6.132089e+000,...
 2.363738e-002,0.000000e+000,0.000000e+000,...
 1.142390e+003,1.143597e+003,2.524415e-004,0.000000e+000,...
 1.130120e+003,1.130120e+003,2.563706e-004,0.000000e+000;...
5.000000e+000,8.812348e+002,8.751381e+002,6.055185e+000,...
 2.591465e-002,0.000000e+000,0.000000e+000,...
 8.750286e+002,8.758602e+002,3.056697e-004,0.000000e+000,...
 8.666279e+002,8.666279e+002,3.121372e-004,0.000000e+000;...
5.181500e+000,8.128054e+002,8.068351e+002,5.948936e+000,...
 2.669887e-002,0.000000e+000,0.000000e+000,...
 7.995289e+002,8.002620e+002,3.257134e-004,0.000000e+000,...
 7.992714e+002,7.992714e+002,3.334778e-004,0.000000e+000;...
5.181500e+000,8.621353e+002,8.561651e+002,5.948936e+000,...
 2.669887e-002,0.000000e+000,0.000000e+000,...
 8.487727e+002,8.495510e+002,3.257247e-004,0.000000e+000,...
 8.471990e+002,8.471990e+002,3.334778e-004,0.000000e+000;...
5.500000e+000,7.392911e+002,7.332703e+002,5.980051e+000,...
 2.807252e-002,0.000000e+000,0.000000e+000,...
 7.326566e+002,7.332895e+002,3.622274e-004,0.000000e+000,...
 7.260062e+002,7.260062e+002,3.705733e-004,0.000000e+000;...
5.521300e+000,7.333209e+002,7.272748e+002,6.025334e+000,...
 2.816359e-002,0.000000e+000,0.000000e+000,...
 7.256835e+002,7.263079e+002,3.647295e-004,0.000000e+000,...
 7.200706e+002,7.200706e+002,3.730337e-004,0.000000e+000;...
5.521300e+000,7.645126e+002,7.584666e+002,6.025334e+000,...
 2.816359e-002,0.000000e+000,0.000000e+000,...
 7.568207e+002,7.574719e+002,3.647413e-004,0.000000e+000,...
 7.508174e+002,7.508174e+002,3.730337e-004,0.000000e+000;...
6.300000e+000,5.544683e+002,5.481946e+002,6.232520e+000,...
 3.138395e-002,0.000000e+000,0.000000e+000,...
 5.483257e+002,5.487390e+002,4.596600e-004,0.000000e+000,...
 5.432844e+002,5.432844e+002,4.692047e-004,0.000000e+000;...
7.000000e+000,4.281331e+002,4.222135e+002,5.883668e+000,...
 3.395163e-002,0.000000e+000,0.000000e+000,...
 4.220217e+002,4.223076e+002,5.498850e-004,0.000000e+000,...
