function zr =z93(flag,e)

za = [8.129400e-001,9.557265e+003,9.554724e+003,2.727707e+000,...
 3.384542e-003,0.000000e+000,0.000000e+000,...
 6.868384e+003,6.901162e+003,1.172487e-005,0.000000e+000,...
 9.553497e+003,9.553497e+003,7.291322e-006,0.000000e+000;...
1.000000e+000,6.904770e+003,6.901212e+003,3.551990e+000,...
 4.526951e-003,0.000000e+000,0.000000e+000,...
 6.868384e+003,6.901162e+003,1.172487e-005,0.000000e+000,...
 6.900741e+003,6.900741e+003,1.171012e-005,0.000000e+000;...
1.070800e+000,6.140707e+003,6.137150e+003,3.583752e+000,...
 4.935790e-003,0.000000e+000,0.000000e+000,...
 6.102061e+003,6.129248e+003,1.363105e-005,0.000000e+000,...
 6.136407e+003,6.136407e+003,1.380484e-005,0.000000e+000;...
1.070800e+000,6.530742e+003,6.527185e+003,3.583752e+000,...
 4.935790e-003,0.000000e+000,0.000000e+000,...
 6.489609e+003,6.518521e+003,1.363385e-005,0.000000e+000,...
 6.526562e+003,6.526562e+003,1.380484e-005,0.000000e+000;...
1.100000e+000,6.209567e+003,6.205501e+003,4.012664e+000,...
 5.104509e-003,0.000000e+000,0.000000e+000,...
 6.181261e+003,6.208067e+003,1.446304e-005,0.000000e+000,...
 6.204714e+003,6.204714e+003,1.467879e-005,0.000000e+000;...
1.250000e+000,4.889544e+003,4.885225e+003,4.317832e+000,...
 5.996381e-003,0.000000e+000,0.000000e+000,...
 4.867094e+003,4.885658e+003,1.916533e-005,0.000000e+000,...
 4.884543e+003,4.884543e+003,1.932168e-005,0.000000e+000;...
1.319500e+000,4.424297e+003,4.419724e+003,4.383134e+000,...
 6.419957e-003,0.000000e+000,0.000000e+000,...
 4.395105e+003,4.410983e+003,2.159064e-005,0.000000e+000,...
 4.419556e+003,4.419556e+003,2.154613e-005,0.000000e+000;...
1.319500e+000,4.485026e+003,4.480452e+003,4.383134e+000,...
 6.419957e-003,0.000000e+000,0.000000e+000,...
 4.454975e+003,4.471068e+003,2.159419e-005,0.000000e+000,...
 4.480186e+003,4.480186e+003,2.154613e-005,0.000000e+000;...
1.400000e+000,3.980140e+003,3.975566e+003,4.532796e+000,...
 6.887238e-003,0.000000e+000,0.000000e+000,...
 3.962091e+003,3.975578e+003,2.449449e-005,0.000000e+000,...
 3.975309e+003,3.975309e+003,2.462363e-005,0.000000e+000;...
1.478900e+000,3.576891e+003,3.572318e+003,4.630368e+000,...
 7.347911e-003,0.000000e+000,0.000000e+000,...
 3.546712e+003,3.558139e+003,2.750662e-005,0.000000e+000,...
 3.571891e+003,3.571891e+003,2.779443e-005,0.000000e+000;...
1.478900e+000,3.648038e+003,3.643464e+003,4.630368e+000,...
 7.347911e-003,0.000000e+000,0.000000e+000,...
 3.617274e+003,3.628928e+003,2.751055e-005,0.000000e+000,...
 3.642680e+003,3.642680e+003,2.779443e-005,0.000000e+000;...
1.600000e+000,3.096906e+003,3.091824e+003,4.901233e+000,...
 8.055056e-003,0.000000e+000,0.000000e+000,...
 3.083217e+003,3.092397e+003,3.248947e-005,0.000000e+000,...
 3.091358e+003,3.091358e+003,3.271296e-005,0.000000e+000;...
1.800000e+000,2.429425e+003,2.424419e+003,4.979494e+000,...
 9.218048e-003,0.000000e+000,0.000000e+000,...
 2.418094e+003,2.424491e+003,4.154492e-005,0.000000e+000,...
 2.424143e+003,2.424143e+003,4.228807e-005,0.000000e+000;...
2.000000e+000,1.945451e+003,1.940521e+003,4.919274e+000,...
 1.035563e-002,0.000000e+000,0.000000e+000,...
 1.935921e+003,1.940529e+003,5.154388e-005,0.000000e+000,...
 1.940296e+003,1.940296e+003,5.375555e-005,0.000000e+000;...
2.200000e+000,1.587609e+003,1.582807e+003,4.790448e+000,...
 1.150515e-002,0.000000e+000,0.000000e+000,...
 1.579419e+003,1.582836e+003,6.264725e-005,0.000000e+000,...
 1.582649e+003,1.582649e+003,6.540741e-005,0.000000e+000;...
2.500000e+000,1.197752e+003,1.193254e+003,4.504337e+000,...
 1.324977e-002,0.000000e+000,0.000000e+000,...
 1.191278e+003,1.193545e+003,8.135803e-005,0.000000e+000,...
 1.193146e+003,1.193146e+003,8.317630e-005,0.000000e+000;...
2.800000e+000,9.317907e+002,9.276744e+002,4.103122e+000,...
 1.494738e-002,0.000000e+000,0.000000e+000,...
 9.266584e+002,9.282328e+002,1.021611e-004,0.000000e+000,...
 9.276014e+002,9.276014e+002,1.040600e-004,0.000000e+000;...
3.200000e+000,6.881647e+002,6.848107e+002,3.317969e+000,...
 1.710820e-002,0.000000e+000,0.000000e+000,...
 6.838839e+002,6.849003e+002,1.326095e-004,0.000000e+000,...
 6.847686e+002,6.847686e+002,1.366729e-004,0.000000e+000;...
3.500000e+000,5.603297e+002,5.579920e+002,2.324916e+000,...
 1.873059e-002,0.000000e+000,0.000000e+000,...
 5.574423e+002,5.581996e+002,1.579801e-004,0.000000e+000,...
 5.579400e+002,5.579400e+002,1.611711e-004,0.000000e+000;...
3.668100e+000,5.065886e+002,5.049370e+002,1.655097e+000,...
 1.964051e-002,0.000000e+000,0.000000e+000,...
 5.006952e+002,5.013442e+002,1.731419e-004,0.000000e+000,...
 5.048935e+002,5.048935e+002,1.749215e-004,0.000000e+000;...
3.668100e+000,1.206594e+003,1.204943e+003,1.655097e+000,...
 1.964051e-002,0.000000e+000,0.000000e+000,...
 1.199732e+003,1.201287e+003,1.731511e-004,0.000000e+000,...
 1.204822e+003,1.204822e+003,1.749215e-004,0.000000e+000;...
3.859200e+000,1.072203e+003,1.068824e+003,3.355829e+000,...
 2.059362e-002,0.000000e+000,0.000000e+000,...
 1.058959e+003,1.060264e+003,1.904571e-004,0.000000e+000,...
 1.068730e+003,1.068730e+003,1.942320e-004,0.000000e+000;...
3.859200e+000,1.515192e+003,1.511813e+003,3.355829e+000,...
 2.059362e-002,0.000000e+000,0.000000e+000,...
 1.501316e+003,1.503165e+003,1.904662e-004,0.000000e+000,...
 1.491258e+003,1.491258e+003,1.942320e-004,0.000000e+000;...
4.000000e+000,1.381564e+003,1.376660e+003,4.882684e+000,...
 2.127942e-002,0.000000e+000,0.000000e+000,...
 1.375074e+003,1.376708e+003,2.035466e-004,0.000000e+000,...
 1.358642e+003,1.358642e+003,2.091852e-004,0.000000e+000;...
4.421600e+000,1.084603e+003,1.079420e+003,5.153803e+000,...
 2.331522e-002,0.000000e+000,0.000000e+000,...
 1.073976e+003,1.075131e+003,2.451252e-004,0.000000e+000,...
 1.066593e+003,1.066593e+003,2.534360e-004,0.000000e+000;...
4.421600e+000,1.262190e+003,1.257007e+003,5.153803e+000,...
 2.331522e-002,0.000000e+000,0.000000e+000,...
 1.251302e+003,1.252647e+003,2.451356e-004,0.000000e+000,...
 1.242051e+003,1.242051e+003,2.534360e-004,0.000000e+000;...
4.500000e+000,1.205578e+003,1.199683e+003,5.875686e+000,...
 2.369382e-002,0.000000e+000,0.000000e+000,...
 1.198725e+003,1.199991e+003,2.532482e-004,0.000000e+000,...
 1.185624e+003,1.185624e+003,2.616296e-004,0.000000e+000;...
5.000000e+000,9.260482e+002,9.197466e+002,6.283254e+000,...
 2.608536e-002,0.000000e+000,0.000000e+000,...
 9.197720e+002,9.206462e+002,3.079078e-004,0.000000e+000,...
 9.100939e+002,9.100939e+002,3.133334e-004,0.000000e+000;...
5.365500e+000,7.807060e+002,7.747094e+002,5.960808e+000,...
 2.772681e-002,0.000000e+000,0.000000e+000,...
 7.696804e+002,7.703619e+002,3.498265e-004,0.000000e+000,...
 7.671785e+002,7.671785e+002,3.557525e-004,0.000000e+000;...
5.365500e+000,8.279930e+002,8.219964e+002,5.960808e+000,...
 2.772681e-002,0.000000e+000,0.000000e+000,...
 8.168954e+002,8.176187e+002,3.498379e-004,0.000000e+000,...
 8.130684e+002,8.130684e+002,3.557525e-004,0.000000e+000;...
5.500000e+000,7.750397e+002,7.688398e+002,6.178313e+000,...
 2.828328e-002,0.000000e+000,0.000000e+000,...
 7.682759e+002,7.689395e+002,3.652295e-004,0.000000e+000,...
 7.606734e+002,7.606734e+002,3.739349e-004,0.000000e+000;...
5.712200e+000,7.109062e+002,7.046809e+002,6.178313e+000,...
 2.914212e-002,0.000000e+000,0.000000e+000,...
 6.986750e+002,6.992560e+002,3.901031e-004,0.000000e+000,...
 6.974633e+002,6.974633e+002,4.021628e-004,0.000000e+000;...
5.712200e+000,7.407877e+002,7.345624e+002,6.178313e+000,...
 2.914212e-002,0.000000e+000,0.000000e+000,...
 7.284911e+002,7.290969e+002,3.901150e-004,0.000000e+000,...
 7.268826e+002,7.268826e+002,4.021628e-004,0.000000e+000;...
6.300000e+000,5.789294e+002,5.725516e+002,6.353893e+000,...
 3.152045e-002,0.000000e+000,0.000000e+000,...
 5.726253e+002,5.730568e+002,4.626019e-004,0.000000e+000,...
 5.670625e+002,5.670625e+002,4.791142e-004,0.000000e+000;...
7.000000e+000,4.474862e+002,4.414133e+002,6.041864e+000,...
 3.428246e-002,0.000000e+000,0.000000e+000,...
 4.412141e+002,4.415132e+002,5.556994e-004,0.000000e+000,...
