function zr =z94(flag,e)

za = [8.425500e-001,9.358668e+003,9.355897e+003,2.824479e+000,...
 3.511957e-003,0.000000e+000,0.000000e+000,...
 7.096421e+003,7.130289e+003,1.148594e-005,0.000000e+000,...
 9.355001e+003,9.355001e+003,7.799024e-006,0.000000e+000;...
1.000000e+000,7.126443e+003,7.122665e+003,3.627082e+000,...
 4.444297e-003,0.000000e+000,0.000000e+000,...
 7.096421e+003,7.130289e+003,1.148594e-005,0.000000e+000,...
 7.121975e+003,7.121975e+003,1.147328e-005,0.000000e+000;...
1.100000e+000,6.056054e+003,6.052527e+003,3.609700e+000,...
 5.009092e-003,0.000000e+000,0.000000e+000,...
 6.026347e+003,6.052480e+003,1.416430e-005,0.000000e+000,...
 6.052053e+003,6.052053e+003,1.438187e-005,0.000000e+000;...
1.106000e+000,6.002647e+003,5.998869e+003,3.667893e+000,...
 5.043856e-003,0.000000e+000,0.000000e+000,...
 5.969846e+003,5.995594e+003,1.433477e-005,0.000000e+000,...
 5.998257e+003,5.998257e+003,1.456088e-005,0.000000e+000;...
1.106000e+000,6.384803e+003,6.381025e+003,3.667893e+000,...
 5.043856e-003,0.000000e+000,0.000000e+000,...
 6.349560e+003,6.376943e+003,1.433762e-005,0.000000e+000,...
 6.380610e+003,6.380610e+003,1.456088e-005,0.000000e+000;...
1.250000e+000,5.072071e+003,5.067788e+003,4.438251e+000,...
 5.880720e-003,0.000000e+000,0.000000e+000,...
 5.049920e+003,5.069182e+003,1.876227e-005,0.000000e+000,...
 5.067339e+003,5.067339e+003,1.892742e-005,0.000000e+000;...
1.370500e+000,4.261910e+003,4.257375e+003,4.557407e+000,...
 6.585581e-003,0.000000e+000,0.000000e+000,...
 4.224184e+003,4.238875e+003,2.291783e-005,0.000000e+000,...
 4.256967e+003,4.256967e+003,2.306633e-005,0.000000e+000;...
1.370500e+000,4.318843e+003,4.314308e+003,4.557407e+000,...
 6.585581e-003,0.000000e+000,0.000000e+000,...
 4.280259e+003,4.295143e+003,2.292137e-005,0.000000e+000,...
 4.313972e+003,4.313972e+003,2.306633e-005,0.000000e+000;...
1.400000e+000,4.124868e+003,4.120082e+003,4.642051e+000,...
 6.751341e-003,0.000000e+000,0.000000e+000,...
 4.107404e+003,4.121387e+003,2.397323e-005,0.000000e+000,...
 4.119744e+003,4.119744e+003,2.428499e-005,0.000000e+000;...
1.533700e+000,3.461070e+003,3.456283e+003,4.790933e+000,...
 7.514393e-003,0.000000e+000,0.000000e+000,...
 3.432115e+003,3.442777e+003,2.907189e-005,0.000000e+000,...
 3.455958e+003,3.455958e+003,2.990541e-005,0.000000e+000;...
1.533700e+000,3.526316e+003,3.521530e+003,4.790933e+000,...
 7.514393e-003,0.000000e+000,0.000000e+000,...
 3.496757e+003,3.507619e+003,2.907590e-005,0.000000e+000,...
 3.521028e+003,3.521028e+003,2.990541e-005,0.000000e+000;...
1.600000e+000,3.229055e+003,3.224017e+003,4.987427e+000,...
 7.892771e-003,0.000000e+000,0.000000e+000,...
 3.214405e+003,3.223976e+003,3.179285e-005,0.000000e+000,...
 3.223601e+003,3.223601e+003,3.272115e-005,0.000000e+000;...
1.800000e+000,2.534272e+003,2.529234e+003,5.129760e+000,...
 9.058888e-003,0.000000e+000,0.000000e+000,...
 2.522676e+003,2.529350e+003,4.078245e-005,0.000000e+000,...
 2.528954e+003,2.528954e+003,4.142305e-005,0.000000e+000;...
2.000000e+000,2.017013e+003,2.011900e+003,5.101545e+000,...
 1.021569e-002,0.000000e+000,0.000000e+000,...
 2.011249e+003,2.016037e+003,5.076580e-005,0.000000e+000,...
 2.011693e+003,2.011693e+003,5.148689e-005,0.000000e+000;...
2.200000e+000,1.642012e+003,1.637049e+003,4.971556e+000,...
 1.134376e-002,0.000000e+000,0.000000e+000,...
 1.636005e+003,1.639545e+003,6.172163e-005,0.000000e+000,...
 1.636868e+003,1.636868e+003,6.326750e-005,0.000000e+000;...
2.500000e+000,1.243254e+003,1.238544e+003,4.702259e+000,...
 1.305427e-002,0.000000e+000,0.000000e+000,...
 1.236338e+003,1.238691e+003,8.008755e-005,0.000000e+000,...
 1.238448e+003,1.238448e+003,8.122783e-005,0.000000e+000;...
2.800000e+000,9.658952e+002,9.615623e+002,4.319850e+000,...
 1.468820e-002,0.000000e+000,0.000000e+000,...
 9.600289e+002,9.616600e+002,1.003572e-004,0.000000e+000,...
 9.614955e+002,9.614955e+002,1.030062e-004,0.000000e+000;...
3.200000e+000,7.143069e+002,7.106542e+002,3.622296e+000,...
 1.681537e-002,0.000000e+000,0.000000e+000,...
 7.096726e+002,7.107274e+002,1.303308e-004,0.000000e+000,...
 7.106068e+002,7.106068e+002,1.342695e-004,0.000000e+000;...
3.500000e+000,5.803130e+002,5.774916e+002,2.801806e+000,...
 1.841327e-002,0.000000e+000,0.000000e+000,...
 5.771185e+002,5.779026e+002,1.553157e-004,0.000000e+000,...
 5.774625e+002,5.774625e+002,1.577765e-004,0.000000e+000;...
3.776900e+000,4.919410e+002,4.902784e+002,1.660049e+000,...
 1.981191e-002,0.000000e+000,0.000000e+000,...
 4.845732e+002,4.851831e+002,1.795865e-004,0.000000e+000,...
 4.902334e+002,4.902334e+002,1.831352e-004,0.000000e+000;...
3.776900e+000,1.173826e+003,1.172164e+003,1.660049e+000,...
 1.981191e-002,0.000000e+000,0.000000e+000,...
 1.165529e+003,1.166997e+003,1.795953e-004,0.000000e+000,...
 1.172049e+003,1.172049e+003,1.831352e-004,0.000000e+000;...
3.977800e+000,1.023534e+003,1.020158e+003,3.346952e+000,...
 2.077423e-002,0.000000e+000,0.000000e+000,...
 1.016949e+003,1.018164e+003,1.977407e-004,0.000000e+000,...
 1.020077e+003,1.020077e+003,2.039165e-004,0.000000e+000;...
3.977800e+000,1.396344e+003,1.392968e+003,3.346952e+000,...
 2.077423e-002,0.000000e+000,0.000000e+000,...
 1.389395e+003,1.391056e+003,1.977499e-004,0.000000e+000,...
 1.374945e+003,1.374945e+003,2.039165e-004,0.000000e+000;...
4.000000e+000,1.418537e+003,1.414759e+003,3.756819e+000,...
 2.088054e-002,0.000000e+000,0.000000e+000,...
 1.413477e+003,1.415157e+003,1.997963e-004,0.000000e+000,...
 1.394909e+003,1.394909e+003,2.062122e-004,0.000000e+000;...
4.500000e+000,1.073715e+003,1.068652e+003,5.038314e+000,...
 2.325358e-002,0.000000e+000,0.000000e+000,...
 1.067538e+003,1.068666e+003,2.486779e-004,0.000000e+000,...
 1.054962e+003,1.054962e+003,2.572805e-004,0.000000e+000;...
4.549900e+000,1.043032e+003,1.037792e+003,5.212388e+000,...
 2.348837e-002,0.000000e+000,0.000000e+000,...
 1.035535e+003,1.036617e+003,2.538260e-004,0.000000e+000,...
 1.024770e+003,1.024770e+003,2.623351e-004,0.000000e+000;...
4.549900e+000,1.214561e+003,1.209321e+003,5.212388e+000,...
 2.348837e-002,0.000000e+000,0.000000e+000,...
 1.206815e+003,1.208076e+003,2.538365e-004,0.000000e+000,...
 1.193973e+003,1.193973e+003,2.623351e-004,0.000000e+000;...
5.000000e+000,9.573049e+002,9.509314e+002,6.350291e+000,...
 2.560471e-002,0.000000e+000,0.000000e+000,...
 9.508384e+002,9.517422e+002,3.024563e-004,0.000000e+000,...
 9.400303e+002,9.400303e+002,3.076512e-004,0.000000e+000;...
5.500000e+000,7.544875e+002,7.484919e+002,5.961837e+000,...
 2.778630e-002,0.000000e+000,0.000000e+000,...
 7.480060e+002,7.486522e+002,3.591466e-004,0.000000e+000,...
 7.407533e+002,7.407533e+002,3.663581e-004,0.000000e+000;...
5.548500e+000,7.394482e+002,7.334022e+002,5.999372e+000,...
 2.798280e-002,0.000000e+000,0.000000e+000,...
 7.316486e+002,7.322751e+002,3.647323e-004,0.000000e+000,...
 7.259028e+002,7.259028e+002,3.726124e-004,0.000000e+000;...
5.548500e+000,7.842136e+002,7.781676e+002,5.999372e+000,...
 2.798280e-002,0.000000e+000,0.000000e+000,...
 7.763490e+002,7.770137e+002,3.647438e-004,0.000000e+000,...
 7.692703e+002,7.692703e+002,3.726124e-004,0.000000e+000;...
5.902100e+000,6.760410e+002,6.698690e+002,6.141453e+000,...
 2.941872e-002,0.000000e+000,0.000000e+000,...
 6.649149e+002,6.654500e+002,4.065742e-004,0.000000e+000,...
 6.626349e+002,6.626349e+002,4.179161e-004,0.000000e+000;...
5.902100e+000,7.047090e+002,6.985370e+002,6.141453e+000,...
 2.941872e-002,0.000000e+000,0.000000e+000,...
 6.935356e+002,6.940937e+002,4.065862e-004,0.000000e+000,...
 6.908592e+002,6.908507e+002,4.179161e-004,0.000000e+000;...
6.300000e+000,5.953020e+002,5.888782e+002,6.396140e+000,...
 3.103350e-002,0.000000e+000,0.000000e+000,...
 5.885652e+002,5.890088e+002,4.559786e-004,0.000000e+000,...
 5.827573e+002,5.827573e+002,4.682220e-004,0.000000e+000;...
7.000000e+000,4.600485e+002,4.539017e+002,6.093589e+000,...
 3.380961e-002,0.000000e+000,0.000000e+000,...
 4.537212e+002,4.540287e+002,5.473365e-004,0.000000e+000,...
