function zr =z95(flag,e)

za = [8.779000e-001,8.938258e+003,8.935271e+003,2.938609e+000,...
 3.643835e-003,0.000000e+000,0.000000e+000,...
 7.301078e+003,7.335921e+003,1.125923e-005,0.000000e+000,...
 8.934335e+003,8.934335e+003,8.382709e-006,0.000000e+000;...
1.000000e+000,7.336692e+003,7.333208e+003,3.667724e+000,...
 4.352545e-003,0.000000e+000,0.000000e+000,...
 7.301078e+003,7.335921e+003,1.125923e-005,0.000000e+000,...
 7.332114e+003,7.332114e+003,1.124506e-005,0.000000e+000;...
1.100000e+000,6.246503e+003,6.242770e+003,3.750092e+000,...
 4.908713e-003,0.000000e+000,0.000000e+000,...
 6.216745e+003,6.243704e+003,1.389359e-005,0.000000e+000,...
 6.242136e+003,6.242136e+003,1.410454e-005,0.000000e+000;...
1.147000e+000,5.818241e+003,5.814508e+003,3.823252e+000,...
 5.177964e-003,0.000000e+000,0.000000e+000,...
 5.766566e+003,5.790545e+003,1.523692e-005,0.000000e+000,...
 5.813900e+003,5.813900e+003,1.549349e-005,0.000000e+000;...
1.147000e+000,6.187775e+003,6.184043e+003,3.823252e+000,...
 5.177964e-003,0.000000e+000,0.000000e+000,...
 6.133675e+003,6.159178e+003,1.523985e-005,0.000000e+000,...
 6.183365e+003,6.183365e+003,1.549349e-005,0.000000e+000;...
1.250000e+000,5.241418e+003,5.236939e+003,4.508322e+000,...
 5.767974e-003,0.000000e+000,0.000000e+000,...
 5.218301e+003,5.238205e+003,1.841952e-005,0.000000e+000,...
 5.236518e+003,5.236518e+003,1.858025e-005,0.000000e+000;...
1.400000e+000,4.215929e+003,4.211450e+003,4.636975e+000,...
 6.626738e-003,0.000000e+000,0.000000e+000,...
 4.198396e+003,4.212688e+003,2.353704e-005,0.000000e+000,...
 4.211046e+003,4.211046e+003,2.385725e-005,0.000000e+000;...
1.428200e+000,4.062392e+003,4.057664e+003,4.686992e+000,...
 6.785501e-003,0.000000e+000,0.000000e+000,...
 4.036060e+003,4.049527e+003,2.456940e-005,0.000000e+000,...
 4.057316e+003,4.057316e+003,2.501704e-005,0.000000e+000;...
1.428200e+000,4.115645e+003,4.110917e+003,4.686992e+000,...
 6.785501e-003,0.000000e+000,0.000000e+000,...
 4.088637e+003,4.102279e+003,2.457305e-005,0.000000e+000,...
 4.110278e+003,4.110278e+003,2.501704e-005,0.000000e+000;...
1.595200e+000,3.282014e+003,3.277286e+003,4.854714e+000,...
 7.726383e-003,0.000000e+000,0.000000e+000,...
 3.264700e+003,3.274450e+003,3.106086e-005,0.000000e+000,...
 3.276747e+003,3.276747e+003,3.197091e-005,0.000000e+000;...
1.595200e+000,3.343479e+003,3.338751e+003,4.854714e+000,...
 7.726383e-003,0.000000e+000,0.000000e+000,...
 3.325499e+003,3.335429e+003,3.106498e-005,0.000000e+000,...
 3.338197e+003,3.338197e+003,3.197091e-005,0.000000e+000;...
1.600000e+000,3.320088e+003,3.315111e+003,4.855460e+000,...
 7.753258e-003,0.000000e+000,0.000000e+000,...
 3.305584e+003,3.315426e+003,3.125934e-005,0.000000e+000,...
 3.314695e+003,3.314695e+003,3.217127e-005,0.000000e+000;...
1.800000e+000,2.611378e+003,2.606152e+003,5.185926e+000,...
 8.905161e-003,0.000000e+000,0.000000e+000,...
 2.599333e+003,2.606211e+003,4.010923e-005,0.000000e+000,...
 2.605787e+003,2.605787e+003,4.075429e-005,0.000000e+000;...
2.000000e+000,2.086464e+003,2.081263e+003,5.200857e+000,...
 1.004860e-002,0.000000e+000,0.000000e+000,...
 2.076512e+003,2.081455e+003,5.001489e-005,0.000000e+000,...
 2.081017e+003,2.081017e+003,5.069129e-005,0.000000e+000;...
2.200000e+000,1.697644e+003,1.692543e+003,5.108287e+000,...
 1.116467e-002,0.000000e+000,0.000000e+000,...
 1.689172e+003,1.692826e+003,6.080132e-005,0.000000e+000,...
 1.692359e+003,1.692359e+003,6.232294e-005,0.000000e+000;...
2.500000e+000,1.285532e+003,1.280680e+003,4.859691e+000,...
 1.285806e-002,0.000000e+000,0.000000e+000,...
 1.279092e+003,1.281526e+003,7.884557e-005,0.000000e+000,...
 1.280556e+003,1.280556e+003,8.007901e-005,0.000000e+000;...
2.800000e+000,9.976687e+002,9.931646e+002,4.498617e+000,...
 1.447505e-002,0.000000e+000,0.000000e+000,...
 9.915889e+002,9.932737e+002,9.898720e-005,0.000000e+000,...
 9.930767e+002,9.930767e+002,1.015937e-004,0.000000e+000;...
3.200000e+000,7.404875e+002,7.366056e+002,3.875011e+000,...
 1.657978e-002,0.000000e+000,0.000000e+000,...
 7.355201e+002,7.366133e+002,1.286160e-004,0.000000e+000,...
 7.365582e+002,7.365582e+002,1.324822e-004,0.000000e+000;...
3.500000e+000,6.015575e+002,5.983723e+002,3.190439e+000,...
 1.816144e-002,0.000000e+000,0.000000e+000,...
 5.976010e+002,5.984130e+002,1.533237e-004,0.000000e+000,...
 5.983070e+002,5.983070e+002,1.557153e-004,0.000000e+000;...
3.892500e+000,4.742236e+002,4.724817e+002,1.706951e+000,...
 2.009770e-002,0.000000e+000,0.000000e+000,...
 4.680903e+002,4.686620e+002,1.875940e-004,0.000000e+000,...
 4.724446e+002,4.724446e+002,1.924621e-004,0.000000e+000;...
3.892500e+000,1.109350e+003,1.107608e+003,1.706951e+000,...
 2.009770e-002,0.000000e+000,0.000000e+000,...
 1.102402e+003,1.103749e+003,1.876029e-004,0.000000e+000,...
 1.107526e+003,1.107526e+003,1.924621e-004,0.000000e+000;...
4.000000e+000,1.045198e+003,1.042162e+003,3.007041e+000,...
 2.060883e-002,0.000000e+000,0.000000e+000,...
 1.040955e+003,1.042192e+003,1.973639e-004,0.000000e+000,...
 1.042081e+003,1.042081e+003,2.033650e-004,0.000000e+000;...
4.103600e+000,9.777860e+002,9.743519e+002,3.392253e+000,...
 2.109706e-002,0.000000e+000,0.000000e+000,...
 9.712609e+002,9.723862e+002,2.069963e-004,0.000000e+000,...
 9.742903e+002,9.742903e+002,2.138112e-004,0.000000e+000;...
4.103600e+000,1.378451e+003,1.375017e+003,3.392253e+000,...
 2.109706e-002,0.000000e+000,0.000000e+000,...
 1.371393e+003,1.372982e+003,2.070058e-004,0.000000e+000,...
 1.354815e+003,1.354815e+003,2.138112e-004,0.000000e+000;...
4.500000e+000,1.096261e+003,1.091060e+003,5.176719e+000,...
 2.296564e-002,0.000000e+000,0.000000e+000,...
 1.090177e+003,1.091329e+003,2.458066e-004,0.000000e+000,...
 1.076404e+003,1.076404e+003,2.535967e-004,0.000000e+000;...
4.685500e+000,9.983655e+002,9.932144e+002,5.151337e+000,...
 2.383237e-002,0.000000e+000,0.000000e+000,...
 9.863486e+002,9.873492e+002,2.650250e-004,0.000000e+000,...
 9.803782e+002,9.803782e+002,2.720185e-004,0.000000e+000;...
4.685500e+000,1.162951e+003,1.157800e+003,5.151337e+000,...
 2.383237e-002,0.000000e+000,0.000000e+000,...
 1.150723e+003,1.151891e+003,2.650355e-004,0.000000e+000,...
 1.142531e+003,1.142531e+003,2.720185e-004,0.000000e+000;...
5.000000e+000,9.884365e+002,9.821159e+002,6.302244e+000,...
 2.530254e-002,0.000000e+000,0.000000e+000,...
 9.811909e+002,9.821234e+002,2.990081e-004,0.000000e+000,...
 9.698903e+002,9.698903e+002,3.031602e-004,0.000000e+000;...
5.500000e+000,7.753010e+002,7.691047e+002,6.176578e+000,...
 2.743017e-002,0.000000e+000,0.000000e+000,...
 7.689075e+002,7.695718e+002,3.548211e-004,0.000000e+000,...
 7.604975e+002,7.604975e+002,3.642748e-004,0.000000e+000;...
5.741600e+000,7.015184e+002,6.955213e+002,5.968294e+000,...
 2.839817e-002,0.000000e+000,0.000000e+000,...
 6.888324e+002,6.894023e+002,3.827063e-004,0.000000e+000,...
 6.881080e+002,6.881080e+002,3.955398e-004,0.000000e+000;...
5.741600e+000,7.436479e+002,7.376507e+002,5.968294e+000,...
 2.839817e-002,0.000000e+000,0.000000e+000,...
 7.309135e+002,7.315182e+002,3.827180e-004,0.000000e+000,...
 7.288788e+002,7.288788e+002,3.955398e-004,0.000000e+000;...
6.102100e+000,6.387598e+002,6.326631e+002,6.061860e+000,...
 2.984645e-002,0.000000e+000,0.000000e+000,...
 6.288840e+002,6.293734e+002,4.259995e-004,0.000000e+000,...
 6.255536e+002,6.255536e+002,4.417154e-004,0.000000e+000;...
6.102100e+000,6.654608e+002,6.593641e+002,6.061860e+000,...
 2.984645e-002,0.000000e+000,0.000000e+000,...
 6.555312e+002,6.560414e+002,4.260119e-004,0.000000e+000,...
 6.517837e+002,6.517837e+002,4.417154e-004,0.000000e+000;...
6.300000e+000,6.124320e+002,6.060865e+002,6.320908e+000,...
 3.064275e-002,0.000000e+000,0.000000e+000,...
 6.062046e+002,6.066615e+002,4.506117e-004,0.000000e+000,...
 5.993079e+002,5.993079e+002,4.668664e-004,0.000000e+000;...
7.000000e+000,4.729794e+002,4.667831e+002,6.159656e+000,...
 3.339249e-002,0.000000e+000,0.000000e+000,...
 4.679617e+002,4.682789e+002,5.422131e-004,0.000000e+000,...
