function zr =z96(flag,e)

za = [

9.196400e-001,8.523754e+003,8.520828e+003,2.993469e+000,...
 3.794376e-003,0.000000e+000,0.000000e+000,...
 7.446257e+003,7.481793e+003,1.105133e-005,0.000000e+000,...
 8.519569e+003,8.519569e+003,9.115175e-006,0.000000e+000;...
1.000000e+000,7.485377e+003,7.481964e+003,3.607132e+000,...
 4.257367e-003,0.000000e+000,0.000000e+000,...
 7.446257e+003,7.481793e+003,1.105133e-005,0.000000e+000,...
 7.481125e+003,7.481125e+003,1.105255e-005,0.000000e+000;...
1.100000e+000,6.368251e+003,6.364351e+003,3.813149e+000,...
 4.809103e-003,0.000000e+000,0.000000e+000,...
 6.337357e+003,6.364839e+003,1.365734e-005,0.000000e+000,...
 6.363704e+003,6.363704e+003,1.387121e-005,0.000000e+000;...
1.194400e+000,5.524678e+003,5.520777e+003,3.852890e+000,...
 5.346699e-003,0.000000e+000,0.000000e+000,...
 5.452174e+003,5.473941e+003,1.639827e-005,0.000000e+000,...
 5.520271e+003,5.520271e+003,1.664070e-005,0.000000e+000;...
1.194400e+000,5.875517e+003,5.871616e+003,3.852890e+000,...
 5.346699e-003,0.000000e+000,0.000000e+000,...
 5.800792e+003,5.823950e+003,1.640133e-005,0.000000e+000,...
 5.871094e+003,5.871094e+003,1.664070e-005,0.000000e+000;...
1.250000e+000,5.370835e+003,5.366447e+003,4.399262e+000,...
 5.663160e-003,0.000000e+000,0.000000e+000,...
 5.348280e+003,5.368680e+003,1.814069e-005,0.000000e+000,...
 5.365980e+003,5.365980e+003,1.829460e-005,0.000000e+000;...
1.400000e+000,4.335873e+003,4.331240e+003,4.664769e+000,...
 6.515024e-003,0.000000e+000,0.000000e+000,...
 4.319517e+003,4.334221e+003,2.322459e-005,0.000000e+000,...
 4.330866e+003,4.330866e+003,2.349741e-005,0.000000e+000;...
1.493200e+000,3.808517e+003,3.803885e+003,4.729866e+000,...
 7.033358e-003,0.000000e+000,0.000000e+000,...
 3.782623e+003,3.794693e+003,2.662985e-005,0.000000e+000,...
 3.803326e+003,3.803326e+003,2.727935e-005,0.000000e+000;...
1.493200e+000,3.860936e+003,3.856303e+003,4.729866e+000,...
 7.033358e-003,0.000000e+000,0.000000e+000,...
 3.834340e+003,3.846575e+003,2.663364e-005,0.000000e+000,...
 3.855772e+003,3.855772e+003,2.727935e-005,0.000000e+000;...
1.600000e+000,3.344307e+003,3.339431e+003,4.875175e+000,...
 7.627274e-003,0.000000e+000,0.000000e+000,...
 3.329784e+003,3.339698e+003,3.083623e-005,0.000000e+000,...
 3.339054e+003,3.339054e+003,3.166312e-005,0.000000e+000;...
1.664100e+000,3.110252e+003,3.105376e+003,4.898092e+000,...
 7.991766e-003,0.000000e+000,0.000000e+000,...
 3.069843e+003,3.078630e+003,3.351785e-005,0.000000e+000,...
 3.105063e+003,3.105063e+003,3.434972e-005,0.000000e+000;...
1.664100e+000,3.167303e+003,3.162427e+003,4.898092e+000,...
 7.991766e-003,0.000000e+000,0.000000e+000,...
 3.126409e+003,3.135358e+003,3.352213e-005,0.000000e+000,...
 3.162086e+003,3.162086e+003,3.434972e-005,0.000000e+000;...
1.800000e+000,2.674081e+003,2.668717e+003,5.217968e+000,...
 8.764635e-003,0.000000e+000,0.000000e+000,...
 2.662424e+003,2.669468e+003,3.959626e-005,0.000000e+000,...
 2.668435e+003,2.668435e+003,4.009746e-005,0.000000e+000;...
2.000000e+000,2.140264e+003,2.134998e+003,5.236253e+000,...
 9.893952e-003,0.000000e+000,0.000000e+000,...
 2.129930e+003,2.135000e+003,4.933587e-005,0.000000e+000,...
 2.134789e+003,2.134789e+003,4.986677e-005,0.000000e+000;...
2.200000e+000,1.736982e+003,1.731838e+003,5.152627e+000,...
 1.099499e-002,0.000000e+000,0.000000e+000,...
 1.730077e+003,1.733820e+003,6.001591e-005,0.000000e+000,...
 1.731646e+003,1.731646e+003,6.130812e-005,0.000000e+000;...
2.500000e+000,1.316707e+003,1.311782e+003,4.928325e+000,...
 1.266653e-002,0.000000e+000,0.000000e+000,...
 1.309732e+003,1.312225e+003,7.792543e-005,0.000000e+000,...
 1.311651e+003,1.311651e+003,7.878016e-005,0.000000e+000;...
2.800000e+000,1.024674e+003,1.020017e+003,4.626247e+000,...
 1.426640e-002,0.000000e+000,0.000000e+000,...
 1.018596e+003,1.020327e+003,9.775101e-005,0.000000e+000,...
 1.019932e+003,1.019932e+003,1.000582e-004,0.000000e+000;...
3.200000e+000,7.578756e+002,7.538040e+002,4.049155e+000,...
 1.635290e-002,0.000000e+000,0.000000e+000,...
 7.527745e+002,7.538934e+002,1.270764e-004,0.000000e+000,...
 7.537241e+002,7.537241e+002,1.306949e-004,0.000000e+000;...
3.500000e+000,6.149069e+002,6.114448e+002,3.459872e+000,...
 1.792156e-002,0.000000e+000,0.000000e+000,...
 6.122111e+002,6.130428e+002,1.515417e-004,0.000000e+000,...
 6.113778e+002,6.113778e+002,1.537549e-004,0.000000e+000;...
4.000000e+000,4.518484e+002,4.502881e+002,1.546252e+000,...
 2.033964e-002,0.000000e+000,0.000000e+000,...
 4.498432e+002,4.503778e+002,1.950615e-004,0.000000e+000,...
 4.502405e+002,4.502405e+002,2.011103e-004,0.000000e+000;...
4.015600e+000,4.484595e+002,4.467285e+002,1.716137e+000,...
 2.041229e-002,0.000000e+000,0.000000e+000,...
 4.458155e+002,4.463433e+002,1.964800e-004,0.000000e+000,...
 4.467034e+002,4.467034e+002,2.026884e-004,0.000000e+000;...
4.015600e+000,1.023455e+003,1.021724e+003,1.716137e+000,...
 2.041229e-002,0.000000e+000,0.000000e+000,...
 1.020093e+003,1.021300e+003,1.964892e-004,0.000000e+000,...
 1.021645e+003,1.021645e+003,2.026884e-004,0.000000e+000;...
4.237200e+000,9.211534e+002,9.177645e+002,3.348940e+000,...
 2.144263e-002,0.000000e+000,0.000000e+000,...
 9.123329e+002,9.133565e+002,2.171432e-004,0.000000e+000,...
 9.176940e+002,9.176940e+002,2.248597e-004,0.000000e+000;...
4.237200e+000,1.286182e+003,1.282793e+003,3.348940e+000,...
 2.144263e-002,0.000000e+000,0.000000e+000,...
 1.276883e+003,1.278316e+003,2.171527e-004,0.000000e+000,...
 1.263683e+003,1.263683e+003,2.248597e-004,0.000000e+000;...
4.500000e+000,1.111153e+003,1.106106e+003,5.019021e+000,...
 2.266459e-002,0.000000e+000,0.000000e+000,...
 1.105301e+003,1.106469e+003,2.428823e-004,0.000000e+000,...
 1.090386e+003,1.090386e+003,2.510404e-004,0.000000e+000;...
4.829000e+000,9.458268e+002,9.407800e+002,5.022190e+000,...
 2.418058e-002,0.000000e+000,0.000000e+000,...
 9.328913e+002,9.338095e+002,2.769768e-004,0.000000e+000,...
 9.280992e+002,9.280992e+002,2.834926e-004,0.000000e+000;...
4.829000e+000,1.101474e+003,1.096427e+003,5.022190e+000,...
 2.418058e-002,0.000000e+000,0.000000e+000,...
 1.088354e+003,1.089425e+003,2.769875e-004,0.000000e+000,...
 1.081380e+003,1.081380e+003,2.834926e-004,0.000000e+000;...
5.000000e+000,1.009387e+003,1.003317e+003,6.029847e+000,...
 2.496833e-002,0.000000e+000,0.000000e+000,...
 1.002386e+003,1.003339e+003,2.955137e-004,0.000000e+000,...
 9.900814e+002,9.900814e+002,3.002961e-004,0.000000e+000;...
5.500000e+000,7.925694e+002,7.863279e+002,6.218066e+000,...
 2.710652e-002,0.000000e+000,0.000000e+000,...
 7.864047e+002,7.870840e+002,3.509879e-004,0.000000e+000,...
 7.769194e+002,7.769194e+002,3.578629e-004,0.000000e+000;...
5.945600e+000,6.546475e+002,6.486986e+002,5.903311e+000,...
 2.887900e-002,0.000000e+000,0.000000e+000,...
 6.446411e+002,6.451561e+002,4.025603e-004,0.000000e+000,...
 6.415806e+002,6.415806e+002,4.138933e-004,0.000000e+000;...
5.945600e+000,6.941199e+002,6.881710e+002,5.903311e+000,...
 2.887900e-002,0.000000e+000,0.000000e+000,...
 6.840736e+002,6.846201e+002,4.025723e-004,0.000000e+000,...
 6.797256e+002,6.797256e+002,4.138933e-004,0.000000e+000;...
6.300000e+000,5.994007e+002,5.934518e+002,5.900385e+000,...
 3.028820e-002,0.000000e+000,0.000000e+000,...
 5.930343e+002,5.934813e+002,4.457377e-004,0.000000e+000,...
 5.865379e+002,5.865379e+002,4.578619e-004,0.000000e+000;...
6.313100e+000,5.965482e+002,5.905749e+002,5.926229e+000,...
 3.033940e-002,0.000000e+000,0.000000e+000,...
 5.900019e+002,5.904457e+002,4.473699e-004,0.000000e+000,...
 5.837028e+002,5.837028e+002,4.594678e-004,0.000000e+000;...
6.313100e+000,6.214653e+002,6.154920e+002,5.926229e+000,...
 3.033940e-002,0.000000e+000,0.000000e+000,...
 6.148839e+002,6.153464e+002,4.473825e-004,0.000000e+000,...
 6.081840e+002,6.081840e+002,4.594678e-004,0.000000e+000;...
7.000000e+000,4.823000e+002,4.761560e+002,6.125419e+000,...
 3.301153e-002,0.000000e+000,0.000000e+000,...
 4.768965e+002,4.772198e+002,5.357295e-004,0.000000e+000,...
