function zr =z97(flag,e)

za = [

9.561200e-001,8.297257e+003,8.294087e+003,3.132195e+000,...
 3.973574e-003,0.000000e+000,0.000000e+000,...
 7.751534e+003,7.788528e+003,1.097641e-005,0.000000e+000,...
 8.293190e+003,8.293190e+003,9.924785e-006,0.000000e+000;...
1.000000e+000,7.791600e+003,7.787943e+003,3.596892e+000,...
 4.225671e-003,0.000000e+000,0.000000e+000,...
 7.751534e+003,7.788528e+003,1.097641e-005,0.000000e+000,...
 7.787142e+003,7.787142e+003,1.097786e-005,0.000000e+000;...
1.100000e+000,6.637171e+003,6.633026e+003,3.946756e+000,...
 4.776433e-003,0.000000e+000,0.000000e+000,...
 6.605354e+003,6.633999e+003,1.357330e-005,0.000000e+000,...
 6.632468e+003,6.632468e+003,1.378701e-005,0.000000e+000;...
1.236600e+000,5.373761e+003,5.369860e+003,4.018191e+000,...
 5.553203e-003,0.000000e+000,0.000000e+000,...
 5.329320e+003,5.349868e+003,1.761786e-005,0.000000e+000,...
 5.369388e+003,5.369388e+003,1.779938e-005,0.000000e+000;...
1.236600e+000,5.717042e+003,5.713141e+003,4.018191e+000,...
 5.553203e-003,0.000000e+000,0.000000e+000,...
 5.670405e+003,5.692267e+003,1.762103e-005,0.000000e+000,...
 5.712611e+003,5.712611e+003,1.779938e-005,0.000000e+000;...
1.250000e+000,5.588555e+003,5.584411e+003,4.253953e+000,...
 5.629271e-003,0.000000e+000,0.000000e+000,...
 5.563322e+003,5.584542e+003,1.804606e-005,0.000000e+000,...
 5.583886e+003,5.583886e+003,1.819886e-005,0.000000e+000;...
1.400000e+000,4.505075e+003,4.500442e+003,4.818611e+000,...
 6.480647e-003,0.000000e+000,0.000000e+000,...
 4.485693e+003,4.500963e+003,2.311524e-005,0.000000e+000,...
 4.500000e+003,4.500000e+003,2.339082e-005,0.000000e+000;...
1.554000e+000,3.676373e+003,3.671497e+003,4.880538e+000,...
 7.337142e-003,0.000000e+000,0.000000e+000,...
 3.644573e+003,3.655747e+003,2.886892e-005,0.000000e+000,...
 3.671033e+003,3.671033e+003,2.965389e-005,0.000000e+000;...
1.554000e+000,3.722940e+003,3.718064e+003,4.880538e+000,...
 7.337142e-003,0.000000e+000,0.000000e+000,...
 3.690581e+003,3.701895e+003,2.887287e-005,0.000000e+000,...
 3.717595e+003,3.717595e+003,2.965389e-005,0.000000e+000;...
1.600000e+000,3.501076e+003,3.495956e+003,5.014876e+000,...
 7.592897e-003,0.000000e+000,0.000000e+000,...
 3.485655e+003,3.496033e+003,3.071853e-005,0.000000e+000,...
 3.495580e+003,3.495580e+003,3.154554e-005,0.000000e+000;...
1.728800e+000,3.007853e+003,3.002733e+003,5.102647e+000,...
 8.326026e-003,0.000000e+000,0.000000e+000,...
 2.964043e+003,2.972208e+003,3.622270e-005,0.000000e+000,...
 3.002248e+003,3.002248e+003,3.695875e-005,0.000000e+000;...
1.728800e+000,3.062222e+003,3.057102e+003,5.102647e+000,...
 8.326026e-003,0.000000e+000,0.000000e+000,...
 3.017937e+003,3.026250e+003,3.622716e-005,0.000000e+000,...
 3.056621e+003,3.056621e+003,3.695875e-005,0.000000e+000;...
1.800000e+000,2.786232e+003,2.780868e+003,5.295255e+000,...
 8.731234e-003,0.000000e+000,0.000000e+000,...
 2.774357e+003,2.781697e+003,3.946549e-005,0.000000e+000,...
 2.780476e+003,2.780476e+003,3.997619e-005,0.000000e+000;...
2.000000e+000,2.238738e+003,2.233350e+003,5.386195e+000,...
 9.862744e-003,0.000000e+000,0.000000e+000,...
 2.228221e+003,2.233525e+003,4.924334e-005,0.000000e+000,...
 2.233107e+003,2.233107e+003,4.974642e-005,0.000000e+000;...
2.200000e+000,1.816805e+003,1.811441e+003,5.351574e+000,...
 1.096744e-002,0.000000e+000,0.000000e+000,...
 1.807538e+003,1.811449e+003,5.990700e-005,0.000000e+000,...
 1.811266e+003,1.811266e+003,6.120779e-005,0.000000e+000;...
2.500000e+000,1.375733e+003,1.370588e+003,5.140193e+000,...
 1.264581e-002,0.000000e+000,0.000000e+000,...
 1.368468e+003,1.371073e+003,7.784102e-005,0.000000e+000,...
 1.370457e+003,1.370457e+003,7.872286e-005,0.000000e+000;...
2.800000e+000,1.071680e+003,1.066853e+003,4.828851e+000,...
 1.425372e-002,0.000000e+000,0.000000e+000,...
 1.065040e+003,1.066849e+003,9.773126e-005,0.000000e+000,...
 1.066760e+003,1.066760e+003,1.000612e-004,0.000000e+000;...
3.200000e+000,7.920330e+002,7.877177e+002,4.302958e+000,...
 1.635217e-002,0.000000e+000,0.000000e+000,...
 7.866291e+002,7.877983e+002,1.271592e-004,0.000000e+000,...
 7.876339e+002,7.876339e+002,1.308170e-004,0.000000e+000;...
3.500000e+000,6.455047e+002,6.417013e+002,3.782673e+000,...
 1.793082e-002,0.000000e+000,0.000000e+000,...
 6.409193e+002,6.417900e+002,1.517272e-004,0.000000e+000,...
 6.416531e+002,6.416531e+002,1.539837e-004,0.000000e+000;...
4.000000e+000,4.728646e+002,4.705972e+002,2.244224e+000,...
 2.036719e-002,0.000000e+000,0.000000e+000,...
 4.700678e+002,4.706265e+002,1.954612e-004,0.000000e+000,...
 4.705535e+002,4.705535e+002,2.015893e-004,0.000000e+000;...
4.134300e+000,4.405602e+002,4.387560e+002,1.787255e+000,...
 2.099670e-002,0.000000e+000,0.000000e+000,...
 4.348963e+002,4.353963e+002,2.078962e-004,0.000000e+000,...
 4.387165e+002,4.387165e+002,2.151167e-004,0.000000e+000;...
4.134300e+000,9.876154e+002,9.858112e+002,1.787255e+000,...
 2.099670e-002,0.000000e+000,0.000000e+000,...
 9.812816e+002,9.824100e+002,2.079056e-004,0.000000e+000,...
 9.857430e+002,9.857430e+002,2.151167e-004,0.000000e+000;...
4.366900e+000,8.896536e+002,8.861915e+002,3.427690e+000,...
 2.208725e-002,0.000000e+000,0.000000e+000,...
 8.808271e+002,8.817859e+002,2.302733e-004,0.000000e+000,...
 8.861304e+002,8.861304e+002,2.384824e-004,0.000000e+000;...
4.366900e+000,1.237323e+003,1.233861e+003,3.427690e+000,...
 2.208725e-002,0.000000e+000,0.000000e+000,...
 1.228050e+003,1.229387e+003,2.302831e-004,0.000000e+000,...
 1.215017e+003,1.215017e+003,2.384824e-004,0.000000e+000;...
4.500000e+000,1.150796e+003,1.145944e+003,4.821537e+000,...
 2.271140e-002,0.000000e+000,0.000000e+000,...
 1.144896e+003,1.146105e+003,2.435547e-004,0.000000e+000,...
 1.128825e+003,1.128825e+003,2.518095e-004,0.000000e+000;...
4.968600e+000,9.156434e+002,9.104503e+002,5.176277e+000,...
 2.489031e-002,0.000000e+000,0.000000e+000,...
 9.079020e+002,9.087705e+002,2.930539e-004,0.000000e+000,...
 8.977953e+002,8.977953e+002,2.983019e-004,0.000000e+000;...
4.968600e+000,1.073801e+003,1.068608e+003,5.176277e+000,...
 2.489031e-002,0.000000e+000,0.000000e+000,...
 1.065843e+003,1.066863e+003,2.930650e-004,0.000000e+000,...
 1.053459e+003,1.053459e+003,2.983019e-004,0.000000e+000;...
5.000000e+000,1.051615e+003,1.046105e+003,5.495421e+000,...
 2.503659e-002,0.000000e+000,0.000000e+000,...
 1.045190e+003,1.046184e+003,2.965208e-004,0.000000e+000,...
 1.031386e+003,1.031386e+003,3.014143e-004,0.000000e+000;...
5.500000e+000,8.122203e+002,8.059544e+002,6.231719e+000,...
 2.719673e-002,0.000000e+000,0.000000e+000,...
 8.057322e+002,8.064283e+002,3.523704e-004,0.000000e+000,...
 7.957013e+002,7.957013e+002,3.592597e-004,0.000000e+000;...
6.148800e+000,6.263658e+002,6.204169e+002,5.918914e+000,...
 2.980790e-002,0.000000e+000,0.000000e+000,...
 6.175214e+002,6.179984e+002,4.291262e-004,0.000000e+000,...
 6.133485e+002,6.133485e+002,4.409339e-004,0.000000e+000;...
6.148800e+000,6.638634e+002,6.579145e+002,5.918914e+000,...
 2.980790e-002,0.000000e+000,0.000000e+000,...
 6.549802e+002,6.554860e+002,4.291386e-004,0.000000e+000,...
 6.495577e+002,6.495577e+002,4.409339e-004,0.000000e+000;...
6.300000e+000,6.223430e+002,6.162966e+002,6.004979e+000,...
 3.041742e-002,0.000000e+000,0.000000e+000,...
 6.159237e+002,6.163879e+002,4.479437e-004,0.000000e+000,...
 6.086508e+002,6.086508e+002,4.597506e-004,0.000000e+000;...
6.523300e+000,5.760684e+002,5.699976e+002,6.026433e+000,...
 3.129757e-002,0.000000e+000,0.000000e+000,...
 5.638943e+002,5.643046e+002,4.763708e-004,0.000000e+000,...
 5.631571e+002,5.631571e+002,4.870672e-004,0.000000e+000;...
6.523300e+000,5.998396e+002,5.937687e+002,6.026433e+000,...
 3.129757e-002,0.000000e+000,0.000000e+000,...
 5.876305e+002,5.880581e+002,4.763838e-004,0.000000e+000,...
 5.865020e+002,5.865020e+002,4.870672e-004,0.000000e+000;...
7.000000e+000,5.003417e+002,4.941003e+002,6.195393e+000,...
 3.317489e-002,0.000000e+000,0.000000e+000,...
 4.946659e+002,4.950012e+002,5.395776e-004,0.000000e+000,...
