function zr =z98(flag,e)

za = [

9.867400e-001,7.934224e+003,7.931105e+003,3.240388e+000,...
 4.014377e-003,0.000000e+000,0.000000e+000,...
 7.802459e+003,7.839695e+003,1.059306e-005,0.000000e+000,...
 7.930154e+003,7.930154e+003,1.028423e-005,0.000000e+000;...
1.000000e+000,7.840895e+003,7.837536e+003,3.404735e+000,...
 4.087073e-003,0.000000e+000,0.000000e+000,...
 7.802459e+003,7.839695e+003,1.059306e-005,0.000000e+000,...
 7.836428e+003,7.836428e+003,1.059214e-005,0.000000e+000;...
1.100000e+000,6.774440e+003,6.770362e+003,3.938082e+000,...
 4.616821e-003,0.000000e+000,0.000000e+000,...
 6.748057e+003,6.777320e+003,1.309307e-005,0.000000e+000,...
 6.769480e+003,6.769480e+003,1.330130e-005,0.000000e+000;...
1.250000e+000,5.403046e+003,5.399207e+003,3.986306e+000,...
 5.436874e-003,0.000000e+000,0.000000e+000,...
 5.379416e+003,5.399934e+003,1.739658e-005,0.000000e+000,...
 5.398628e+003,5.398628e+003,1.755257e-005,0.000000e+000;...
1.272900e+000,5.234860e+003,5.230782e+003,4.096430e+000,...
 5.565473e-003,0.000000e+000,0.000000e+000,...
 5.208491e+003,5.227999e+003,1.811303e-005,0.000000e+000,...
 5.230239e+003,5.230239e+003,1.822329e-005,0.000000e+000;...
1.272900e+000,5.569552e+003,5.565473e+003,4.096430e+000,...
 5.565473e-003,0.000000e+000,0.000000e+000,...
 5.541063e+003,5.561815e+003,1.811620e-005,0.000000e+000,...
 5.564459e+003,5.564459e+003,1.822329e-005,0.000000e+000;...
1.400000e+000,4.620420e+003,4.615622e+003,4.853624e+000,...
 6.256449e-003,0.000000e+000,0.000000e+000,...
 4.600258e+003,4.615917e+003,2.228003e-005,0.000000e+000,...
 4.614796e+003,4.614796e+003,2.272398e-005,0.000000e+000;...
1.600000e+000,3.545809e+003,3.540771e+003,5.001896e+000,...
 7.329860e-003,0.000000e+000,0.000000e+000,...
 3.530580e+003,3.541092e+003,2.961046e-005,0.000000e+000,...
 3.540313e+003,3.540313e+003,3.110893e-005,0.000000e+000;...
1.609900e+000,3.504302e+003,3.499264e+003,5.018930e+000,...
 7.384082e-003,0.000000e+000,0.000000e+000,...
 3.487553e+003,3.497873e+003,3.000209e-005,0.000000e+000,...
 3.498886e+003,3.498886e+003,3.153346e-005,0.000000e+000;...
1.609900e+000,3.547248e+003,3.542210e+003,5.018930e+000,...
 7.384082e-003,0.000000e+000,0.000000e+000,...
 3.530035e+003,3.540479e+003,3.000606e-005,0.000000e+000,...
 3.541835e+003,3.541835e+003,3.153346e-005,0.000000e+000;...
1.788700e+000,2.854353e+003,2.849075e+003,5.164083e+000,...
 8.366323e-003,0.000000e+000,0.000000e+000,...
 2.834930e+003,2.842478e+003,3.754728e-005,0.000000e+000,...
 2.848757e+003,2.848757e+003,3.928911e-005,0.000000e+000;...
1.788700e+000,2.905457e+003,2.900178e+003,5.164083e+000,...
 8.366323e-003,0.000000e+000,0.000000e+000,...
 2.885693e+003,2.893375e+003,3.755176e-005,0.000000e+000,...
 2.899871e+003,2.899871e+003,3.928911e-005,0.000000e+000;...
1.800000e+000,2.861311e+003,2.856033e+003,5.169601e+000,...
 8.428464e-003,0.000000e+000,0.000000e+000,...
 2.848516e+003,2.856052e+003,3.805436e-005,0.000000e+000,...
 2.855675e+003,2.855675e+003,3.978571e-005,0.000000e+000;...
2.000000e+000,2.294279e+003,2.288809e+003,5.450310e+000,...
 9.550099e-003,0.000000e+000,0.000000e+000,...
 2.283481e+003,2.288917e+003,4.762918e-005,0.000000e+000,...
 2.288571e+003,2.288571e+003,4.871428e-005,0.000000e+000;...
2.200000e+000,1.872328e+003,1.866882e+003,5.444792e+000,...
 1.066358e-002,0.000000e+000,0.000000e+000,...
 1.862833e+003,1.866864e+003,5.805922e-005,0.000000e+000,...
 1.866688e+003,1.866688e+003,5.893182e-005,0.000000e+000;...
2.500000e+000,1.412445e+003,1.407167e+003,5.272768e+000,...
 1.225786e-002,0.000000e+000,0.000000e+000,...
 1.405375e+003,1.408050e+003,7.547406e-005,0.000000e+000,...
 1.407000e+003,1.407000e+003,7.811714e-005,0.000000e+000;...
2.800000e+000,1.102034e+003,1.097020e+003,4.991100e+000,...
 1.386942e-002,0.000000e+000,0.000000e+000,...
 1.095169e+003,1.097029e+003,9.504310e-005,0.000000e+000,...
 1.096888e+003,1.096888e+003,9.760970e-005,0.000000e+000;...
3.200000e+000,8.126642e+002,8.081536e+002,4.492781e+000,...
 1.598073e-002,0.000000e+000,0.000000e+000,...
 8.077454e+002,8.089460e+002,1.241368e-004,0.000000e+000,...
 8.080803e+002,8.080803e+002,1.264420e-004,0.000000e+000;...
3.500000e+000,6.626888e+002,6.586821e+002,3.997582e+000,...
 1.747449e-002,0.000000e+000,0.000000e+000,...
 6.579057e+002,6.587996e+002,1.478344e-004,0.000000e+000,...
 6.586326e+002,6.586326e+002,1.519265e-004,0.000000e+000;...
4.000000e+000,4.870899e+002,4.843068e+002,2.751907e+000,...
 1.996320e-002,0.000000e+000,0.000000e+000,...
 4.837990e+002,4.843740e+002,1.915870e-004,0.000000e+000,...
 4.842678e+002,4.842678e+002,1.943750e-004,0.000000e+000;...
4.248100e+000,4.250940e+002,4.232946e+002,1.765467e+000,...
 2.113858e-002,0.000000e+000,0.000000e+000,...
 4.192507e+002,4.197198e+002,2.147438e-004,0.000000e+000,...
 4.232649e+002,4.232649e+002,2.182993e-004,0.000000e+000;...
4.248100e+000,9.517950e+002,9.499955e+002,1.765467e+000,...
 2.113858e-002,0.000000e+000,0.000000e+000,...
 9.453239e+002,9.463818e+002,2.147531e-004,0.000000e+000,...
 9.499036e+002,9.499036e+002,2.182993e-004,0.000000e+000;...
4.492200e+000,8.482206e+002,8.447657e+002,3.420090e+000,...
 2.223646e-002,0.000000e+000,0.000000e+000,...
 8.435086e+002,8.444011e+002,2.381201e-004,0.000000e+000,...
 8.446863e+002,8.446863e+002,2.445191e-004,0.000000e+000;...
4.492200e+000,1.179265e+003,1.175810e+003,3.420090e+000,...
 2.223646e-002,0.000000e+000,0.000000e+000,...
 1.174152e+003,1.175395e+003,2.381299e-004,0.000000e+000,...
 1.157164e+003,1.157164e+003,2.445191e-004,0.000000e+000;...
4.500000e+000,1.174227e+003,1.170676e+003,3.538851e+000,...
 2.227149e-002,0.000000e+000,0.000000e+000,...
 1.169433e+003,1.170668e+003,2.388852e-004,0.000000e+000,...
 1.152111e+003,1.152111e+003,2.453651e-004,0.000000e+000;...
5.000000e+000,9.185418e+002,9.134794e+002,5.030447e+000,...
 2.450085e-002,0.000000e+000,0.000000e+000,...
 9.126888e+002,9.135563e+002,2.902778e-004,0.000000e+000,...
 9.000571e+002,9.000571e+002,2.984143e-004,0.000000e+000;...
5.103800e+000,8.769153e+002,8.717330e+002,5.150408e+000,...
 2.495910e-002,0.000000e+000,0.000000e+000,...
 8.691843e+002,8.699937e+002,3.015206e-004,0.000000e+000,...
 8.591078e+002,8.591078e+002,3.093073e-004,0.000000e+000;...
5.103800e+000,1.022380e+003,1.017198e+003,5.150408e+000,...
 2.495910e-002,0.000000e+000,0.000000e+000,...
 1.014482e+003,1.015427e+003,3.015316e-004,0.000000e+000,...
 1.002208e+003,1.002208e+003,3.093073e-004,0.000000e+000;...
5.500000e+000,8.461573e+002,8.398234e+002,6.304193e+000,...
 2.670813e-002,0.000000e+000,0.000000e+000,...
 8.400315e+002,8.407572e+002,3.459913e-004,0.000000e+000,...
 8.283636e+002,8.283636e+002,3.507143e-004,0.000000e+000;...
6.300000e+000,6.007889e+002,5.949349e+002,5.817631e+000,...
 2.987030e-002,0.000000e+000,0.000000e+000,...
 5.946022e+002,5.950503e+002,4.402234e-004,0.000000e+000,...
 5.878912e+002,5.878912e+002,4.574830e-004,0.000000e+000;...
6.350900e+000,5.898725e+002,5.839704e+002,5.855779e+000,...
 3.006224e-002,0.000000e+000,0.000000e+000,...
 5.825609e+002,5.829964e+002,4.464569e-004,0.000000e+000,...
 5.771173e+002,5.771173e+002,4.645011e-004,0.000000e+000;...
6.350900e+000,6.250691e+002,6.191670e+002,5.855779e+000,...
 3.006224e-002,0.000000e+000,0.000000e+000,...
 6.177045e+002,6.181663e+002,4.464692e-004,0.000000e+000,...
 6.110495e+002,6.110495e+002,4.645011e-004,0.000000e+000;...
6.732500e+000,5.436155e+002,5.376174e+002,5.957506e+000,...
 3.149937e-002,0.000000e+000,0.000000e+000,...
 5.338367e+002,5.342130e+002,4.943732e-004,0.000000e+000,...
 5.309426e+002,5.309426e+002,5.166622e-004,0.000000e+000;...
6.732500e+000,5.659763e+002,5.599782e+002,5.957506e+000,...
 3.149937e-002,0.000000e+000,0.000000e+000,...
 5.561519e+002,5.565439e+002,4.943860e-004,0.000000e+000,...
 5.528831e+002,5.528831e+002,5.166622e-004,0.000000e+000;...
7.000000e+000,5.111780e+002,5.049880e+002,6.163359e+000,...
 3.250705e-002,0.000000e+000,0.000000e+000,...
 5.051718e+002,5.055143e+002,5.291981e-004,0.000000e+000,...
