function zr =z99(flag,e)

za = [

9.600700e-001,8.126654e+003,8.123787e+003,2.678137e+000,...
 3.816352e-003,0.000000e+000,0.000000e+000,...
 7.700764e+003,7.737515e+003,1.045888e-005,0.000000e+000,...
 8.122920e+003,8.122920e+003,9.543947e-006,0.000000e+000;...
1.000000e+000,7.740717e+003,7.737611e+003,3.200526e+000,...
 4.033098e-003,0.000000e+000,0.000000e+000,...
 7.700764e+003,7.737515e+003,1.045888e-005,0.000000e+000,...
 7.737142e+003,7.737142e+003,1.045786e-005,0.000000e+000;...
1.024000e+000,7.469009e+003,7.465663e+003,3.379275e+000,...
 4.159274e-003,0.000000e+000,0.000000e+000,...
 7.431201e+003,7.465830e+003,1.102654e-005,0.000000e+000,...
 7.465123e+003,7.465123e+003,1.109584e-005,0.000000e+000;...
1.024000e+000,7.690295e+003,7.686949e+003,3.379275e+000,...
 4.159274e-003,0.000000e+000,0.000000e+000,...
 7.650554e+003,7.686203e+003,1.102894e-005,0.000000e+000,...
 7.686245e+003,7.686245e+003,1.109584e-005,0.000000e+000;...
1.100000e+000,6.885205e+003,6.881381e+003,3.846223e+000,...
 4.558354e-003,0.000000e+000,0.000000e+000,...
 6.855423e+003,6.885152e+003,1.293385e-005,0.000000e+000,...
 6.880520e+003,6.880520e+003,1.314091e-005,0.000000e+000;...
1.250000e+000,5.611255e+003,5.606954e+003,4.130119e+000,...
 5.371329e-003,0.000000e+000,0.000000e+000,...
 5.586193e+003,5.607500e+003,1.719685e-005,0.000000e+000,...
 5.606571e+003,5.606571e+003,1.735200e-005,0.000000e+000;...
1.315900e+000,5.130926e+003,5.126624e+003,4.226424e+000,...
 5.738387e-003,0.000000e+000,0.000000e+000,...
 5.068522e+003,5.086883e+003,1.928292e-005,0.000000e+000,...
 5.126258e+003,5.126258e+003,1.927090e-005,0.000000e+000;...
1.315900e+000,5.457120e+003,5.452818e+003,4.226424e+000,...
 5.738387e-003,0.000000e+000,0.000000e+000,...
 5.392876e+003,5.412411e+003,1.928619e-005,0.000000e+000,...
 5.452000e+003,5.452000e+003,1.927090e-005,0.000000e+000;...
1.400000e+000,4.798041e+003,4.793022e+003,4.897930e+000,...
 6.184545e-003,0.000000e+000,0.000000e+000,...
 4.777333e+003,4.793596e+003,2.203747e-005,0.000000e+000,...
 4.792296e+003,4.792296e+003,2.247755e-005,0.000000e+000;...
1.600000e+000,3.682289e+003,3.677032e+003,5.119216e+000,...
 7.250590e-003,0.000000e+000,0.000000e+000,...
 3.667536e+003,3.678456e+003,2.930846e-005,0.000000e+000,...
 3.676652e+003,3.676652e+003,3.079330e-005,0.000000e+000;...
1.673600e+000,3.378797e+003,3.373540e+003,5.188756e+000,...
 7.652299e-003,0.000000e+000,0.000000e+000,...
 3.354315e+003,3.363862e+003,3.226260e-005,0.000000e+000,...
 3.373096e+003,3.373096e+003,3.394266e-005,0.000000e+000;...
1.673600e+000,3.419183e+003,3.413926e+003,5.188756e+000,...
 7.652299e-003,0.000000e+000,0.000000e+000,...
 3.394184e+003,3.403844e+003,3.226672e-005,0.000000e+000,...
 3.413471e+003,3.413471e+003,3.394266e-005,0.000000e+000;...
1.800000e+000,2.926427e+003,2.921170e+003,5.272157e+000,...
 8.342444e-003,0.000000e+000,0.000000e+000,...
 2.913837e+003,2.921546e+003,3.768941e-005,0.000000e+000,...
 2.920754e+003,2.920754e+003,3.940516e-005,0.000000e+000;...
1.856300e+000,2.760582e+003,2.755324e+003,5.297727e+000,...
 8.656211e-003,0.000000e+000,0.000000e+000,...
 2.728014e+003,2.735012e+003,4.025131e-005,0.000000e+000,...
 2.754943e+003,2.754943e+003,4.188824e-005,0.000000e+000;...
1.856300e+000,2.809332e+003,2.804074e+003,5.297727e+000,...
 8.656211e-003,0.000000e+000,0.000000e+000,...
 2.776376e+003,2.783498e+003,4.025594e-005,0.000000e+000,...
 2.803695e+003,2.803695e+003,4.188824e-005,0.000000e+000;...
2.000000e+000,2.379616e+003,2.374024e+003,5.598351e+000,...
 9.457478e-003,0.000000e+000,0.000000e+000,...
 2.370131e+003,2.375773e+003,4.719822e-005,0.000000e+000,...
 2.373750e+003,2.373750e+003,4.827500e-005,0.000000e+000;...
2.200000e+000,1.944762e+003,1.939146e+003,5.597634e+000,...
 1.056582e-002,0.000000e+000,0.000000e+000,...
 1.935006e+003,1.939193e+003,5.758052e-005,0.000000e+000,...
 1.938864e+003,1.938864e+003,5.842857e-005,0.000000e+000;...
2.500000e+000,1.465460e+003,1.459987e+003,5.451146e+000,...
 1.215521e-002,0.000000e+000,0.000000e+000,...
 1.459882e+003,1.462661e+003,7.489263e-005,0.000000e+000,...
 1.459800e+003,1.459800e+003,7.752000e-005,0.000000e+000;...
2.800000e+000,1.143376e+003,1.138167e+003,5.177764e+000,...
 1.376324e-002,0.000000e+000,0.000000e+000,...
 1.136271e+003,1.138201e+003,9.437973e-005,0.000000e+000,...
 1.138036e+003,1.138036e+003,9.694133e-005,0.000000e+000;...
3.200000e+000,8.461690e+002,8.414374e+002,4.721331e+000,...
 1.587239e-002,0.000000e+000,0.000000e+000,...
 8.405636e+002,8.418130e+002,1.234725e-004,0.000000e+000,...
 8.413616e+002,8.413616e+002,1.256987e-004,0.000000e+000;...
3.500000e+000,6.880664e+002,6.837889e+002,4.261792e+000,...
 1.736763e-002,0.000000e+000,0.000000e+000,...
 6.834474e+002,6.843760e+002,1.470371e-004,0.000000e+000,...
 6.837142e+002,6.837142e+002,1.511469e-004,0.000000e+000;...
4.000000e+000,5.080742e+002,5.048720e+002,3.185232e+000,...
 1.986104e-002,0.000000e+000,0.000000e+000,...
 5.042751e+002,5.048744e+002,1.907487e-004,0.000000e+000,...
 5.048214e+002,5.048214e+002,1.935893e-004,0.000000e+000;...
4.369600e+000,4.139439e+002,4.120560e+002,1.848529e+000,...
 2.158760e-002,0.000000e+000,0.000000e+000,...
 4.086030e+002,4.090474e+002,2.253938e-004,0.000000e+000,...
 4.120187e+002,4.120187e+002,2.305866e-004,0.000000e+000;...
4.369600e+000,9.131045e+002,9.112167e+002,1.848529e+000,...
 2.158760e-002,0.000000e+000,0.000000e+000,...
 9.072018e+002,9.081887e+002,2.254034e-004,0.000000e+000,...
 9.111327e+002,9.111327e+002,2.305866e-004,0.000000e+000;...
4.500000e+000,8.720016e+002,8.688712e+002,3.117842e+000,...
 2.217570e-002,0.000000e+000,0.000000e+000,...
 8.679639e+002,8.688807e+002,2.380395e-004,0.000000e+000,...
 8.687778e+002,8.687778e+002,2.445714e-004,0.000000e+000;...
4.625500e+000,8.244944e+002,8.210294e+002,3.454312e+000,...
 2.273704e-002,0.000000e+000,0.000000e+000,...
 8.155577e+002,8.163958e+002,2.505102e-004,0.000000e+000,...
 8.209460e+002,8.209460e+002,2.579489e-004,0.000000e+000;...
4.625500e+000,1.137760e+003,1.134295e+003,3.454312e+000,...
 2.273704e-002,0.000000e+000,0.000000e+000,...
 1.128459e+003,1.129618e+003,2.505203e-004,0.000000e+000,...
 1.115941e+003,1.115941e+003,2.579489e-004,0.000000e+000;...
5.000000e+000,9.523912e+002,9.471339e+002,5.214565e+000,...
 2.441318e-002,0.000000e+000,0.000000e+000,...
 9.463157e+002,9.472151e+002,2.894613e-004,0.000000e+000,...
 9.322857e+002,9.322857e+002,2.976714e-004,0.000000e+000;...
5.247200e+000,8.476984e+002,8.424650e+002,5.197598e+000,...
 2.550766e-002,0.000000e+000,0.000000e+000,...
 8.376224e+002,8.383810e+002,3.165882e-004,0.000000e+000,...
 8.299256e+002,8.299256e+002,3.236012e-004,0.000000e+000;...
5.247200e+000,9.885712e+002,9.833378e+002,5.197598e+000,...
 2.550766e-002,0.000000e+000,0.000000e+000,...
 9.783367e+002,9.792227e+002,3.165994e-004,0.000000e+000,...
 9.684756e+002,9.684756e+002,3.236012e-004,0.000000e+000;...
5.500000e+000,8.765899e+002,8.703050e+002,6.260776e+000,...
 2.662843e-002,0.000000e+000,0.000000e+000,...
 8.700137e+002,8.707653e+002,3.453776e-004,0.000000e+000,...
 8.577142e+002,8.577142e+002,3.500390e-004,0.000000e+000;...
6.300000e+000,6.233055e+002,6.171640e+002,6.118828e+000,...
 2.980434e-002,0.000000e+000,0.000000e+000,...
 6.168838e+002,6.173487e+002,4.396216e-004,0.000000e+000,...
 6.093651e+002,6.093651e+002,4.569615e-004,0.000000e+000;...
6.564600e+000,5.672432e+002,5.612689e+002,5.934582e+000,...
 3.080802e-002,0.000000e+000,0.000000e+000,...
 5.550247e+002,5.554261e+002,4.724925e-004,0.000000e+000,...
 5.545001e+002,5.545001e+002,4.933823e-004,0.000000e+000;...
6.564600e+000,6.006034e+002,5.946292e+002,5.934582e+000,...
 3.080802e-002,0.000000e+000,0.000000e+000,...
 5.883434e+002,5.887689e+002,4.725051e-004,0.000000e+000,...
 5.866204e+002,5.866204e+002,4.933823e-004,0.000000e+000;...
6.953100e+000,5.174896e+002,5.114676e+002,5.982137e+000,...
 3.227768e-002,0.000000e+000,0.000000e+000,...
 5.095904e+002,5.099382e+002,5.225872e-004,0.000000e+000,...
